EUROPEAN CLIMATE ASSESSMENT & DATASET (ECA&D), file created on: 16-11-2020
THESE DATA CAN BE USED FOR NON-COMMERCIAL RESEARCH AND EDUCATION PROVIDED THAT THE FOLLOWING SOURCE IS ACKNOWLEDGED: 

Klein Tank, A.M.G. and Coauthors, 2002. Daily dataset of 20th-century surface
air temperature and precipitation series for the European Climate Assessment.
Int. J. of Climatol., 22, 1441-1453.
Data and metadata available at http://www.ecad.eu

FILE FORMAT (MISSING VALUE CODE = -999999):

THIS FILE HOLDS DATA FOR STATION NORWAY                                   UTSIRA FYR                               (STAID:    194)
LATITUDE: dd:mm:ss +59:18:28
LONGITUDE: ddd:mm:ss +004:52:41
ELEVATION: m   55

DATA IS FOR INDEX Mean of daily average relative humidity (RH) with unit 0.01 Relative humidity (%)

01-06 SOUID: Source identifier
08-11 YEAR : YYYY
13-20 ANNUAL DATA VALUES
21-28 WINTER HALF YEAR DATA VALUES
29-36 SUMMER HALF YEAR DATA VALUES
37-44 WINTER (DJF) DATA VALUES
45-52 SPRING (MAM) DATA VALUES
53-60 SUMMER (JJA) DATA VALUES
61-68 AUTUMN (SON) DATA VALUES
69-76 JANUARY DATA VALUES
etc. 
157-164 DECEMBER DATA VALUES

194    1951 8046    -999999 8155    -999999 8017    8173    7710    8200    8125    7600    8353    8110    7970    8403    8139    7947    7555    7633    8513    
194    1952 8000    7894    8118    8397    7963    8049    7614    8261    8417    7010    8940    7971    8133    8052    7965    7660    7245    7950    8442    
194    1953 8607    8319    8510    8593    8816    8461    8453    8984    8329    8952    8473    9013    8363    8487    8529    8180    8697    8473    8748    
194    1954 8733    8462    8781    8262    8620    8933    8973    8068    7939    8797    8683    8381    9047    9116    8639    8827    9116    8970    9152    
194    1955 8557    8702    8677    8724    8514    8652    8560    9039    7904    7961    8887    8706    8580    8613    8761    8513    8448    8723    8500    
194    1956 8271    8419    8299    8360    8336    8215    8299    8355    8217    8265    8303    8439    8190    8210    8245    8410    8084    8410    8132    
194    1957 8734    8554    8674    8681    8725    8762    8626    8855    9096    8794    8897    8490    8657    9132    8494    8370    8761    8743    8542    
194    1958 8416    8322    8545    8377    8118    8546    8756    8374    8196    7316    8323    8723    8287    8606    8735    8580    8787    8900    8158    
194    1959 8348    8682    8358    8634    8487    8215    8209    8726    9061    8506    8940    8029    8037    8503    8100    8557    8110    7963    7723    
194    1960 7907    7839    8138    7811    7874    8398    7488    7703    8021    7529    8107    7994    8683    8403    8116    7523    7184    7767    7881    
194    1961 8252    8059    8269    8230    8262    8386    8141    7768    9129    8719    7783    8268    8410    8500    8248    8397    7897    8137    7839    
194    1962 8204    8007    8345    8068    8160    8402    8179    8526    7814    7813    8227    8442    8330    8513    8361    8190    8661    7670    7845    
194    1963 8169    7990    8151    7840    8385    8000    8282    7871    7800    8061    8440    8655    8243    7952    7813    7803    8684    8347    8326    
194    1964 8604    8362    8809    8657    8588    8672    8358    8948    8700    7187    9400    9203    9197    8529    8306    8233    8381    8460    8732    
194    1965 8597    8566    8793    8751    8562    8863    8480    8742    8782    8319    8930    8448    9200    8426    8974    8800    8977    7647    7942    
194    1966 8498    8338    8468    8120    8457    8577    8595    8129    8307    9003    7477    8858    8497    8816    8416    8723    8639    8420    8642    
194    1967 8671    8840    8501    8872    8871    8398    8490    9103    8871    9355    8703    8548    8527    8284    8387    8563    8300    8613    8810    
194    1968 8204    8514    8078    8526    8093    8254    8054    8365    8397    8597    8000    7681    8070    8023    8665    8027    8397    7727    8477    
194    1969 8234    8055    8155    8268    7964    8029    8814    8410    7879    7416    8420    8071    7820    8416    7845    8363    9171    8897    8081    
194    1970 8626    8762    8485    8509    8487    8625    8710    8400    9104    8955    8463    8042    8523    8735    8613    8533    8794    8800    8590    
194    1971 8702    8682    8563    8658    8518    8600    8798    8813    8561    8529    8490    8535    8557    8745    8497    8550    8942    8897    9284    
194    1972 9049    8828    9180    8940    8923    9191    9062    8371    9179    8319    9403    9061    9277    9229    9071    9047    8939    9203    9519    
194    1973 -999999 9274    9221    9329    9157    9425    -999999 9226    9232    9519    8587    9345    9333    9490    9448    9103    9174    -999999 8403    
194    1974 7797    -999999 7561    8719    7235    7572    7700    8755    9029    6968    7940    6819    7330    7668    7710    7913    7281    7920    8352    
194    1975 7871    7968    7705    8353    7618    7765    7852    8442    8257    7581    7537    7735    7920    8071    7310    7657    8158    7730    8071    
194    1976 7780    7832    7841    8036    7563    7962    7760    7706    8352    7006    8000    7697    7823    7819    8239    7460    7461    8370    7481    
194    1977 8245    7871    8166    7694    8125    8305    8458    7745    7875    8310    7967    8094    8393    8506    8019    8013    8800    8550    8635    
194    1978 8211    8657    8272    8508    8527    8325    8168    8674    8182    9048    8610    7926    8403    8506    8068    8127    8555    7810    6623    
194    1979 7827    7655    7991    7270    7779    8116    7758    7665    7550    7726    7610    7997    7997    8268    8081    7983    7132    8180    7726    
194    1980 7867    7587    8111    7760    7736    7998    7860    7632    7934    6958    8357    7913    8477    7687    7845    8420    7606    7563    8058    
194    1981 7896    7895    7914    7971    7772    8179    7727    8442    7354    8284    7720    7310    8157    8161    8219    7917    7561    7710    7858    
194    1982 7866    8039    7714    8148    8397    7274    7585    8252    8354    8519    8287    8381    7047    7581    7187    7803    7239    7723    8052    
194    1983 7779    7770    7868    7848    8192    7826    7414    8184    7250    8119    8073    8381    7897    7658    7926    7263    7387    7593    7558    
194    1984 7786    7150    8136    7166    7645    8245    7843    6613    7338    6435    8610    7919    7720    8626    8371    7550    8397    7563    8268    
194    1985 8480    8166    8512    8316    8157    8795    8369    8423    8250    8087    8153    8229    8807    8735    8842    8297    9203    7580    9100    
194    1986 8828    8496    8882    8270    9008    8965    9031    8323    7293    9332    8330    9339    9290    8958    8658    8707    9184    9197    9181    
194    1987 8919    8848    8992    8789    8840    8943    9053    8645    8514    8345    9067    9116    9117    8626    9094    8937    8781    9450    9332    
194    1988 8683    9079    8612    9204    8271    8917    8507    9190    9083    8648    8110    8048    9070    8819    8868    8760    8197    8573    8842    
194    1989 8684    8949    8475    9161    8676    8612    8451    9416    9232    9448    7990    8568    8260    8471    9094    8443    8526    8380    8377    
194    1990 8378    8865    8083    9011    8522    8215    7822    9100    9614    9248    8667    7655    8283    8210    8155    7537    7877    8050    8223    
194    1991 8305    8143    8352    8097    8461    8432    8174    8819    7157    8632    8183    8558    8473    8448    8374    8067    8010    8450    8371    
194    1992 8013    8291    8091    8432    8003    8124    7629    8539    8383    8003    7933    8071    7657    8323    8377    8170    6865    7877    7968    
194    1993 -999999 7735    7434    8054    7335    7847    -999999 8106    8093    7539    7070    7387    7487    8197    7845    6580    -999999 7213    8168    
194    1994 8733    -999999 8806    8128    8880    8914    8682    8523    7646    8981    9373    8303    9047    8942    8758    8427    8635    8987    9094    
194    1995 8859    9123    8730    9314    8855    8932    8609    9232    9650    9187    8827    8552    9000    8910    8887    8200    9235    8370    8300    
194    1996 8330    8253    8550    8076    8203    8833    8138    8129    7779    7677    8387    8552    9280    8939    8294    7843    8571    7987    8490    
194    1997 8529    8561    8479    8819    8396    8546    8252    8981    9004    8358    8293    8532    8650    8535    8455    8403    8374    7973    8810    
194    1998 8422    8543    8448    8798    8345    8545    8102    8516    9096    8526    8423    8087    8560    8752    8323    8550    7716    8053    8519    
194    1999 8377    8524    8281    8868    8322    8380    8178    9061    9039    8790    8507    7674    8597    8510    8042    8380    7761    8407    7832    
194    2000 8066    8116    8087    8091    8189    8229    7758    8213    8238    8261    8273    8035    8120    8377    8187    7517    8152    7593    7806    
194    2001 8060    7786    8176    7808    8000    8217    8045    7810    7807    7542    8083    8377    8503    7932    8226    7933    8316    7877    8294    
194    2002 7921    8447    7947    8706    8173    7970    7254    9248    8561    8381    8333    7810    7613    8455    7829    7633    6813    7330    7087    
194    2003 7998    7774    7915    7946    8189    7922    7654    8390    8404    8668    7753    8132    8150    7739    7884    7833    7358    7780    7903    
194    2004 8022    7842    7955    7982    7934    7877    8132    7787    8276    7971    7983    7848    8063    7897    7677    8273    7703    8433    8390    
194    2005 -999999 -999999 8497    8187    -999999 8820    7511    8329    7804    -999999 8243    8619    8783    8887    8787    7607    6465    8323    7461    
194    2006 8216    7714    8297    8026    7773    8435    8259    8319    8325    7268    8590    7487    8620    8452    8239    8420    8252    8107    8555    
194    2007 8405    8252    8479    8269    8434    8472    8398    8319    7896    8342    8790    8181    8233    8719    8455    8497    8368    8330    8687    
194    2008 8092    8505    7934    8657    8243    7827    7903    8381    8921    8368    8350    8016    7843    7810    7829    7760    7913    8037    7913    
194    2009 8239    8277    8307    8356    8598    8139    7881    8235    8979    8645    8840    8316    7610    8455    8335    8277    7429    7953    7858    
194    2010 8009    7875    8164    7642    8330    8400    7589    7239    7850    8919    8160    7906    8373    8552    8274    7710    8271    6763    8042    
194    2011 8380    8092    8372    8301    8482    8300    8349    9006    7807    8590    8690    8171    8377    8529    7997    8480    8006    8573    8294    
194    2012 7928    8332    7883    8199    8179    7978    7689    7761    8566    8813    7790    7923    8090    8113    7735    7643    7548    7880    7310    
194    2013 7765    7380    7891    7629    7243    7974    7863    7787    7807    6003    7743    8000    7940    8332    7648    7670    7977    7937    8345    
194    2014 7979    8123    7978    8057    8236    7995    7732    7197    8689    8642    7820    8232    8043    7974    7968    7820    7871    7500    8042    
194    2015 8060    7960    8111    8078    8186    8126    7832    7968    8239    8152    8363    8048    8160    8277    7942    7880    7568    8057    8094    
194    2016 7967    7912    8150    7766    8071    8346    7564    7384    7824    8545    7707    7948    8237    8345    8452    8200    6848    7667    8439    
194    2017 8045    7851    8129    8139    8158    8216    7741    8226    7711    8194    8037    8239    8390    8200    8065    7840    7832    7547    8223    
194    2018 7834    7675    7999    7920    7652    8078    7801    7803    7714    6929    8110    7932    8160    8271    7806    7713    7629    8067    7881    
194    2019 7922    8051    7878    8090    7620    8326    7537    7823    8618    8342    6937    7558    8543    8310    8132    7777    7661    7170    8226    
194    2020 -999999 8009    8106    8342    7979    8172    -999999 8510    8286    8194    7920    7823    8180    8123    8213    8383    7868    -999999 -999999 
