EUROPEAN CLIMATE ASSESSMENT & DATASET (ECA&D), file created on: 16-11-2020
THESE DATA CAN BE USED FOR NON-COMMERCIAL RESEARCH AND EDUCATION PROVIDED THAT THE FOLLOWING SOURCE IS ACKNOWLEDGED: 

Klein Tank, A.M.G. and Coauthors, 2002. Daily dataset of 20th-century surface
air temperature and precipitation series for the European Climate Assessment.
Int. J. of Climatol., 22, 1441-1453.
Data and metadata available at http://www.ecad.eu

FILE FORMAT (MISSING VALUE CODE = -999999):

THIS FILE HOLDS DATA FOR STATION IRELAND                                  DUBLIN PHOENIX PARK                      (STAID:    121)
LATITUDE: dd:mm:ss +53:21:50
LONGITUDE: ddd:mm:ss -006:19:09
ELEVATION: m   49

DATA IS FOR INDEX Mean of daily average relative humidity (RH) with unit 0.01 Relative humidity (%)

01-06 SOUID: Source identifier
08-11 YEAR : YYYY
13-20 ANNUAL DATA VALUES
21-28 WINTER HALF YEAR DATA VALUES
29-36 SUMMER HALF YEAR DATA VALUES
37-44 WINTER (DJF) DATA VALUES
45-52 SPRING (MAM) DATA VALUES
53-60 SUMMER (JJA) DATA VALUES
61-68 AUTUMN (SON) DATA VALUES
69-76 JANUARY DATA VALUES
etc. 
157-164 DECEMBER DATA VALUES

121    1941 -999999 -999999 -999999 -999999 -999999 -999999 -999999 -999999 -999999 -999999 -999999 -999999 -999999 -999999 -999999 -999999 -999999 8855    8903    
121    1942 8227    -999999 7934    8682    8058    8023    8320    8761    8350    8774    7560    7823    7880    7877    8306    8150    8316    8493    8419    
121    1943 8209    8403    8034    8439    8076    8009    8301    8526    8364    8297    8023    7906    7927    7984    8113    8253    8058    8600    8474    
121    1944 8189    8245    8035    8260    7858    8085    8493    8377    7907    8045    8140    7397    7713    8477    8052    8437    8432    8613    8661    
121    1945 8332    8424    8187    8502    8005    8208    8625    8503    8325    8003    7980    8032    7873    8274    8465    8490    8794    8587    8642    
121    1946 8172    8380    8089    8371    7858    8072    8409    8148    8318    7790    7813    7968    7907    7977    8326    8543    8229    8460    8600    
121    1947 8312    8346    8222    8277    8111    8434    8438    8165    8043    8555    7470    8287    8360    8477    8461    8260    8435    8620    8571    
121    1948 8220    8335    8091    8356    7883    8102    8578    8552    7917    7897    8030    7726    7967    8003    8332    8493    8490    8753    8477    
121    1949 8136    8396    7947    8320    7820    7949    8488    8532    7911    8174    7750    7532    7703    7874    8261    8567    8452    8447    8403    
121    1950 8175    8336    7998    8274    7964    8075    8302    8145    8275    8290    7750    7845    7807    8081    8329    8170    8290    8447    8658    
121    1951 8192    8445    7915    8589    7884    7879    8498    8577    8525    8177    7483    7977    7630    7919    8081    8390    8435    8670    8445    
121    1952 8160    8473    7937    8542    8026    7898    8147    8671    8507    8116    7823    8132    7747    7771    8171    7967    8245    8227    8539    
121    1953 8352    8428    8116    8520    8123    8114    8523    8648    8357    8539    7850    7971    8027    8042    8271    8540    8452    8580    8929    
121    1954 8292    8560    8068    8644    8052    8162    8465    8494    8496    8406    7720    8019    8137    8068    8281    8180    8616    8593    8494    
121    1955 8128    8305    8085    8350    7798    8222    8184    8274    8275    7584    7997    7819    8463    7948    8261    8030    8223    8297    8384    
121    1956 8205    8311    7983    8377    7755    8022    8603    8745    7976    8219    7697    7348    7487    8290    8271    8803    8500    8510    8590    
121    1957 8214    8480    8027    8413    8043    8067    8416    8277    8368    8623    7883    7619    7447    8406    8329    8467    8471    8310    8355    
121    1958 8387    8327    8335    8457    7827    8521    8692    8552    8464    7823    7660    7994    8520    8474    8568    8793    8445    8847    8526    
121    1959 8079    8477    7815    8489    7923    7798    8181    8545    8386    8116    7840    7810    7773    7716    7903    7850    8274    8417    8329    
121    1960 8240    8307    8027    8282    8028    8058    8478    8429    8076    8303    7787    7987    7790    8029    8345    8213    8794    8417    8674    
121    1961 8018    8377    7887    8412    7891    7766    8221    8484    8043    7823    8463    7406    7447    7852    7990    8177    8274    8210    8058    
121    1962 7983    8074    7821    8070    7698    7790    8343    8245    7889    7755    7787    7555    7293    8045    8016    8227    8400    8400    8171    
121    1963 7963    8047    7971    7847    7788    8083    8298    7603    7757    7932    7940    7497    8000    8129    8116    8150    8329    8413    7694    
121    1964 8084    8087    7931    7854    7933    7933    8395    8194    7662    8213    7857    7726    7917    7713    8168    8210    8658    8307    8352    
121    1965 8215    8207    8109    8132    7897    8168    8507    8161    7857    7874    7847    7968    8000    8342    8158    8337    8703    8473    8813    
121    1966 8262    8464    8087    8592    7868    8127    8501    8374    8589    7845    8320    7455    8307    7842    8239    8383    8616    8500    8719    
121    1967 8237    8372    8132    8484    7916    8078    8447    8652    8039    7677    7683    8381    7793    8052    8381    8490    8226    8633    8810    
121    1968 8258    8426    8104    8579    8005    8029    8469    8645    8262    7974    8103    7942    7893    8035    8155    8500    8703    8197    8677    
121    1969 8313    8557    8052    8674    8178    7922    8471    8926    8393    8416    7717    8387    7803    7784    8174    8443    8445    8527    8729    
121    1970 8226    8485    8015    8683    7879    8018    8448    8997    8286    7910    7830    7897    7903    7735    8413    8310    8419    8617    8397    
121    1971 8205    8440    8069    8448    8090    8072    8273    8597    8339    8265    8140    7868    7950    7868    8394    8197    8113    8513    8229    
121    1972 8165    8327    7903    8352    7964    7998    8248    8468    8359    8290    7647    7945    7817    8081    8090    7823    8258    8663    8526    
121    1973 8189    8386    7977    8593    7787    7950    8413    8687    8564    7642    7613    8100    7513    8135    8187    8297    8384    8560    8600    
121    1974 8184    8360    8014    8343    8021    7970    8437    7968    8475    8194    7960    7906    7843    8071    7990    8313    8381    8620    8516    
121    1975 8151    8439    7891    8583    7861    7860    8226    8410    8850    7903    8040    7645    7463    7881    8223    8090    8177    8413    8768    
121    1976 8025    8284    7709    8375    7809    7592    8348    8226    8114    8000    7550    7868    7410    7794    7568    8063    8468    8510    8716    
121    1977 8068    8458    7825    8674    7632    7945    8073    8700    8600    7771    7603    7519    7800    8006    8023    7997    8177    8040    8606    
121    1978 8127    8230    8035    8442    7949    8055    8189    8355    8357    7848    8060    7942    7823    8097    8239    8043    8355    8163    8255    
121    1979 8209    8119    8136    8081    8143    8034    8490    8006    7971    7952    8180    8300    8007    7777    8316    8233    8832    8393    8513    
121    1980 8303    8581    8156    8668    7909    8389    8241    8623    8883    8255    7900    7571    8480    8248    8442    8303    8477    7933    8542    
121    1981 8229    8313    8147    8414    8252    8143    8063    8529    8146    8223    8197    8335    7967    8106    8352    7913    8097    8177    8677    
121    1982 8059    8209    7869    8443    7542    8049    8255    8500    8121    7671    7493    7461    8240    7906    8006    8113    8297    8353    8552    
121    1983 8131    8247    8072    8211    8126    8028    8198    8232    7811    8200    7970    8203    7910    7916    8255    8170    7977    8453    8442    
121    1984 8179    8339    7892    8479    7738    8023    8379    8542    8452    8181    7520    7506    8043    7677    8348    8260    8303    8577    8742    
121    1985 8141    8296    8148    8342    7939    8201    8259    8381    7857    7884    7847    8084    7997    8255    8345    8350    8303    8123    8229    
121    1986 7990    8045    7963    7959    7742    8152    8095    8206    7386    7958    7740    7529    7857    8223    8368    8057    8171    8053    8268    
121    1987 8112    8209    7925    8267    7792    8145    8276    8171    8371    8232    7817    7329    8330    7923    8187    7973    8313    8540    8194    
121    1988 8050    8310    7868    8251    7968    7929    8023    8384    8169    8261    7990    7655    7937    7903    7948    7780    8174    8110    8281    
121    1989 7753    7933    7605    7910    7536    7608    8000    7803    7618    7587    7670    7355    7397    7565    7855    7793    8035    8170    8181    
121    1990 7911    7966    7718    8000    7638    7727    8249    8006    7793    7603    7647    7665    7610    7648    7919    7817    8316    8613    8287    
121    1991 7894    8264    7643    8154    7636    7802    7958    8023    8154    8190    7410    7300    7520    8055    7823    7740    8055    8077    8377    
121    1992 7853    8078    7642    8188    7779    7443    8038    8426    7731    7781    7623    7929    7613    7455    7268    7973    7916    8230    8287    
121    1993 7934    7962    7933    7969    7902    7826    8070    7642    7979    7726    8100    7887    8120    7794    7574    8143    7994    8077    8203    
121    1994 8508    8103    8410    8246    8061    8389    9047    8165    8382    7826    8077    8281    8097    8494    8568    8940    9000    9203    9061    
121    1995 8643    9074    8262    9162    8510    8042    8841    9271    9154    8765    8550    8216    7950    8345    7829    8693    8597    9240    9148    
121    1996 8887    9066    8538    9168    8760    8397    9132    9413    8928    9065    8797    8419    7887    8452    8835    8837    9113    9447    9442    
121    1997 8658    9019    8457    9108    8300    8479    8916    9390    8425    8255    8333    8313    8200    8445    8784    8663    8716    9377    8965    
121    1998 8768    8847    8689    8769    8641    8572    9032    8648    8686    8690    8673    8561    8600    8555    8561    9193    8768    9143    9145    
121    1999 8412    8936    8198    9058    8520    7960    8320    9055    8964    8552    8773    8242    7817    7842    8216    8307    8248    8407    8568    
121    2000 8266    8350    8075    8425    8047    8020    8515    8548    8141    8177    8073    7890    7773    8023    8255    8437    8335    8780    8745    
121    2001 8243    8559    7967    8673    8024    7889    8481    8681    8586    8239    8060    7774    7713    7784    8165    8310    8381    8757    8500    
121    2002 8251    8395    8060    8386    7949    8077    8562    8442    8196    8084    7833    7926    7867    8035    8323    8373    8565    8747    8606    
121    2003 8185    8475    7934    8451    8032    7905    8296    8313    8432    8190    7887    8013    7710    8029    7971    7990    8329    8567    8790    
121    2004 8210    8416    7986    8534    7939    7954    8458    8645    8141    8010    7930    7877    7690    7858    8306    8250    8410    8717    8668    
121    2005 8286    8472    8041    8454    8071    8048    8476    8400    8279    8348    8080    7784    7993    8126    8023    8247    8465    8717    8968    
121    2006 8223    8599    7923    8652    8127    7770    8444    8555    8411    8465    7780    8126    7683    7529    8094    8327    8603    8397    8700    
121    2007 8309    8480    8128    8573    7843    8370    8513    8358    8671    8165    7530    7826    8380    8432    8297    8300    8548    8690    8535    
121    2008 8340    8446    8111    8498    7800    8193    8737    8542    8410    7955    7827    7619    7767    8177    8623    8650    8677    8887    8942    
121    2009 8292    8611    8039    8673    8062    7958    8548    8510    8557    8097    8170    7923    7647    8135    8081    8280    8681    8680    8761    
121    2010 -999999 8586    -999999 8786    7655    -999999 -999999 8848    8743    7823    7517    7620    -999999 -999999 -999999 -999999 -999999 -999999 -999999 
121    2011 -999999 -999999 -999999 -999999 -999999 -999999 -999999 -999999 -999999 -999999 -999999 -999999 -999999 -999999 -999999 -999999 -999999 -999999 -999999 
121    2012 -999999 -999999 -999999 -999999 -999999 -999999 -999999 -999999 -999999 -999999 -999999 -999999 -999999 -999999 -999999 -999999 -999999 -999999 -999999 
121    2013 8092    -999999 7861    -999999 7429    8092    8526    8403    8161    7681    7120    7477    7957    8042    8274    8287    8610    8680    8403    
121    2014 8147    8513    7815    8552    7951    7645    8380    8810    8432    8139    7677    8029    7360    7594    7971    8253    8145    8750    8610    
121    2015 7808    8216    7474    8311    7480    7340    8132    8135    8175    7497    7410    7532    6903    7477    7626    7887    8145    8363    8555    
121    2016 8337    8425    8158    8611    8040    8223    8468    8806    8462    8216    8100    7806    8323    8068    8281    8383    8471    8550    8590    
121    2017 8095    8395    7766    8420    7667    7810    8447    8448    8200    8094    7417    7484    7660    7716    8048    8270    8452    8620    8732    
121    2018 7704    8325    7289    8301    7627    7098    7855    8316    7807    7984    7723    7177    6770    6981    7532    7553    7897    8113    8587    
121    2019 8007    8103    7737    8284    7632    7677    8488    8394    7829    7771    7730    7397    7640    7523    7868    8280    8381    8807    8468    
121    2020 -999999 8265    7757    8262    7304    8026    -999999 8265    8038    7635    7437    6845    7747    7984    8339    8197    -999999 -999999 -999999 
