EUROPEAN CLIMATE ASSESSMENT & DATASET (ECA&D), file created on: 16-11-2020
THESE DATA CAN BE USED FOR NON-COMMERCIAL RESEARCH AND EDUCATION PROVIDED THAT THE FOLLOWING SOURCE IS ACKNOWLEDGED: 

Klein Tank, A.M.G. and Coauthors, 2002. Daily dataset of 20th-century surface
air temperature and precipitation series for the European Climate Assessment.
Int. J. of Climatol., 22, 1441-1453.
Data and metadata available at http://www.ecad.eu

FILE FORMAT (MISSING VALUE CODE = -999999):

THIS FILE HOLDS DATA FOR STATION IRELAND                                  BIRR                                     (STAID:    120)
LATITUDE: dd:mm:ss +53:05:25
LONGITUDE: ddd:mm:ss -007:52:35
ELEVATION: m   70

DATA IS FOR INDEX Mean of daily average relative humidity (RH) with unit 0.01 Relative humidity (%)

01-06 SOUID: Source identifier
08-11 YEAR : YYYY
13-20 ANNUAL DATA VALUES
21-28 WINTER HALF YEAR DATA VALUES
29-36 SUMMER HALF YEAR DATA VALUES
37-44 WINTER (DJF) DATA VALUES
45-52 SPRING (MAM) DATA VALUES
53-60 SUMMER (JJA) DATA VALUES
61-68 AUTUMN (SON) DATA VALUES
69-76 JANUARY DATA VALUES
etc. 
157-164 DECEMBER DATA VALUES

120    1954 -999999 -999999 -999999 -999999 -999999 -999999 -999999 -999999 -999999 -999999 -999999 -999999 -999999 -999999 -999999 -999999 8833    8903    8813    
120    1955 8300    8619    8046    8716    7860    8112    8530    8642    8689    7858    7913    7810    8387    7906    8052    8223    8658    8703    8800    
120    1956 8384    8630    8136    8735    7828    8242    8731    9016    8366    8223    7713    7545    7947    8300    8471    8840    8671    8683    8816    
120    1957 8288    8667    7948    8708    7957    7937    8593    8797    8489    8529    7837    7500    7223    8352    8213    8557    8597    8627    8723    
120    1958 8535    8615    8293    8734    8027    8427    8833    8829    8643    8277    7743    8052    8340    8416    8523    8680    8677    9147    9094    
120    1959 8212    8785    7816    8891    7988    7859    8257    8994    8554    8235    8127    7606    7687    7942    7942    7590    8300    8880    8697    
120    1960 8488    8594    8193    8681    8061    8267    8796    8932    8397    8355    7960    7865    7977    8294    8523    8537    9058    8783    9145    
120    1961 8373    8757    8157    8827    8045    8170    8653    8894    8400    8229    8203    7706    8033    8206    8265    8540    8645    8773    8584    
120    1962 8288    8564    7978    8620    7895    7930    8678    8858    8396    8116    7803    7761    7517    7942    8319    8520    8703    8810    8703    
120    1963 8285    8601    8097    8510    8201    8118    8410    8658    8132    8558    8243    7803    7987    8081    8284    8190    8477    8560    8423    
120    1964 8324    8368    8091    8331    7955    8175    8652    8400    8159    8181    8023    7665    8083    8097    8342    8343    8774    8833    8981    
120    1965 8454    8701    8234    8859    8067    8220    8691    9052    8511    8042    8090    8071    8097    8274    8284    8593    8661    8820    8952    
120    1966 8360    8629    8121    8739    7991    8130    8634    8703    8543    8090    8353    7542    8197    8000    8197    8460    8781    8657    8823    
120    1967 8337    8548    8119    8657    7976    8091    8609    8839    8271    7897    7863    8165    7817    8187    8261    8410    8490    8930    8900    
120    1968 8287    8656    7926    8766    7936    7860    8564    8758    8631    8232    7983    7594    7773    7710    8094    8417    8765    8503    8987    
120    1969 8272    8658    7903    8820    7945    7834    8512    8874    8575    8232    7780    7816    7687    7852    7958    8327    8345    8870    8961    
120    1970 8388    8670    8113    8889    8080    8042    8575    9035    8646    8165    8150    7929    7807    7955    8358    8483    8490    8753    8900    
120    1971 8272    8631    7947    8721    7985    8010    8470    8700    8546    8394    7753    7800    7860    7787    8377    8100    8516    8793    8645    
120    1972 8311    8573    8060    8601    8096    8072    8464    8755    8390    8332    7880    8068    7880    8055    8274    8193    8419    8780    8690    
120    1973 8358    8549    8071    8764    7829    8102    8686    8784    8825    7832    7837    7819    7783    8139    8374    8470    8761    8823    8874    
120    1974 8290    8656    8018    8650    7870    8134    8615    8474    8596    8406    7493    7697    7793    8368    8229    8520    8597    8730    8584    
120    1975 8215    8516    7846    8524    7997    7642    8571    8497    8489    8203    8290    7506    7177    7710    8026    8380    8474    8863    8984    
120    1976 8233    8605    7815    8741    7997    7652    8509    8539    8697    8090    7707    8184    7730    7897    7332    8043    8619    8860    9113    
120    1977 8331    8789    7959    9000    7962    8003    8385    9068    8800    8277    8067    7545    7943    7977    8087    8143    8661    8340    9081    
120    1978 8363    8623    8101    8824    8042    8149    8493    8687    8693    8271    8017    7839    7783    8203    8448    8310    8558    8610    8945    
120    1979 8370    8631    8152    8783    8205    8066    8512    8955    8414    8284    8160    8171    7837    7884    8471    8390    8603    8540    8713    
120    1980 8361    8633    8077    8778    7933    8245    8463    8877    8741    8329    7987    7484    8247    8100    8387    8267    8545    8573    8813    
120    1981 8401    8624    8162    8693    8243    8139    8466    8765    8482    8552    7870    8297    8030    8203    8181    8387    8600    8407    9019    
120    1982 8377    8623    8085    8854    7929    8160    8624    8845    8682    8181    7860    7745    8240    7890    8352    8433    8674    8763    8881    
120    1983 8387    8679    8182    8647    8391    8042    8538    8781    8239    8694    8157    8316    8063    7871    8194    8497    8487    8633    8694    
120    1984 8236    8537    7802    8607    7714    7892    8630    8574    8548    8290    7577    7271    8107    7500    8077    8297    8590    9003    9016    
120    1985 8385    8651    8194    8692    8089    8246    8612    8965    8032    8252    8017    7997    7980    8274    8474    8417    8671    8747    8748    
120    1986 8253    8507    8109    8452    8071    8183    8348    8771    7771    8271    7837    8097    7900    8348    8290    8167    8439    8437    8645    
120    1987 8331    8520    8059    8646    8057    8133    8499    8635    8657    8319    8100    7752    8207    8023    8171    8110    8565    8820    8645    
120    1988 8390    8646    8083    8652    8138    8125    8577    8832    8466    8542    8007    7861    7927    8171    8271    8260    8719    8747    8858    
120    1989 8198    8596    7785    8606    7877    7730    8554    8574    8361    8297    7887    7448    7583    7484    8119    8200    8545    8917    8974    
120    1990 8195    8570    7906    8654    7859    7926    8481    8694    8257    8013    7957    7610    7813    7729    8232    8100    8574    8767    8594    
120    1991 8312    8615    8039    8637    8022    8142    8448    8619    8704    8445    7867    7748    7983    8255    8184    8197    8581    8563    8619    
120    1992 8343    8510    8087    8554    8048    8027    8642    8713    8314    8250    8050    7852    7830    8065    8181    8550    8726    8647    8926    
120    1993 8412    8610    8241    8676    8223    8224    8543    8332    8779    8268    8390    8016    8257    8252    8165    8377    8623    8627    8890    
120    1994 8488    8625    8216    8734    8108    8185    8887    8645    8661    8310    8143    7871    8070    8235    8245    8743    8723    9200    9035    
120    1995 8489    8931    8063    9039    8290    7874    8731    9155    8914    8565    8327    7981    7550    8342    7719    8467    8652    9077    9145    
120    1996 8438    8821    8069    8891    8157    8009    8747    9003    8500    8535    8110    7823    7533    8161    8316    8467    8839    8933    9016    
120    1997 8542    8753    8291    8798    8218    8293    8902    8945    8393    8365    8123    8165    8013    8319    8539    8583    8858    9267    8913    
120    1998 8542    8786    8380    8654    8359    8404    8741    8565    8468    8627    8247    8210    8440    8458    8316    8613    8635    8977    8948    
120    1999 8371    8690    8112    8817    8039    8028    8664    8839    8646    8097    8103    7919    7877    7961    8242    8577    8542    8877    8800    
120    2000 8371    8650    8057    8695    8023    8022    8709    8916    8345    8410    7893    7761    7803    8039    8216    8637    8594    8900    8932    
120    2001 8358    8680    8048    8769    8060    8012    8690    8794    8561    8297    8170    7716    7810    7945    8274    8380    8703    8987    8674    
120    2002 8407    8587    8171    8538    8020    8310    8660    8639    8275    8226    7753    8071    8220    8281    8426    8267    8813    8897    8994    
120    2003 8229    8548    7982    8623    7823    7965    8481    8545    8300    7726    7627    8110    7737    8306    7845    8257    8455    8733    9097    
120    2004 8318    8575    7992    8790    7864    7947    8725    8913    8331    7910    7963    7723    7733    7945    8155    8437    8768    8970    8961    
120    2005 8354    8692    8063    8740    7959    8120    8590    8687    8554    8206    8020    7652    7980    8248    8126    8357    8581    8833    9016    
120    2006 8276    8677    7874    8764    8066    7640    8712    8761    8489    8371    7690    8126    7213    7545    8148    8517    8839    8777    8823    
120    2007 8376    8658    8159    8710    7879    8358    8663    8568    8743    8210    7620    7800    8290    8342    8439    8460    8735    8790    8539    
120    2008 8408    8577    8112    8599    7810    8267    8789    8665    8593    8145    7790    7494    7833    8242    8713    8597    8684    9090    9048    
120    2009 8519    8742    8122    8848    8100    8064    8978    8813    8664    8155    8217    7932    7583    8255    8339    8403    9016    9513    9339    
120    2010 -999999 9136    -999999 9352    8036    -999999 -999999 9461    9246    8261    7937    7903    -999999 -999999 -999999 -999999 -999999 -999999 -999999 
120    2011 -999999 -999999 -999999 -999999 -999999 -999999 -999999 -999999 -999999 -999999 -999999 -999999 -999999 -999999 -999999 -999999 -999999 -999999 -999999 
120    2012 -999999 -999999 -999999 -999999 -999999 -999999 -999999 -999999 -999999 -999999 -999999 -999999 -999999 -999999 -999999 -999999 -999999 -999999 -999999 
120    2013 8133    -999999 7830    -999999 7775    7849    8411    8794    8325    8029    7447    7839    7797    7723    8026    8143    8513    8573    8387    
120    2014 8283    8447    7992    8438    8057    7949    8533    8565    8354    8287    7773    8100    7703    8010    8126    8230    8477    8893    8868    
120    2015 8288    8583    7977    8740    7895    7905    8655    8661    8686    7932    7677    8068    7633    8035    8039    8403    8671    8890    8787    
120    2016 8415    8755    8167    8858    8185    8165    8499    8977    8807    8406    8170    7977    8197    8110    8190    8367    8442    8690    8665    
120    2017 8420    8618    8065    8694    8098    8041    8726    8735    8682    8503    8017    7771    7903    7958    8258    8490    8729    8960    9045    
120    2018 8302    8766    7907    8794    8249    7603    8565    8871    8432    8532    8280    7935    7397    7252    8155    8433    8435    8830    9074    
120    2019 8396    8725    8054    8899    8053    8051    8689    9103    8479    8406    8220    7539    7923    7845    8381    8430    8616    9023    8797    
120    2020 -999999 8591    8009    8636    7550    8287    -999999 8690    8407    8016    7623    7013    7830    8358    8658    8573    -999999 -999999 -999999 
