EUROPEAN CLIMATE ASSESSMENT & DATASET (ECA&D), file created on: 16-11-2020
THESE DATA CAN BE USED FOR NON-COMMERCIAL RESEARCH AND EDUCATION PROVIDED THAT THE FOLLOWING SOURCE IS ACKNOWLEDGED: 

Klein Tank, A.M.G. and Coauthors, 2002. Daily dataset of 20th-century surface
air temperature and precipitation series for the European Climate Assessment.
Int. J. of Climatol., 22, 1441-1453.
Data and metadata available at http://www.ecad.eu

FILE FORMAT (MISSING VALUE CODE = -999999):

THIS FILE HOLDS DATA FOR STATION GERMANY                                  JENA STERNWARTE                          (STAID:     49)
LATITUDE: dd:mm:ss +50:55:36
LONGITUDE: ddd:mm:ss +011:35:03
ELEVATION: m  155

DATA IS FOR INDEX Mean of daily average relative humidity (RH) with unit 0.01 Relative humidity (%)

01-06 SOUID: Source identifier
08-11 YEAR : YYYY
13-20 ANNUAL DATA VALUES
21-28 WINTER HALF YEAR DATA VALUES
29-36 SUMMER HALF YEAR DATA VALUES
37-44 WINTER (DJF) DATA VALUES
45-52 SPRING (MAM) DATA VALUES
53-60 SUMMER (JJA) DATA VALUES
61-68 AUTUMN (SON) DATA VALUES
69-76 JANUARY DATA VALUES
etc. 
157-164 DECEMBER DATA VALUES

49     1824 -999999 -999999 -999999 -999999 -999999 -999999 -999999 -999999 -999999 -999999 -999999 -999999 -999999 -999999 -999999 -999999 -999999 -999999 5533    
49     1825 5134    -999999 4355    5715    4897    4016    5498    6074    5511    5626    4493    4545    3940    4048    4058    5067    5603    5820    6797    
49     1826 5160    6007    4347    6441    4815    4199    5329    6445    6043    5329    4453    4652    4120    4303    4171    4380    5339    6267    6461    
49     1827 5165    5781    4518    6029    4772    4399    5570    5790    5814    5032    4943    4345    4983    3881    4352    4637    5626    6447    6203    
49     1828 5351    6040    4746    6193    5080    4486    5695    6387    5976    5613    5177    4455    3933    4571    4935    5417    5603    6067    6087    
49     1829 5217    5928    4647    6176    4760    4429    5617    6348    6082    5400    4683    4194    4323    4452    4510    5786    5465    5610    5852    
49     1830 5068    5630    4594    5859    4745    4451    5302    6068    5636    5148    4583    4497    4543    4326    4487    5143    5216    5550    5661    
49     1831 5001    5514    4543    5704    4605    4437    5300    5994    5422    5229    4637    3952    4238    4397    4665    5380    5219    5303    5597    
49     1832 4866    5458    4133    5735    4225    4226    5174    6081    5514    5035    3907    3723    4230    4116    4332    4497    5210    5813    5939    
49     1833 7556    6920    7128    7473    7203    7092    7845    8777    7729    8094    7223    6294    6450    7348    7458    8007    7623    7913    7748    
49     1834 7395    7626    7108    7693    6890    7309    7522    7745    7575    7155    6990    6529    7147    7358    7416    7207    7458    7903    8261    
49     1835 7178    7661    6773    7898    7070    6483    7393    8100    7271    6942    6900    7361    6133    6694    6610    6930    7565    7680    7919    
49     1836 7550    7703    7131    7818    7157    6976    8152    7694    7841    7526    7443    6510    7417    6665    6861    7937    8019    8503    8235    
49     1837 -999999 -999999 -999999 -999999 -999999 -999999 -999999 -999999 -999999 -999999 -999999 -999999 -999999 -999999 -999999 -999999 -999999 -999999 -999999 
49     1838 -999999 -999999 -999999 -999999 -999999 -999999 -999999 -999999 -999999 -999999 -999999 -999999 -999999 -999999 -999999 -999999 -999999 -999999 -999999 
49     1839 -999999 -999999 -999999 -999999 -999999 -999999 -999999 -999999 -999999 -999999 -999999 -999999 -999999 -999999 -999999 -999999 -999999 -999999 -999999 
49     1840 -999999 -999999 -999999 -999999 -999999 -999999 -999999 -999999 -999999 -999999 -999999 -999999 -999999 -999999 -999999 -999999 -999999 -999999 -999999 
49     1841 -999999 -999999 -999999 -999999 -999999 -999999 -999999 -999999 -999999 -999999 -999999 -999999 -999999 -999999 -999999 -999999 -999999 -999999 -999999 
49     1842 -999999 -999999 -999999 -999999 -999999 -999999 -999999 -999999 -999999 -999999 -999999 -999999 -999999 -999999 -999999 -999999 -999999 -999999 -999999 
49     1843 -999999 -999999 -999999 -999999 -999999 -999999 -999999 -999999 -999999 -999999 -999999 -999999 -999999 -999999 -999999 -999999 -999999 -999999 -999999 
49     1844 -999999 -999999 -999999 -999999 -999999 -999999 -999999 -999999 -999999 -999999 -999999 -999999 -999999 -999999 -999999 -999999 -999999 -999999 -999999 
49     1845 -999999 -999999 -999999 -999999 -999999 -999999 -999999 -999999 -999999 -999999 -999999 -999999 -999999 -999999 -999999 -999999 -999999 -999999 -999999 
49     1846 -999999 -999999 -999999 -999999 -999999 -999999 -999999 -999999 -999999 -999999 -999999 -999999 -999999 -999999 -999999 -999999 -999999 -999999 -999999 
49     1847 -999999 -999999 -999999 -999999 -999999 -999999 -999999 -999999 -999999 -999999 -999999 -999999 -999999 -999999 -999999 -999999 -999999 -999999 -999999 
49     1848 -999999 -999999 -999999 -999999 -999999 -999999 -999999 -999999 -999999 -999999 -999999 -999999 -999999 -999999 -999999 -999999 -999999 -999999 -999999 
49     1849 -999999 -999999 -999999 -999999 -999999 -999999 -999999 -999999 -999999 -999999 -999999 -999999 -999999 -999999 -999999 -999999 -999999 -999999 -999999 
49     1850 -999999 -999999 -999999 -999999 -999999 -999999 -999999 -999999 -999999 -999999 -999999 -999999 -999999 -999999 -999999 -999999 -999999 -999999 -999999 
49     1851 -999999 -999999 -999999 -999999 -999999 -999999 -999999 -999999 -999999 -999999 -999999 -999999 -999999 -999999 -999999 -999999 -999999 -999999 -999999 
49     1852 -999999 -999999 -999999 -999999 -999999 -999999 -999999 -999999 -999999 -999999 -999999 -999999 -999999 -999999 -999999 -999999 -999999 -999999 -999999 
49     1853 -999999 -999999 -999999 -999999 -999999 -999999 -999999 -999999 -999999 -999999 -999999 -999999 -999999 -999999 -999999 -999999 -999999 -999999 -999999 
49     1854 -999999 -999999 -999999 -999999 -999999 -999999 -999999 -999999 -999999 -999999 -999999 -999999 -999999 -999999 -999999 -999999 -999999 -999999 -999999 
49     1855 -999999 -999999 -999999 -999999 -999999 -999999 -999999 -999999 -999999 -999999 -999999 -999999 -999999 -999999 -999999 -999999 -999999 -999999 -999999 
49     1856 -999999 -999999 -999999 -999999 -999999 -999999 -999999 -999999 -999999 -999999 -999999 -999999 -999999 -999999 -999999 -999999 -999999 -999999 -999999 
49     1857 -999999 -999999 -999999 -999999 -999999 -999999 -999999 -999999 -999999 -999999 -999999 -999999 -999999 -999999 -999999 -999999 -999999 -999999 -999999 
49     1858 -999999 -999999 -999999 -999999 -999999 -999999 -999999 -999999 -999999 -999999 -999999 -999999 -999999 -999999 -999999 -999999 -999999 -999999 -999999 
49     1859 -999999 -999999 -999999 -999999 -999999 -999999 -999999 -999999 -999999 -999999 -999999 -999999 -999999 -999999 -999999 -999999 -999999 -999999 -999999 
49     1860 -999999 -999999 -999999 -999999 -999999 -999999 -999999 -999999 -999999 -999999 -999999 -999999 -999999 -999999 -999999 -999999 -999999 -999999 -999999 
49     1861 -999999 -999999 -999999 -999999 -999999 -999999 -999999 -999999 -999999 -999999 -999999 -999999 -999999 -999999 -999999 -999999 -999999 -999999 -999999 
49     1862 -999999 -999999 -999999 -999999 -999999 -999999 -999999 -999999 -999999 -999999 -999999 -999999 -999999 -999999 -999999 -999999 -999999 -999999 -999999 
49     1863 -999999 -999999 -999999 -999999 -999999 -999999 -999999 -999999 -999999 -999999 -999999 -999999 -999999 -999999 -999999 -999999 -999999 -999999 -999999 
49     1864 -999999 -999999 -999999 -999999 -999999 -999999 -999999 -999999 -999999 -999999 -999999 -999999 -999999 -999999 -999999 -999999 -999999 -999999 -999999 
49     1865 -999999 -999999 -999999 -999999 -999999 -999999 -999999 -999999 -999999 -999999 -999999 -999999 -999999 -999999 -999999 -999999 -999999 -999999 -999999 
49     1866 -999999 -999999 -999999 -999999 -999999 -999999 -999999 -999999 -999999 -999999 -999999 -999999 -999999 -999999 -999999 -999999 -999999 -999999 -999999 
49     1867 -999999 -999999 -999999 -999999 -999999 -999999 -999999 -999999 -999999 -999999 -999999 -999999 -999999 -999999 -999999 -999999 -999999 -999999 -999999 
49     1868 -999999 -999999 -999999 -999999 -999999 -999999 -999999 -999999 -999999 -999999 -999999 -999999 -999999 -999999 -999999 -999999 -999999 -999999 -999999 
49     1869 -999999 -999999 -999999 -999999 -999999 -999999 -999999 -999999 -999999 -999999 -999999 -999999 -999999 -999999 -999999 -999999 -999999 -999999 -999999 
49     1870 -999999 -999999 -999999 -999999 -999999 -999999 -999999 -999999 -999999 -999999 -999999 -999999 -999999 -999999 -999999 -999999 -999999 -999999 -999999 
49     1871 -999999 -999999 -999999 -999999 -999999 -999999 -999999 -999999 -999999 -999999 -999999 -999999 -999999 -999999 -999999 -999999 -999999 -999999 -999999 
49     1872 -999999 -999999 -999999 -999999 -999999 -999999 -999999 -999999 -999999 -999999 -999999 -999999 -999999 -999999 -999999 -999999 -999999 -999999 -999999 
49     1873 -999999 -999999 -999999 -999999 -999999 -999999 -999999 -999999 -999999 -999999 -999999 -999999 -999999 -999999 -999999 -999999 -999999 -999999 -999999 
49     1874 -999999 -999999 -999999 -999999 -999999 -999999 -999999 -999999 -999999 -999999 -999999 -999999 -999999 -999999 -999999 -999999 -999999 -999999 -999999 
49     1875 -999999 -999999 -999999 -999999 -999999 -999999 -999999 -999999 -999999 -999999 -999999 -999999 -999999 -999999 -999999 -999999 -999999 -999999 -999999 
49     1876 -999999 -999999 -999999 -999999 -999999 -999999 -999999 -999999 -999999 -999999 -999999 -999999 -999999 -999999 -999999 -999999 -999999 -999999 -999999 
49     1877 -999999 -999999 -999999 -999999 -999999 -999999 -999999 -999999 -999999 -999999 -999999 -999999 -999999 -999999 -999999 -999999 -999999 -999999 -999999 
49     1878 -999999 -999999 -999999 -999999 -999999 -999999 4626    -999999 -999999 -999999 -999999 -999999 -999999 2616    2713    3110    4074    6713    8565    
49     1879 8274    7496    7782    8723    7761    7759    8587    8994    8600    8110    7897    7281    7690    7829    7755    8257    8561    8943    9394    
49     1880 8013    8644    7638    8892    7429    7738    8303    8871    8379    7706    7490    7094    7543    7506    8158    8043    8494    8367    8506    
49     1881 8275    8674    7757    8984    7830    7603    8541    9497    8946    8252    7943    7300    7643    7365    7803    8517    8555    8550    8981    
49     1882 8056    8367    7727    8581    7347    7683    8668    8700    8007    7381    7140    7513    7300    7752    7984    8670    8794    8537    8871    
49     1883 7986    8590    7578    8584    7814    7448    8188    8613    8236    8455    7880    7110    7030    7671    7629    8160    8258    8143    8652    
49     1884 8078    8276    7746    8408    7665    7862    8392    8394    8162    8035    7843    7123    7823    7823    7939    7937    8471    8767    8623    
49     1885 8073    8543    7567    8599    7597    7601    8486    8877    8264    8235    7027    7510    7243    7910    7639    8063    8306    9093    8694    
49     1886 8131    8673    7657    8801    7687    7813    8320    8700    9032    8258    7550    7248    7960    7816    7668    7710    8474    8770    8455    
49     1887 7853    8531    7304    8602    7673    7126    8078    9010    8314    8152    7137    7713    7007    7135    7232    7593    8097    8543    8306    
49     1888 7818    8364    7260    8497    7180    7364    8155    8548    8645    8068    7577    5910    7080    7406    7597    8020    8310    8130    8568    
49     1889 7968    8322    7413    8489    7797    7147    8316    8548    8336    8035    8103    7261    6743    7181    7503    7693    8671    8573    8984    
49     1890 7862    8558    7266    8777    7309    7364    7835    8503    8850    7794    7067    7058    7140    7181    7765    7377    7552    8587    9523    
49     1891 7777    8383    7367    8868    7251    7550    7936    8713    8314    7610    7597    6558    7903    7603    7155    7413    7955    8440    8119    
49     1892 7310    8069    6583    8121    6661    6534    7771    8129    8114    7674    6150    6142    6823    6432    6355    7623    7461    8240    8619    
49     1893 7146    7963    6310    8482    6241    6265    7670    8887    7882    6687    5690    6329    5907    6145    6732    7050    7597    8367    8497    
49     1894 7664    7837    7461    8029    7115    7397    8178    8100    7432    7006    7150    7190    7080    7287    7813    8250    8213    8070    8352    
49     1895 7813    8437    7207    8819    7483    7159    7726    9003    9132    7910    7263    7268    7340    6848    7294    7233    7871    8070    8610    
49     1896 7914    8152    7567    8551    7293    7561    8216    8768    8255    7345    7797    6755    7200    7526    7945    8193    7987    8477    8739    
49     1897 8039    8365    7720    8720    7718    7490    8362    9048    8336    7606    7480    8061    7230    7442    7790    8313    8410    8360    8397    
49     1898 7843    8270    7492    8273    7816    7261    8267    8448    7943    8032    7847    7571    6907    7381    7484    7767    8645    8377    7706    
49     1899 7596    7785    7501    7607    7117    7532    7933    7706    7386    6871    6940    7535    7273    7777    7535    7933    7994    7870    8294    
49     1900 7780    8059    7301    8259    7130    7438    8227    8500    7954    7729    6737    6913    7417    7494    7403    7847    8019    8823    8535    
49     1901 7430    8083    6999    8009    6960    7015    7954    7723    7743    7645    6537    6684    6717    7103    7216    7740    8294    7817    7939    
49     1902 7555    7886    7108    7943    7007    7101    8069    7929    7964    7377    6733    6900    6693    7023    7574    7717    8329    8153    8271    
49     1903 7378    7673    7122    7700    6788    7099    7910    7661    7111    6471    6967    6932    6873    7258    7158    7547    7726    8463    8352    
49     1904 7242    8064    6527    8079    7015    6189    7834    7958    7917    7971    6560    6500    6530    5971    6077    7557    7916    8027    7958    
49     1905 7614    7893    7046    7927    7162    6843    8313    7919    7900    7642    7220    6626    6470    6858    7190    7927    8403    8607    8623    
49     1906 7784    8182    7414    8163    7190    7447    8393    7806    8050    7606    6597    7348    7387    7532    7419    8200    8500    8477    8500    
49     1907 7669    8270    7079    8392    6991    6971    8340    8461    8196    7487    6983    6503    6490    7571    6835    8103    8439    8473    8513    
49     1908 7919    8319    7539    8378    7651    7510    8065    8448    8159    7877    7983    7103    7220    7268    8032    7637    8174    8380    8742    
49     1909 7616    8324    6947    8593    6745    7083    8242    8442    8596    7635    6617    5977    7020    7206    7019    7863    7958    8913    8232    
49     1910 7927    8097    7754    8008    7420    7795    8400    7929    7846    7706    7280    7268    7443    7942    7987    8603    8365    8233    8510    
49     1911 7433    8127    6857    8201    7462    6355    7732    8261    7793    7571    7437    7377    6563    6371    6139    7277    7810    8107    8519    
49     1912 7576    8003    7276    8236    6847    7478    8042    8258    7910    7410    6540    6581    7273    7226    7929    8110    8084    7930    7665    
49     1913 7598    7652    7451    7624    7010    7557    8076    7945    7225    7032    6763    7226    7137    7829    7690    8047    8123    8057    8058    
49     1914 7739    7924    7427    7937    7159    7629    8316    7990    7743    7561    6547    7348    7530    7742    7613    7767    8794    8373    7832    
49     1915 7636    8100    7133    7858    7213    7063    8252    7958    7775    7845    7497    6306    6000    7039    8116    7837    8855    8043    8335    
49     1916 7882    8284    7566    8091    7602    7651    8137    7916    8017    8510    7253    7032    7403    7761    7781    8170    8045    8200    8490    
49     1917 7446    8130    6981    8284    7090    6977    7581    8281    8061    7700    6933    6632    6197    7094    7616    7400    7600    7743    8106    
49     1918 7616    7703    7238    7864    7195    7165    8157    7965    7486    7300    7523    6771    6453    7277    7742    7660    8429    8373    8387    
49     1919 7653    8251    7090    8306    7253    7096    8107    8352    8164    7794    7320    6648    6727    7352    7197    7300    8416    8593    8003    
49     1920 7894    7953    7593    7879    7137    7550    8667    7981    7638    7087    7133    7190    7200    7629    7810    8600    8726    8673    9045    
49     1921 7669    8234    7357    8444    7191    7239    8074    7948    8329    6706    7070    7794    7497    7165    7065    7553    8103    8563    8300    
49     1922 -999999 8347    7768    8449    7567    7900    8270    8606    8439    8087    7817    6806    7627    7755    8310    8310    8287    8213    -999999 
49     1923 7780    -999999 7345    -999999 7520    7314    7971    8048    8118    8010    7360    7184    7660    7029    7265    7590    8094    8227    8803    
49     1924 8047    8554    7655    9011    7676    7545    8177    9226    9003    7987    7603    7435    7527    7187    7919    8270    8139    8123    8181    
49     1925 7436    7877    7165    7751    7158    7147    7974    7839    7179    7742    7030    6697    6520    7087    7813    7840    7981    8100    7371    
49     1926 7659    7772    7434    7821    7012    7729    7813    7816    8325    7103    6467    7448    7700    7848    7639    7483    8074    7873    8165    
49     1927 7557    7716    7371    7781    7007    7548    7815    7861    7268    7019    7313    6697    7133    7823    7674    7583    7797    8067    8416    
49     1928 7254    7670    6859    7796    6901    6613    7675    7571    7372    6794    7340    6584    6373    6281    7177    7417    7671    7937    8539    
49     1929 7303    7919    6831    8186    6933    6925    7486    8187    7793    7374    6683    6732    6940    6771    7065    6793    7729    7927    7661    
49     1930 7475    7636    7217    7736    7276    6864    7755    7716    7839    6971    7580    7287    6527    6797    7258    7867    7923    7470    8490    
49     1931 7528    7709    7387    8038    6846    7436    8003    7613    8007    6774    6850    6913    7287    7458    7558    8263    7752    8003    7916    
49     1932 7569    7719    7311    7822    7040    7343    7936    8052    7476    7110    6683    7316    6940    7765    7313    7833    7732    8250    8329    
49     1933 7570    7731    7281    7922    6950    7260    8067    7839    7564    6674    6740    7429    7320    7184    7277    7737    7871    8600    8606    
49     1934 7716    8269    7115    8347    7299    7048    8132    8284    8129    8119    6927    6839    6843    6874    7419    7797    8171    8427    8774    
49     1935 7720    8331    7211    8502    7573    6978    7986    8897    7764    7900    7597    7223    6987    6755    7194    7530    8106    8317    8361    
49     1936 8014    8198    7779    8174    8025    7649    8144    7874    8293    8245    7770    8052    7527    7771    7645    7907    8084    8443    8568    
49     1937 7938    8229    7585    8299    7634    7617    8271    8074    8250    7961    7610    7329    7387    7465    7994    7723    8548    8533    8397    
49     1938 7561    8129    7272    8040    7304    7253    7727    7813    7896    7577    7470    6871    6837    7435    7474    7543    7726    7913    8194    
49     1939 7927    7886    7591    7983    7539    7383    8684    8013    7718    7739    7250    7619    7027    7074    8035    8543    8913    8587    8571    
49     1940 7803    8537    7360    8563    7435    7337    8002    8865    8231    8039    7313    6948    6940    7503    7555    7903    8258    7837    8232    
49     1941 7836    8258    7419    8549    7401    7417    8077    8674    8761    7823    7453    6929    6950    7303    7984    7897    8274    8053    7984    
49     1942 7428    7885    6978    7882    6767    7082    7976    7581    8104    7339    6420    6532    6933    7077    7229    7677    7987    8263    8052    
49     1943 7224    7596    6766    7613    6436    6580    8123    7455    7304    6510    6640    6165    6970    6248    6535    8083    8142    8143    8535    
49     1944 7814    8151    7403    8284    7250    7538    8234    8006    8310    7777    7213    6758    7420    7584    7606    7843    8613    8233    8419    
49     1945 -999999 8166    -999999 8193    -999999 -999999 7940    8190    7946    7577    -999999 -999999 -999999 7326    7965    7663    7832    8327    7910    
49     1946 7331    7831    6976    7703    7159    6983    7278    7597    7593    7719    6597    7142    7020    6829    7100    7163    7371    7297    8532    
49     1947 7263    7758    6533    8109    6727    6539    7618    7923    7846    7571    6450    6152    6507    6681    6429    6990    7723    8137    8777    
49     1948 7353    8085    6801    8408    6828    6886    7554    8223    8210    7452    6180    6832    6063    7303    7265    7130    7439    8097    8039    
49     1949 7428    7794    6977    7927    7052    6774    7932    8026    7693    7471    6550    7119    7183    6529    6623    7877    7735    8190    8171    
49     1950 7566    7924    7139    7967    7360    6997    7904    8010    7693    7729    7213    7132    6697    7165    7119    7510    8029    8170    8319    
49     1951 7609    8002    7287    8128    6913    7496    8046    8174    7864    7448    5933    7326    7503    7271    7713    7963    8103    8070    7929    
49     1952 7458    7775    6929    7788    6958    6635    8174    7774    7652    7123    6717    7026    6747    6190    6971    7943    8084    8497    8784    
49     1953 7672    8385    7144    8886    7007    7289    7668    9071    8793    7126    6737    7148    7813    7058    7013    7100    8306    7577    8387    
49     1954 7459    7839    7094    7864    6996    7132    7940    7629    7546    7552    6943    6490    6477    7432    7465    7753    7839    8230    8145    
49     1955 7643    7889    7403    8012    6865    7711    8023    8148    7714    7252    6723    6616    7280    7990    7848    7950    7929    8193    8068    
49     1956 7704    7930    7442    8008    7179    7525    8095    7842    8121    7448    7600    6503    7553    7474    7548    7997    8126    8160    8116    
49     1957 7687    8041    7293    8186    7173    7178    8196    8313    8121    7423    7393    6710    6553    7316    7645    8147    8219    8220    8206    
49     1958 7717    7948    7332    7837    7361    7302    8323    7797    7471    7739    7280    7061    7113    7239    7548    7757    8274    8940    8368    
49     1959 7339    8182    6746    8173    7005    6737    7459    7955    8200    7384    6817    6810    6217    6584    7394    6640    7239    8507    8365    
49     1960 7588    7984    7078    8053    7293    6940    8043    8229    7531    8019    6787    7058    6550    6571    7687    7813    8442    7860    8465    
49     1961 7549    7912    7375    8048    7461    7127    7830    7955    7689    7039    7510    7835    7060    6935    7384    7527    7726    8240    7703    
49     1962 7426    7699    7039    7592    7123    6952    7910    7455    7621    7461    6917    6984    6437    7371    7032    7487    7868    8377    8110    
49     1963 7632    8012    7219    8084    7255    7048    7990    8010    8139    7590    7310    6868    6997    6719    7426    8017    8061    7890    8594    
49     1964 7479    8192    6750    8375    7324    6566    7765    8529    7976    8077    7090    6797    6400    6142    7152    6923    8087    8273    8294    
49     1965 7853    8244    7385    8414    7495    7305    8207    8539    8411    7877    7543    7065    7267    7284    7365    7800    8394    8420    8316    
49     1966 7860    8208    7537    8211    7559    7461    8303    8152    8161    7806    7870    7010    7193    7571    7610    7980    8413    8513    8074    
49     1967 7536    7895    7265    7782    6862    7327    8109    7974    7246    7103    6910    6574    7357    7019    7606    8143    7765    8430    8294    
49     1968 7650    8051    7246    8268    7000    7243    8097    8100    8421    7335    6520    7129    6973    7055    7694    8100    7974    8220    8306    
49     1969 7658    8092    7274    8169    7387    7173    7905    8248    7929    7861    7257    7039    7127    7029    7361    7843    8187    7677    8342    
49     1970 7664    8047    7286    8209    7537    7127    7862    8287    7975    7794    7470    7345    6697    6965    7706    7530    8139    7907    8145    
49     1971 7336    7904    6884    8031    7080    6649    7532    8019    7918    7300    6910    7026    7400    6084    6487    7433    7300    7870    8352    
49     1972 7669    7810    7476    8231    7176    7428    8000    8268    8062    7029    7103    7394    7227    7381    7671    8080    7923    8000    7903    
49     1973 7418    7943    6996    8110    7116    6933    7501    8523    7882    7426    7090    6832    6963    7139    6697    7267    7919    7303    7981    
49     1974 7588    7748    7256    7939    7132    7395    7882    7932    7900    7452    6583    7342    7443    7145    7597    7413    8377    7840    8032    
49     1975 7574    7946    7153    7917    7237    7111    8066    7848    7864    7703    7153    6852    7190    6848    7297    7593    8442    8150    7965    
49     1976 7230    7946    6576    8033    6570    6348    8023    8071    8066    7000    6470    6235    6180    5916    6942    7733    8129    8203    7852    
49     1977 7657    7964    7442    7983    7176    7621    7702    8329    7746    7513    6987    7023    7743    7110    8013    7780    7887    7433    8306    
49     1978 7498    7701    7139    7967    7070    6972    7980    7832    7739    7003    6783    7413    6753    6797    7358    7723    8194    8017    8365    
49     1979 7495    8026    7156    8123    7089    7178    7835    8087    7896    7584    7263    6426    7003    7187    7339    7733    7871    7900    7687    
49     1980 7391    7749    7108    7816    6820    7200    7755    8006    7752    7284    7177    6010    6957    7668    6968    7893    7632    7743    7629    
49     1981 7441    7638    7153    7742    6950    7172    7779    7923    7668    7242    6720    6881    6787    7142    7574    7810    7761    7767    8023    
49     1982 7062    7631    6465    7828    6396    6525    7477    7835    7604    6797    5990    6387    6547    6400    6629    6837    8087    7487    8155    
49     1983 7093    7614    6799    7706    7012    6597    7190    7284    7675    7000    6850    7181    6417    6310    7058    6973    6897    7710    7806    
49     1984 7316    7392    7046    7569    6929    6965    7757    7284    7621    7061    6567    7148    6633    6739    7513    7667    7710    7897    7961    
49     1985 7161    7718    6672    7740    6760    6674    7615    8003    7204    7487    6363    6416    6623    6552    6845    7237    7752    7853    7584    
49     1986 7218    7643    6969    7589    7171    6778    7362    7516    7675    7487    7297    6732    7000    6439    6903    7470    7235    7383    7535    
49     1987 7422    7507    7024    7754    6782    7129    7823    7923    7811    7181    6323    6826    7270    6729    7394    7607    7590    8280    8165    
49     1988 7166    7811    6563    7789    6592    6729    7577    7629    7559    7642    6283    5842    7023    6745    6429    7080    7852    7790    8129    
49     1989 7007    7619    6590    7846    6477    6422    7448    7752    7636    6565    6857    6023    6373    6529    6361    7423    7210    7720    7713    
49     1990 6977    7169    6605    7162    6393    6541    7681    7190    6521    6613    6660    5916    6973    6216    6448    7457    7513    8080    8135    
49     1991 7239    7702    6814    7752    7162    6698    7385    7503    7604    7377    7030    7074    6787    6503    6806    6683    7432    8037    8048    
49     1992 7202    7731    6575    7938    6455    6637    7730    8039    7714    7123    6343    5897    6577    6819    6513    7317    7929    7937    8235    
49     1993 7344    7737    6917    7859    6601    6960    8115    7361    7993    6997    6213    6581    6950    7035    6894    7837    7955    8560    7819    
49     1994 7278    7788    6840    7768    6918    6566    7880    7777    7700    6935    7053    6771    6267    6574    6848    7540    7732    8373    7810    
49     1995 7418    7604    7092    7579    6836    7014    8060    7645    7250    6806    6933    6771    7340    6852    6861    7820    8255    8100    8387    
49     1996 7630    8034    7299    8114    7248    7264    7957    8339    7583    7513    6773    7442    7043    7261    7481    7783    8245    7833    8219    
49     1997 7350    7881    6914    7951    6801    7084    7584    8471    7079    7361    6417    6613    6530    7523    7181    7203    7577    7970    8203    
49     1998 7238    7481    6981    7540    6813    6763    8020    7329    7039    6739    6963    6742    6900    6900    6494    7917    7739    8413    7697    
49     1999 7355    7726    7049    7589    7139    6975    7792    7519    7546    7445    7290    6687    7087    6916    6926    7407    7716    8257    7506    
49     2000 7263    7708    6799    7602    6839    6642    7815    7926    7359    7481    6657    6374    6220    7103    6590    7860    7752    7837    7984    
49     2001 7433    7791    6932    7849    6976    6840    8036    8100    7421    7616    6843    6465    7157    6606    6768    7783    8045    8280    8119    
49     2002 7492    7703    7244    7663    7101    7154    7933    7697    7121    6916    6900    7481    6940    6877    7639    7617    7865    8320    8494    
49     2003 7028    7866    6375    8030    6466    6123    7790    7877    7686    6955    5890    6535    6183    6390    5797    7467    7865    8037    7697    
49     2004 7342    7556    6998    7546    6934    6962    7760    7694    7228    6813    6733    7248    6967    7123    6797    7117    7842    8320    8210    
49     2005 7323    7796    6869    7864    6754    6827    7878    7516    7868    7042    6430    6781    6597    6529    7348    7530    7903    8200    8168    
49     2006 7267    7994    6704    8108    6916    6621    7586    8181    7961    7555    6787    6403    6583    5813    7465    7190    7900    7657    7748    
49     2007 7178    7510    6718    7520    6392    6847    7923    7058    7779    6948    5877    6335    6750    6626    7161    7560    8142    8060    7877    
49     2008 7161    7548    6770    7480    6823    6413    7812    7281    7269    6655    7223    6603    6453    6335    6452    7587    7948    7897    8252    
49     2009 7366    7877    6834    8057    6945    6721    7662    8010    7893    7268    6723    6822    7021    6839    6323    7300    7965    7710    8461    
49     2010 7500    7851    7054    8176    6999    6824    7996    8335    7682    6929    6297    7748    6323    6365    7768    7800    7842    8350    8535    
49     2011 7242    7853    6747    8073    6309    6943    7954    8297    7314    6745    6190    5987    6690    6881    7252    7487    7871    8507    7687    
49     2012 7187    7666    6679    7610    6454    6815    7697    7665    7469    6810    6317    6232    7063    7029    6361    7083    7803    8200    8226    
49     2013 7469    7979    6958    8199    7148    6665    7955    8042    8343    7303    6653    7471    6983    6313    6710    7630    7748    8493    8016    
49     2014 7588    7850    7170    7928    7082    6883    8421    8455    7246    7103    7060    7081    6550    6835    7252    8253    8232    8783    8181    
49     2015 7315    8054    6646    8010    6586    6527    8133    8019    7811    7297    6293    6158    6583    6229    6771    7870    8577    7937    8265    
49     2016 7514    8077    6809    8091    6988    6751    8184    8226    7762    7671    6807    6481    7127    6671    6468    7330    8745    8457    8429    
49     2017 7411    8107    7060    8170    6897    6911    7957    8145    7911    6945    6853    6890    6623    6994    7106    7900    7858    8117    7632    
49     2018 6950    7654    6212    7623    6663    5872    7538    7923    7282    7094    6550    6342    6177    5510    5939    6783    7597    8233    8003    
49     2019 7041    7608    6437    7624    6770    6120    7764    7887    6914    6965    6383    6948    6000    5781    6574    6933    7955    8397    7726    
49     2020 -999999 7536    6381    7455    6097    6484    -999999 7774    6824    6519    5453    6297    7003    5868    6597    7080    7923    -999999 -999999 
