EUROPEAN CLIMATE ASSESSMENT & DATASET (ECA&D), file created on: 16-11-2020
THESE DATA CAN BE USED FOR NON-COMMERCIAL RESEARCH AND EDUCATION PROVIDED THAT THE FOLLOWING SOURCE IS ACKNOWLEDGED: 

Klein Tank, A.M.G. and Coauthors, 2002. Daily dataset of 20th-century surface
air temperature and precipitation series for the European Climate Assessment.
Int. J. of Climatol., 22, 1441-1453.
Data and metadata available at http://www.ecad.eu

FILE FORMAT (MISSING VALUE CODE = -999999):

THIS FILE HOLDS DATA FOR STATION RUSSIAN FEDERATION                       KOJNAS                                   (STAID:     81)
LATITUDE: dd:mm:ss +64:45:00
LONGITUDE: ddd:mm:ss +047:39:00
ELEVATION: m   63

DATA IS FOR INDEX Mean of daily average relative humidity (RH) with unit 0.01 Relative humidity (%)

01-06 SOUID: Source identifier
08-11 YEAR : YYYY
13-20 ANNUAL DATA VALUES
21-28 WINTER HALF YEAR DATA VALUES
29-36 SUMMER HALF YEAR DATA VALUES
37-44 WINTER (DJF) DATA VALUES
45-52 SPRING (MAM) DATA VALUES
53-60 SUMMER (JJA) DATA VALUES
61-68 AUTUMN (SON) DATA VALUES
69-76 JANUARY DATA VALUES
etc. 
157-164 DECEMBER DATA VALUES

81     1936 7867    -999999 7185    -999999 7060    7045    8943    8390    7903    7668    6443    7048    6010    7516    7574    8497    9058    9270    8994    
81     1937 7912    8830    7117    8828    7198    7003    8731    8906    8557    8184    7153    6255    6587    7423    6987    8323    9029    8830    8745    
81     1938 7923    8584    7311    8504    7251    7211    8885    8406    8346    8132    7120    6497    7023    6642    7961    8650    8800    9207    8342    
81     1939 8080    8445    7562    8294    7328    7500    9007    8281    8257    7787    7310    6887    6893    7555    8032    8703    9048    9267    8952    
81     1940 7922    8577    7390    8354    7402    7086    8965    7974    8121    8094    7280    6829    6660    6897    7687    9010    8710    9183    8645    
81     1941 8084    8457    7739    8419    7311    7704    9134    8235    8371    7610    7123    7194    8160    6826    8142    9027    9303    9067    8013    
81     1942 8027    8434    7566    8201    7170    7653    8793    8239    8368    7626    7357    6532    6693    7868    8368    8577    9090    8703    8910    
81     1943 7887    8570    7252    8619    7450    6786    8730    8406    8532    7777    7847    6739    6213    6168    7958    8617    8671    8903    8877    
81     1944 8096    8682    7517    8886    7461    7323    8846    8990    8783    7881    7223    7271    6753    7355    7842    8660    8910    8967    8532    
81     1945 7954    8514    7480    8501    7263    7333    8818    8587    8371    7719    7253    6816    6633    7471    7871    8843    8900    8707    8306    
81     1946 7925    8443    7228    8381    7432    6950    8666    8723    8086    7913    7520    6865    6743    6519    7581    8163    8655    9180    9171    
81     1947 7934    8664    7233    8799    7423    6904    8773    8916    8257    7781    7250    7232    6407    6887    7403    8227    9045    9037    8771    
81     1948 7942    8528    7317    8401    7053    7448    8848    8306    8107    7890    7243    6032    6540    7442    8332    8320    9084    9133    8868    
81     1949 8004    8719    7402    8807    7226    7375    8663    8942    8589    7697    7153    6826    7257    6845    8019    8330    8839    8813    8784    
81     1950 7972    8543    7363    8480    7391    7182    8830    8116    8546    8171    7113    6881    6867    7339    7329    8667    9074    8740    8861    
81     1951 8008    8617    7394    8682    7184    7274    8824    8694    8471    7852    7037    6658    6730    7503    7571    8880    8648    8950    9135    
81     1952 8089    8698    7562    8833    7590    7285    8785    8929    8407    8110    7530    7129    6307    7194    8323    8890    8742    8723    8777    
81     1953 7883    8484    7258    8391    7332    7168    8596    8487    7857    8261    7233    6497    5893    7532    8039    8343    8600    8843    8965    
81     1954 7860    8360    7361    8440    7295    6903    8968    8248    8071    7419    7480    6990    6583    6387    7729    9030    9226    8640    8542    
81     1955 7863    8437    7245    8431    7111    7021    8725    8626    8093    7468    6777    7077    6510    6916    7619    8577    8845    8750    9090    
81     1956 7959    8707    7339    8913    6959    7540    8557    8935    8700    7923    6487    6452    6163    7990    8423    8490    8706    8470    8745    
81     1957 7784    8363    7167    8547    6817    7061    8752    8429    8457    7384    6657    6406    6973    6687    7519    8790    9174    8277    8703    
81     1958 7702    8318    7178    8414    6917    7149    8585    8335    8182    7223    6213    7294    6667    6681    8084    8110    8835    8800    8010    
81     1959 7767    8324    7136    8343    6743    7038    8835    8671    8350    7294    6533    6397    6590    6787    7723    8803    8894    8807    8397    
81     1960 7521    8286    6760    8177    6413    6702    8632    8126    7997    7494    6127    5610    6840    6103    7168    8760    8465    8677    8932    
81     1961 8025    8593    7408    8802    7285    7252    8908    8755    8711    8032    6737    7068    6623    6706    8406    8910    9103    8703    8574    
81     1962 7943    8573    7266    8586    6927    7252    8971    8803    8357    7877    6797    6103    6557    7261    7916    8977    8868    9073    8752    
81     1963 7804    8378    7275    8417    6596    7449    8815    8252    8229    7103    6333    6342    6793    7390    8142    8650    8816    8980    8642    
81     1964 7857    8508    7294    8509    7276    6948    8786    8365    8521    7739    7397    6697    6420    6894    7513    8870    8877    8607    8429    
81     1965 7873    8460    7205    8321    7053    7302    8682    8294    8232    8303    6017    6806    6297    7290    8287    8507    9039    8490    8877    
81     1966 7652    8280    7210    8009    7196    7020    8764    7645    7450    8106    7173    6306    6463    6648    7929    8767    8710    8817    7813    
81     1967 7646    8141    7084    7832    6972    7013    8675    7942    7732    7813    6747    6348    6287    7106    7623    8397    8765    8860    8132    
81     1968 7699    8250    7346    8000    7182    7334    8321    7842    8028    7877    7017    6645    6380    7426    8165    8437    8177    8353    8048    
81     1969 7875    7793    7660    7644    7152    7763    8803    7519    7336    7297    7217    6945    7287    7781    8206    8527    8726    9160    8468    
81     1970 7932    8538    7161    8513    7211    6838    9035    8571    8500    7823    6870    6929    6140    6794    7558    8683    9290    9123    8923    
81     1971 8119    8715    7711    8719    7551    7551    8762    9032    8146    7732    7463    7455    7417    7029    8203    8717    8668    8903    8671    
81     1972 7990    8491    7304    8443    7564    6877    8980    8194    8466    8058    7953    6694    6460    6745    7413    8593    9271    9067    9000    
81     1973 7800    8773    6997    8769    7133    6796    8703    8481    8832    8000    7030    6365    6120    6623    7623    8233    8961    8907    8494    
81     1974 7645    8435    6975    8248    7239    6673    8421    8106    8132    7994    6873    6839    5880    6461    7652    8147    8587    8523    8561    
81     1975 7842    8405    7243    8440    7360    7141    8423    8487    8254    8006    7350    6723    6970    6703    7745    7983    8442    8843    8626    
81     1976 7736    8320    7202    8352    6973    7220    8485    8239    8179    7597    6957    6365    7040    6852    7761    8257    8481    8717    8416    
81     1977 7674    8148    7137    8077    6911    7077    8689    7932    7861    7474    6523    6723    6283    6865    8058    8360    8684    9023    8303    
81     1978 7672    8457    7002    8209    7080    6943    8620    8332    7968    8403    6987    5848    5807    6916    8071    8390    8755    8710    7874    
81     1979 7971    8190    7477    8029    7076    7530    8915    8161    8054    7587    6690    6939    7123    7142    8313    8657    8990    9097    8900    
81     1980 7822    8556    7211    8590    7167    6938    8609    8345    8521    7500    7343    6665    6063    7139    7584    8483    8423    8927    8903    
81     1981 8051    8604    7378    8964    7114    7210    9002    8971    9025    7429    7207    6710    7003    7023    7597    8757    8952    9300    8735    
81     1982 7934    8582    7376    8290    7507    7226    8723    7700    8450    8365    7550    6606    7047    6816    7810    8457    8574    9143    8752    
81     1983 8122    8664    7478    8676    7437    7393    8952    8716    8546    8258    7670    6390    6703    7474    7981    8667    9319    8857    8900    
81     1984 7838    8547    7324    8366    7005    7468    8714    8548    7600    8006    6843    6161    6540    7739    8097    8563    8939    8633    8345    
81     1985 7628    8160    7072    7929    7096    6704    8871    7713    7707    7594    6983    6706    5890    6484    7713    8667    9155    8783    8145    
81     1986 7746    8370    7247    8163    7348    7013    8648    8458    7857    7784    7250    7006    6393    7074    7552    8210    8900    8827    7642    
81     1987 7733    8158    7337    7874    7028    7308    8465    7845    8164    7594    6610    6868    6723    7548    7632    8637    8226    8540    8439    
81     1988 7767    8301    7154    8466    7172    7005    8414    8361    8607    7661    7177    6677    5970    6903    8110    8080    8561    8597    8516    
81     1989 7867    8375    7245    8400    7090    7224    8802    8303    8379    7900    6893    6471    5990    8016    7626    8460    9068    8870    8432    
81     1990 7982    8577    7517    8422    7474    7515    8520    7994    8886    8252    7040    7116    7003    7487    8039    8417    8655    8483    8474    
81     1991 7925    8310    7519    8249    7534    7292    8723    7968    8311    7974    7577    7052    7163    7132    7577    8640    8748    8780    8235    
81     1992 7831    8315    7320    8196    7048    7246    8698    7987    8376    7781    6483    6861    6650    6952    8116    8857    8771    8463    8684    
81     1993 8075    8438    7682    8466    7459    7710    8688    8406    8289    8003    7327    7042    7697    7087    8345    8613    8687    8763    8668    
81     1994 7798    8474    7277    8428    7293    7183    8367    8461    8125    8113    6987    6771    7160    6684    7703    8380    8635    8077    8490    
81     1995 7818    8259    7381    8506    6846    7568    8475    8410    8629    7345    6820    6371    6957    7581    8148    8410    8429    8587    8197    
81     1996 7870    8208    7296    8298    6765    7650    8627    8645    8034    7358    6897    6045    7040    7826    8065    7903    9042    8923    8648    
81     1997 7850    8466    7295    8221    7608    6927    8711    7990    8004    8158    7337    7319    6260    7006    7494    8357    9052    8713    8500    
81     1998 7885    8429    7392    8400    7254    7302    8656    8761    7889    7613    7423    6732    6700    7097    8090    8317    9000    8640    8339    
81     1999 7871    8345    7250    8209    7212    7089    8777    8065    8225    7797    7027    6806    6457    6861    7929    8423    9090    8807    8974    
81     2000 7829    8715    7170    8820    7290    6908    8602    8655    8831    7942    7180    6745    6417    6255    8035    8403    8984    8407    8132    
81     2001 7631    8153    7055    7973    7062    6810    8629    8210    7536    7600    6603    6968    5730    6826    7839    8347    8635    8903    8339    
81     2002 7781    8432    7106    8392    6948    6985    8854    8303    8550    7890    6037    6887    6313    6468    8152    8773    9097    8683    8245    
81     2003 7913    8476    7207    8261    7242    7197    8731    8235    8307    8277    7000    6442    7350    6255    7990    8233    8771    9187    8945    
