EUROPEAN CLIMATE ASSESSMENT & DATASET (ECA&D), file created on: 16-11-2020
THESE DATA CAN BE USED FOR NON-COMMERCIAL RESEARCH AND EDUCATION PROVIDED THAT THE FOLLOWING SOURCE IS ACKNOWLEDGED: 

Klein Tank, A.M.G. and Coauthors, 2002. Daily dataset of 20th-century surface
air temperature and precipitation series for the European Climate Assessment.
Int. J. of Climatol., 22, 1441-1453.
Data and metadata available at http://www.ecad.eu

FILE FORMAT (MISSING VALUE CODE = -999999):

THIS FILE HOLDS DATA FOR STATION RUSSIAN FEDERATION                       ONEGA                                    (STAID:     90)
LATITUDE: dd:mm:ss +63:54:00
LONGITUDE: ddd:mm:ss +038:07:00
ELEVATION: m   11

DATA IS FOR INDEX Mean of daily average relative humidity (RH) with unit 0.01 Relative humidity (%)

01-06 SOUID: Source identifier
08-11 YEAR : YYYY
13-20 ANNUAL DATA VALUES
21-28 WINTER HALF YEAR DATA VALUES
29-36 SUMMER HALF YEAR DATA VALUES
37-44 WINTER (DJF) DATA VALUES
45-52 SPRING (MAM) DATA VALUES
53-60 SUMMER (JJA) DATA VALUES
61-68 AUTUMN (SON) DATA VALUES
69-76 JANUARY DATA VALUES
etc. 
157-164 DECEMBER DATA VALUES

90     1936 7758    -999999 6985    -999999 7341    6690    8513    8710    8317    8155    7123    6739    6073    7339    6639    8007    8645    8883    8477    
90     1937 7692    8544    6912    8516    7233    6621    8466    8697    8357    8197    6933    6558    6190    7010    6648    8150    8726    8513    8358    
90     1938 7980    8559    7405    8516    7558    7353    8510    8558    8643    8565    7450    6627    7660    6877    7532    8300    8306    8930    8352    
90     1939 8001    8414    7430    8326    7518    7340    8657    8161    8479    8281    7323    6945    6453    7697    7842    8310    8716    8943    8874    
90     1940 7805    8398    7305    8210    7280    7175    8600    7819    7917    8103    7327    6413    6703    7100    7706    8603    8290    8917    8784    
90     1941 8076    8533    7586    8622    7546    7454    8749    8603    8464    8145    7650    6845    7583    6639    8145    8690    8732    8827    8639    
90     1942 8084    8634    7455    8730    7693    7236    8599    8855    8693    8068    8020    7003    6480    7394    7810    8027    8952    8807    8929    
90     1943 7855    8596    7158    8760    7335    6799    8525    8835    8489    7561    7853    6606    6410    6300    7674    8137    8516    8923    9006    
90     1944 7992    8619    7490    8838    7574    7168    8576    8781    8721    7784    7670    7271    6990    6932    7577    8520    8477    8733    8497    
90     1945 8142    8409    7845    8428    7916    7527    8709    8206    8596    7971    8107    7677    7180    7361    8029    8730    8894    8497    8497    
90     1946 8275    8482    7934    8422    7672    7984    8866    8632    8107    8232    7870    6919    7290    7881    8758    8893    8542    9173    8994    
90     1947 7961    8544    7475    8533    7710    7192    8489    8645    7900    7968    7767    7397    6550    7277    7729    8133    8494    8840    8803    
90     1948 7958    8535    7353    8597    7437    7228    8681    8619    8352    8100    7770    6452    6647    6935    8084    8250    8745    9047    8513    
90     1949 7881    8565    7294    8637    7135    7346    8338    8658    8750    7713    7433    6268    7633    6639    7774    8057    8110    8857    8784    
90     1950 7944    8553    7236    8647    7526    7068    8556    8694    8443    8429    7253    6887    6737    7113    7345    8093    8687    8883    8787    
90     1951 7670    8326    7092    8469    6785    6965    8456    8416    8175    7013    6890    6455    6660    7042    7184    8340    8339    8693    8874    
90     1952 7903    8400    7377    8560    7327    7135    8554    8548    8238    7706    7363    6913    6543    7058    7784    8610    8439    8617    9026    
90     1953 7841    8495    7135    8634    7210    7170    8300    8629    8207    8029    7310    6294    5960    7635    7874    7723    8439    8733    9239    
90     1954 8097    8664    7549    8962    7546    7343    8785    8852    8779    7955    7903    6790    7290    6890    7848    8607    8977    8763    8584    
90     1955 7957    8737    7395    8744    7862    6995    8452    8865    8789    8448    7317    7803    6417    7200    7348    8277    8442    8637    7987    
90     1956 7839    8210    7254    8029    7060    7404    8581    8432    7641    8100    6717    6352    6277    7552    8348    8263    8726    8750    8855    
90     1957 8043    8570    7497    8713    7509    7215    8705    8645    8632    7826    7683    7023    6787    6984    7861    8663    8829    8620    9003    
90     1958 7965    8589    7365    8822    7480    7122    8492    8732    8721    7642    6927    7855    6960    6594    7806    8043    8613    8817    8903    
90     1959 7855    8679    7078    8987    7083    6847    8688    8987    9079    7716    7247    6290    6380    6819    7326    8433    8806    8820    8452    
90     1960 7588    8312    6923    8275    6635    6801    8553    8203    8162    7435    6367    6094    6893    6413    7100    8713    8106    8853    8765    
90     1961 8227    8590    7760    8791    7614    7830    8707    8816    8793    8232    7330    7271    7070    7829    8568    8480    9000    8630    8716    
90     1962 8048    8653    7450    8659    7189    7551    8758    8677    8575    8313    7230    6026    7037    7703    7897    8833    8655    8790    8881    
90     1963 7915    8647    7246    8776    7315    7252    8425    8845    8582    8129    7150    6661    7227    6955    7574    7930    8552    8790    8632    
90     1964 7899    8533    7367    8524    7673    7048    8516    8458    8479    8290    7827    6906    6757    6958    7419    8363    8700    8480    8177    
90     1965 7787    8380    7073    8327    6937    7122    8549    8374    8439    8119    5987    6674    6243    7039    8055    8423    8629    8593    8871    
90     1966 7781    8305    7371    8207    7349    7241    8603    8023    7675    7990    7580    6484    6627    7187    7890    8477    8632    8700    8106    
90     1967 7874    8393    7203    8369    7254    7086    8654    8532    8479    7929    7187    6645    6680    6932    7632    8157    8613    9193    8558    
90     1968 8004    8532    7518    8452    7404    7534    8545    8294    8507    8048    7130    7026    6983    7606    7994    8367    8268    9010    8835    
90     1969 7903    8347    7407    8276    7545    7146    8626    8300    7629    7994    7350    7284    6563    7248    7606    8390    8632    8857    8939    
90     1970 7984    8618    7380    8836    7379    7053    8768    8877    8675    7742    7507    6894    6337    7100    7700    8757    8674    8877    8726    
90     1971 7944    8497    7371    8494    7528    7142    8533    8600    8121    7958    7253    7365    6670    7074    7668    8197    8503    8900    9010    
90     1972 8014    8594    7416    8708    7659    6992    8799    8561    8541    8055    7757    7168    6827    6668    7477    8633    8784    8980    8755    
90     1973 7891    8625    7168    8589    7526    6840    8640    8297    8729    8226    7613    6742    6740    6235    7542    8167    8939    8803    8732    
90     1974 7860    8543    7332    8441    7618    7114    8408    8148    8443    8190    7347    7310    6487    6755    8081    8007    8671    8537    8365    
90     1975 7773    8501    7105    8496    7446    6951    8136    8732    8379    8313    7723    6310    6660    6510    7674    7783    7919    8713    8606    
90     1976 7948    8313    7522    8453    7239    7720    8424    8484    8255    7906    7257    6555    7420    7742    7987    8180    8484    8607    8513    
90     1977 7847    8370    7208    8374    7221    7116    8695    8377    8218    8013    6800    6835    6177    6981    8161    8280    8848    8950    8519    
90     1978 7787    8459    7339    8290    6968    7586    8443    8500    7804    8084    7300    5532    6710    7765    8255    8490    8365    8477    8158    
90     1979 7804    8204    7256    8199    7130    7373    8446    8300    8132    7797    6760    6823    7013    7210    7884    7840    8590    8903    8406    
90     1980 7527    8376    6784    8382    6992    6450    8243    8271    8476    7632    7273    6081    6057    6513    6768    8047    8126    8560    8577    
90     1981 7946    8243    7543    8523    7161    7532    8673    8455    8539    7242    7473    6777    7200    7106    8277    8437    8665    8917    8332    
90     1982 7814    8327    7298    8077    7483    7153    8410    7739    8168    8145    7527    6777    6723    6858    7865    8053    8400    8777    8765    
90     1983 8144    8632    7551    8658    7852    7342    8690    8526    8686    8652    7593    7303    6807    7432    7771    8407    8942    8713    8916    
90     1984 7884    8532    7303    8437    7239    7401    8538    8435    7928    8226    7203    6287    6443    7803    7926    8150    8906    8547    8713    
90     1985 7944    8368    7421    8269    7632    7114    8653    8168    7889    7945    7383    7558    6597    6852    7877    8257    8694    9007    9074    
90     1986 7858    8808    7109    8932    7346    6837    8658    9090    8600    8371    7397    6271    6047    7039    7400    8523    8597    8857    8158    
90     1987 7994    8302    7713    8268    7325    7765    8438    8197    8468    7571    7503    6906    7520    7539    8229    8597    8013    8720    8719    
90     1988 8031    8385    7521    8553    7465    7534    8480    8487    8445    7942    7223    7223    6783    7397    8397    8090    8381    8973    9029    
90     1989 7923    8656    7244    8829    7339    7028    8700    8810    8629    8123    7383    6513    6257    7306    7497    8523    8755    8820    8510    
90     1990 7879    8448    7324    8353    7295    7422    8376    8297    8243    8055    6953    6865    6953    7694    7603    7870    8497    8757    8765    
90     1991 7972    8475    7532    8528    7660    7316    8542    8277    8543    8029    7653    7297    6973    7190    7774    8317    8645    8660    8352    
90     1992 7847    8310    7376    8245    7228    7202    8655    8155    8228    7829    6947    6900    6740    7316    7535    8830    8510    8630    8558    
90     1993 8027    8447    7544    8470    7385    7660    8522    8532    8304    8139    7173    6835    7587    7452    7939    8293    8413    8863    8813    
90     1994 7854    8519    7252    8622    7497    6887    8549    8603    8432    7994    7447    7048    7023    6594    7048    8387    8584    8677    8468    
90     1995 7893    8243    7492    8363    7049    7557    8529    8087    8554    7135    6917    7090    7207    7345    8106    8283    8516    8787    8745    
90     1996 7880    8421    7343    8655    6961    7521    8440    8887    8310    7287    7257    6348    7180    7526    7845    7910    8610    8793    8616    
90     1997 7792    8370    7268    8356    7397    6998    8467    8258    8175    7761    7250    7174    6120    7042    7803    8213    8823    8353    8532    
90     1998 7959    8286    7520    8367    7222    7522    8735    8590    7936    7452    7087    7123    7097    7423    8032    8357    8935    8907    8555    
90     1999 7876    8351    7431    8282    7203    7322    8675    8277    7986    7426    7023    7155    6683    7161    8100    8460    8848    8710    8671    
90     2000 8024    8521    7450    8610    7440    7197    8816    8477    8686    7752    7707    6871    6630    6974    7968    8567    8823    9060    8816    
90     2001 7960    8720    7266    8644    7843    6812    8614    8955    8111    8506    7240    7765    6063    6777    7571    8167    8658    9017    8661    
90     2002 7923    8581    7385    8611    7305    7315    8556    8710    8446    7997    6653    7245    6417    7365    8135    8473    8535    8660    8445    
90     2003 7886    8232    7444    8183    7266    7449    8657    8077    8011    7658    7187    6952    7263    6752    8326    8193    8703    9073    8455    
