EUROPEAN CLIMATE ASSESSMENT & DATASET (ECA&D), file created on: 16-11-2020
THESE DATA CAN BE USED FOR NON-COMMERCIAL RESEARCH AND EDUCATION PROVIDED THAT THE FOLLOWING SOURCE IS ACKNOWLEDGED: 

Klein Tank, A.M.G. and Coauthors, 2002. Daily dataset of 20th-century surface
air temperature and precipitation series for the European Climate Assessment.
Int. J. of Climatol., 22, 1441-1453.
Data and metadata available at http://www.ecad.eu

FILE FORMAT (MISSING VALUE CODE = -999999):

THIS FILE HOLDS DATA FOR STATION FRANCE                                   CHATEAUROUX DEOLS                        (STAID:     35)
LATITUDE: dd:mm:ss +46:52:10
LONGITUDE: ddd:mm:ss +001:44:26
ELEVATION: m  158

DATA IS FOR INDEX Mean of daily average relative humidity (RH) with unit 0.01 Relative humidity (%)

01-06 SOUID: Source identifier
08-11 YEAR : YYYY
13-20 ANNUAL DATA VALUES
21-28 WINTER HALF YEAR DATA VALUES
29-36 SUMMER HALF YEAR DATA VALUES
37-44 WINTER (DJF) DATA VALUES
45-52 SPRING (MAM) DATA VALUES
53-60 SUMMER (JJA) DATA VALUES
61-68 AUTUMN (SON) DATA VALUES
69-76 JANUARY DATA VALUES
etc. 
157-164 DECEMBER DATA VALUES

35     1923 -999999 -999999 -999999 -999999 -999999 -999999 7947    -999999 -999999 -999999 -999999 -999999 -999999 5932    5097    6710    8110    9017    8858    
35     1924 7484    8331    6602    8578    6898    6265    8152    8616    8238    7165    6690    6832    6280    6045    6471    7310    8261    8880    9042    
35     1925 -999999 -999999 7799    -999999 8317    7432    8505    -999999 8368    8494    8200    8255    7700    7397    7206    8053    8390    9077    9290    
35     1926 7447    8629    6504    8897    7321    6233    7541    8858    8489    7668    7003    7281    7237    6313    5181    6033    7626    8960    8835    
35     1927 8079    8534    7379    8862    7590    7128    8693    9042    8693    8077    7360    7326    6917    7113    7348    8223    8539    9323    9026    
35     1928 7505    8584    6434    8705    7388    6102    7693    8997    8052    7558    7300    7303    7660    5190    5506    5690    8552    8810    9455    
35     1929 6934    8152    5876    8662    5848    5949    7512    8577    7879    5635    5437    6458    6880    5681    5316    5490    8190    8833    8890    
35     1930 7844    8477    7123    8633    7499    6807    8441    8700    8275    7965    7150    7371    7073    6671    6684    7813    8752    8747    8948    
35     1931 7621    -999999 7087    -999999 7033    6973    7809    8584    8736    6886    6970    7232    6430    6767    7697    7400    7335    8707    8900    
35     1932 7681    8066    7030    8399    7123    6809    8391    8777    7459    7197    7067    7103    7017    6794    6623    7597    8594    8977    8948    
35     1933 7281    8336    6170    8626    6316    5746    8387    8639    8254    6616    5667    6645    6620    5473    5165    7467    8365    9330    9165    
35     1934 7283    8506    6159    8598    6754    5733    8159    8739    7814    7584    6593    6081    5833    4965    6403    7113    8565    8787    8945    
35     1935 7345    8337    6483    8617    6815    5972    8067    8823    8025    6861    7007    6584    6610    5423    5903    7420    8161    8617    8784    
35     1936 7699    8337    7039    8522    7221    6909    8149    8561    8200    7697    7263    6703    6423    7577    6710    7563    8245    8637    8816    
35     1937 7417    8395    6357    8632    7192    5663    8123    8532    8539    7619    7337    6626    6617    5123    5281    7230    8332    8800    9090    
35     1938 7429    8152    6700    8749    5986    6553    8609    8990    8104    5613    5100    7216    6320    6497    6835    8217    8642    8967    8677    
35     1939 7712    8488    6845    8554    7060    6648    8496    8703    8254    7677    6703    6787    6573    6626    6742    7650    8823    9003    9029    
35     1940 -999999 8548    -999999 8796    7347    -999999 -999999 8703    8645    7103    7693    7253    -999999 -999999 -999999 -999999 8184    8500    8887    
35     1941 -999999 8075    -999999 8439    6502    -999999 8050    8316    8096    6510    5950    7029    6943    6835    -999999 6963    8281    8993    -999999 
35     1942 -999999 -999999 6430    -999999 -999999 6348    8030    -999999 -999999 -999999 5947    6519    5933    6790    6306    7073    8432    8570    8771    
35     1943 -999999 8005    -999999 8339    -999999 -999999 -999999 8487    7696    6065    -999999 -999999 -999999 -999999 -999999 -999999 -999999 -999999 -999999 
35     1944 -999999 -999999 -999999 -999999 -999999 -999999 -999999 -999999 -999999 -999999 -999999 -999999 -999999 -999999 -999999 -999999 9042    9190    8897    
35     1945 7659    8719    6811    8896    7302    6252    8270    9126    8639    7429    6867    7597    6493    5671    6600    7657    8010    9153    8752    
35     1946 7781    8494    7146    8619    7626    6815    8020    8700    8382    7977    6767    8106    6263    6852    7313    7550    8106    8400    8945    
35     1947 7376    8277    6613    8610    7015    6387    7565    8294    8589    7365    6500    7165    6780    6090    6303    6850    7342    8510    8813    
35     1948 7690    8090    7230    8540    7252    7183    7905    8623    8159    7110    6903    7732    7830    6042    7697    7183    8013    8517    8497    
35     1949 7563    8073    6775    8313    6953    6300    8469    8719    7661    7003    6603    7242    7093    5384    6448    7923    8487    8997    9213    
35     1950 7926    8507    7395    8754    7460    7034    8497    8968    8011    7332    7590    7461    7310    6687    7113    8237    8639    8610    9161    
35     1951 7913    8733    7074    8957    7698    6467    8595    8977    8707    8297    7497    7294    7193    6381    5852    8283    8784    8710    9055    
35     1952 7734    8801    6845    9004    7432    6353    8192    9090    8859    8310    6960    7010    6203    5845    7006    8070    7974    8540    8977    
35     1953 7880    8373    7227    8908    7265    7188    8219    9200    8507    7058    7753    7000    7530    7458    6587    7053    8487    9107    8881    
35     1954 7901    8585    7280    8689    7079    7523    8256    8906    8219    7877    6353    6984    7577    7239    7755    7767    8284    8717    9139    
35     1955 7755    8719    6920    9001    7198    7039    7782    9184    8646    8339    6687    6552    7257    7303    6565    7167    7881    8297    9223    
35     1956 7875    8276    7311    8723    6917    7452    8538    8900    8000    7339    6927    6487    7467    7526    7365    8113    8506    8997    8877    
35     1957 7744    8453    7250    8513    7171    7320    8104    8665    7943    7697    6870    6935    7317    7461    7181    7743    8100    8470    8552    
35     1958 7993    8250    7562    8432    7408    7690    8426    8439    8293    7658    7147    7410    7660    7632    7777    7740    8552    8983    8639    
35     1959 7308    8393    6515    8369    7311    6248    7358    8461    7968    7735    7097    7094    6807    5516    6439    6153    7455    8463    8555    
35     1960 7671    8119    7042    8340    7026    7048    8210    8387    8059    7803    6653    6610    6887    6877    7374    7857    8439    8327    8771    
35     1961 7820    8262    7235    8593    7391    7009    8327    8794    8175    7058    7727    7400    7160    6861    7010    7267    8594    9113    8719    
35     1962 7477    8406    6925    8369    7510    6612    7736    8403    7943    7642    7137    7739    6463    6794    6574    6830    7752    8627    7839    
35     1963 7827    7984    7427    7976    7357    7246    8392    8029    8068    7619    7173    7271    7530    6335    7881    8397    8568    8207    8874    
35     1964 7732    8620    7019    8942    7796    6440    8066    9313    8617    8126    7490    7761    7090    5910    6342    7553    8223    8417    7990    
35     1965 7881    8175    7437    8206    7492    7358    8249    8652    7950    7803    7570    7106    7740    7142    7203    7887    8516    8337    8668    
35     1966 7622    8294    6851    8446    7345    6604    8091    8362    8279    7616    7377    7042    6317    6652    6835    6887    8258    9123    -999999 
35     1967 -999999 -999999 -999999 -999999 -999999 -999999 -999999 -999999 -999999 -999999 -999999 -999999 -999999 -999999 -999999 -999999 -999999 -999999 -999999 
35     1968 -999999 -999999 -999999 -999999 -999999 -999999 -999999 -999999 -999999 -999999 -999999 -999999 -999999 -999999 -999999 -999999 -999999 -999999 -999999 
35     1969 -999999 -999999 -999999 -999999 2191    -999999 2357    -999999 2492    2932    1993    1629    1913    1690    -999999 2127    2619    2287    2600    
35     1970 -999999 2480    -999999 2580    1930    -999999 2070    2573    2564    2239    2090    1468    1997    1806    -999999 1822    2260    2103    2659    
35     1971 -999999 2360    -999999 2604    1795    -999999 2284    2258    2968    2039    1720    1623    2110    1545    -999999 1828    2368    2640    3067    
35     1972 -999999 2470    -999999 2609    1932    -999999 2465    2345    2417    2006    1857    1929    1923    -999999 1971    1879    2037    3460    2386    
35     1973 -999999 2436    -999999 2452    1804    -999999 2378    2552    2407    1741    1710    1960    1660    1950    -999999 1764    2413    2917    2537    
35     1974 -999999 2514    -999999 2497    2041    -999999 2292    2465    2489    2271    2066    1787    1659    -999999 1424    2073    2597    2197    2416    
35     1975 -999999 2447    -999999 2563    2066    -999999 2539    2590    2696    2200    2076    1917    1857    -999999 1416    2454    2723    2430    3203    
35     1976 2039    2646    1578    2916    1828    1293    2301    2887    2630    2019    1590    1868    1080    1538    1271    2120    2313    2470    2757    
35     1977 -999999 2437    -999999 2585    1867    -999999 2045    2461    2539    2100    1520    1971    2083    2058    -999999 1783    2210    2137    2594    
35     1978 2236    2440    2008    2689    2049    2082    2189    2963    2500    2248    1970    1926    2050    2387    1800    1903    2142    2513    2442    
35     1979 -999999 2404    -999999 2459    2080    -999999 2215    2429    2511    2400    1920    1916    1847    -999999 1813    1820    2445    2373    2145    
35     1980 -999999 2358    -999999 2362    1941    -999999 2089    2481    2466    2243    1777    1806    1990    -999999 1735    1920    2200    2143    2497    
35     1981 -999999 2332    -999999 2469    -999999 -999999 2333    2529    2371    2248    1943    -999999 1897    -999999 1710    2090    2606    2293    2555    
35     1982 7895    5435    7159    6618    7291    7179    8262    8826    8671    7771    6603    7477    7443    6671    7432    7323    8890    8550    9097    
35     1983 8103    8733    7670    8838    8247    7282    8134    8768    8629    8448    8157    8132    7560    6758    7535    7897    8061    8447    8884    
35     1984 -999999 8391    -999999 8714    7564    -999999 8663    8894    8341    7719    6700    8245    7690    -999999 7426    8413    8777    8793    9119    
35     1985 7803    8652    7298    8808    7829    7211    7509    8900    8361    7939    7383    8152    7610    6823    7213    6597    7284    8653    8748    
35     1986 8059    8301    7504    8613    7929    7079    8553    8623    8454    8071    7957    7761    7373    6635    7239    8090    8594    8973    8981    
35     1987 8398    8803    7822    9061    7655    7978    8869    8771    9471    8097    7573    7294    8077    7919    7942    8140    9126    9333    9119    
35     1988 8016    8867    7443    8786    8170    6997    8187    8932    8272    8394    7800    8303    7817    6835    6365    7567    8335    8653    8926    
35     1989 7441    8422    6800    8709    7437    6411    7493    9013    8132    7452    8017    6861    6550    6458    6229    6713    7384    8387    8155    
35     1990 7179    7850    6224    8180    6732    5896    7740    8613    7711    6852    7010    6342    6787    5597    5332    6324    7900    8943    8790    
35     1991 8055    8456    7283    8651    7941    6763    8610    8477    8689    7974    7610    8229    7300    6748    6258    7573    8890    9357    9606    
35     1992 7648    8526    7157    8514    7026    7309    7974    8187    7697    7394    6933    6748    7630    7155    7152    7337    8132    8447    8955    
35     1993 7783    8277    7206    8654    7471    6771    8285    8452    8546    7165    7733    7523    7450    6735    6148    7687    8345    8820    8881    
35     1994 7975    8577    7393    8811    7655    7007    8480    8923    8611    7894    7707    7368    7072    6710    7242    8280    8190    8980    8765    
35     1995 7719    8415    7100    8556    7557    6623    8056    8529    8354    7687    7847    7145    7100    6523    6261    7770    8061    8337    9081    
35     1996 7591    8374    6690    8901    7020    6476    8016    9155    8438    7174    6403    7461    6457    6113    6858    6833    8394    8810    8990    
35     1997 7678    8547    6969    8787    7008    7208    7827    9168    8139    7748    6003    7239    7467    7090    7074    6927    7803    8753    8723    
35     1998 7683    8198    7040    8531    7391    6500    8326    8506    8346    7090    8187    6923    6603    6945    5955    7673    8652    8643    8748    
35     1999 7971    8532    7406    8640    7951    6991    8287    8452    8729    7994    8037    7826    7023    6842    7110    7613    8555    8683    8848    
35     2000 7789    8530    7260    8760    7720    6967    7916    8800    8624    7681    7803    7677    6867    7210    6823    7180    8142    8420    8265    
35     2001 7813    8254    7214    8244    7828    6797    8216    8290    8171    8232    7810    7442    6447    6948    6984    7660    8139    8853    8794    
35     2002 7768    8305    7225    8442    7340    7147    8138    8500    7989    7545    6880    7581    7040    6813    7584    7440    8152    8823    8865    
35     2003 7236    8095    6407    8402    6732    6090    7788    8439    7850    6439    6173    7565    7063    6139    5100    6417    8161    8773    8752    
35     2004 7701    8232    7020    8352    7248    6816    8236    8510    7755    7426    7447    6877    6433    6574    7429    7367    8297    9043    9239    
35     2005 7573    8515    6855    8737    7463    6343    7981    8677    8246    7577    7700    7119    6387    6629    6016    7303    8026    8613    8642    
35     2006 7825    8440    7053    8692    7537    6676    8302    8890    8529    7952    7123    7523    6477    6123    7423    7653    8629    8613    8994    
35     2007 8005    8674    7409    8874    7828    7284    8082    9052    8546    8197    7107    8158    7547    7045    7268    7320    8303    8617    8910    
35     2008 7883    8421    7269    8543    7786    6999    8165    8587    8103    7990    7917    7455    7473    6432    7106    7257    8258    8977    9055    
35     2009 7721    8386    7056    8662    7451    6522    8245    8697    8189    7142    7503    7710    7077    6577    5929    7570    8332    8830    9142    
35     2010 8038    8595    7454    9024    7463    7355    8430    9326    8561    7381    7280    7723    7927    6968    7190    7650    8329    9313    8865    
35     2011 7778    8523    7044    8697    6989    6946    8412    8635    8579    7448    7100    6423    6533    6587    7703    7930    8290    9020    9148    
35     2012 7793    8508    7157    8780    7571    6947    8049    9100    8045    7429    7587    7697    7790    6939    6139    6813    8455    8867    8668    
35     2013 7922    8547    7366    8717    7788    7055    8218    8890    8579    7839    7423    8090    7813    6826    6552    7513    8490    8640    8468    
35     2014 7889    8276    7439    8382    7538    7343    8173    8626    8018    7400    7547    7668    7013    7442    7565    7390    8342    8780    8868    
35     2015 7757    8561    6971    8724    7557    6585    8232    8913    8357    8094    6993    7565    6870    6313    6581    7520    8468    8700    8735    
35     2016 8143    8620    7603    8824    8189    7342    8048    9074    8652    8094    8190    8284    8773    6997    6303    7110    8342    8683    9258    
35     2017 7895    8596    7175    8813    7655    6905    8274    8752    8389    8132    7070    7745    6833    6990    6890    7517    8355    8947    9132    
35     2018 7683    8646    6955    8849    7907    6622    7422    8865    8518    8058    7813    7845    7273    6406    6206    6200    7439    8627    9003    
35     2019 7381    8095    6443    8482    7016    6158    7922    8710    7654    7113    6787    7142    6983    5552    5965    6253    8526    8967    8935    
35     2020 -999999 -999999 -999999 -999999 -999999 -999999 -999999 -999999 -999999 -999999 -999999 -999999 -999999 -999999 -999999 -999999 -999999 -999999 -999999 
