EUROPEAN CLIMATE ASSESSMENT & DATASET (ECA&D), file created on: 16-11-2020
THESE DATA CAN BE USED FOR NON-COMMERCIAL RESEARCH AND EDUCATION PROVIDED THAT THE FOLLOWING SOURCE IS ACKNOWLEDGED: 

Klein Tank, A.M.G. and Coauthors, 2002. Daily dataset of 20th-century surface
air temperature and precipitation series for the European Climate Assessment.
Int. J. of Climatol., 22, 1441-1453.
Data and metadata available at http://www.ecad.eu

FILE FORMAT (MISSING VALUE CODE = -999999):

THIS FILE HOLDS DATA FOR STATION BULGARIA                                 OBRASZOV-CHIFLIK                         (STAID:     19)
LATITUDE: dd:mm:ss +43:48:00
LONGITUDE: ddd:mm:ss +026:01:59
ELEVATION: m  156

DATA IS FOR INDEX Mean of daily average relative humidity (RH) with unit 0.01 Relative humidity (%)

01-06 SOUID: Source identifier
08-11 YEAR : YYYY
13-20 ANNUAL DATA VALUES
21-28 WINTER HALF YEAR DATA VALUES
29-36 SUMMER HALF YEAR DATA VALUES
37-44 WINTER (DJF) DATA VALUES
45-52 SPRING (MAM) DATA VALUES
53-60 SUMMER (JJA) DATA VALUES
61-68 AUTUMN (SON) DATA VALUES
69-76 JANUARY DATA VALUES
etc. 
157-164 DECEMBER DATA VALUES

19     1931 7678    -999999 6900    -999999 7374    6690    7757    9181    9136    8203    6757    7142    7243    6700    6145    7437    7568    8273    8465    
19     1932 7483    8364    6668    8503    7474    6825    6929    8868    8155    8842    6747    6810    7397    6642    6455    5963    6984    7837    9071    
19     1933 7826    8249    7266    9029    7518    7104    7784    9087    8918    7652    7503    7400    7327    7406    6587    7387    7529    8443    8758    
19     1934 7444    8186    6561    8682    6462    6448    8190    8916    8339    7155    5877    6335    5943    7058    6326    7823    8190    8557    8848    
19     1935 7426    8359    6753    8519    7510    6595    7009    8619    8043    7871    7457    7200    7103    6539    6158    6073    6416    8557    9123    
19     1936 7557    7988    6889    8677    7212    6852    7751    8423    8472    6987    7590    7071    7433    6094    7048    6110    8116    9013    8387    
19     1937 7573    8143    7015    8307    7364    6629    8007    8374    8143    6852    8277    6994    6587    5984    7316    6957    8239    8817    8410    
19     1938 7270    8096    6419    8297    6714    5883    7943    8452    8000    6671    6640    6829    5657    5810    6174    7420    7755    8660    9226    
19     1939 7469    8425    6562    8700    7213    6318    7941    8610    8218    8068    6377    7168    6407    5681    6871    6867    8232    8713    8442    
19     1940 7727    8159    7343    8287    7310    7433    7848    8171    8245    7174    7280    7474    8100    6861    7358    6997    7897    8650    8558    
19     1941 7552    8153    7172    8480    7021    7188    7755    8410    8471    6981    6903    7174    7477    7710    6387    7390    7465    8420    7929    
19     1942 7397    8022    6415    8036    7410    6184    7455    7806    8407    8155    7413    6661    6733    6239    5597    5873    7387    9107    9465    
19     1943 7416    8299    6629    8838    6877    6555    7587    8819    8164    6868    6040    7697    7483    6390    5823    6340    7884    8527    8984    
19     1944 7742    8466    6883    8874    7433    6700    7954    9139    8472    7790    7540    6971    6517    7010    6568    6697    8426    8723    9045    
19     1945 6975    8402    5992    8796    6755    5621    6963    8865    8443    6926    7240    6116    6263    5394    5226    5757    7155    7970    8465    
19     1946 6948    7779    5834    8169    6645    5510    7327    8232    7771    7087    6357    6481    6110    5497    4942    5637    7074    9280    8971    
19     1947 6977    8293    5919    8754    5979    6148    7211    8623    8661    7216    5057    5635    6123    5997    6323    6370    7229    8033    8542    
19     1948 7220    7881    6748    8355    6968    6870    6805    8516    7983    6997    6237    7648    7833    6716    6090    5957    6694    7770    8219    
19     1949 7161    7501    6435    7601    6462    6533    7808    7984    6493    7758    5457    6139    6650    6629    6323    7420    7255    8767    8981    
19     1950 7278    8409    6315    8666    7554    5913    7025    8890    8068    8471    6940    7232    6417    5710    5629    5977    6965    8137    8919    
19     1951 7533    8307    6778    9016    7264    6616    7374    9103    9025    7758    7167    6865    6707    6142    7003    6797    7010    8327    8597    
19     1952 7365    8331    5990    8869    7203    5710    7418    8884    9145    8077    6313    7190    6963    5661    4545    5283    7810    9147    9423    
19     1953 7227    8687    6116    9277    7180    5659    7074    9384    8996    7410    7103    7026    6807    4952    5255    5593    7610    8000    8713    
19     1954 7746    8405    6759    8757    7610    6782    7712    8868    8682    8574    7153    7087    7127    6971    6258    5957    7832    9343    9148    
19     1955 7879    8830    7108    9133    7567    7148    7938    9158    9089    8452    7690    6565    7050    7284    7106    6963    7984    8867    8432    
19     1956 7362    8479    6460    8605    7538    6200    7130    8481    8924    8226    6840    7526    6997    6032    5597    5773    7052    8567    8387    
19     1957 7575    7929    7054    8399    7376    6625    7996    8471    8332    6826    7207    8090    6720    6739    6419    7143    8132    8707    8168    
19     1958 7099    8141    6293    8037    7171    6046    7191    8687    7171    7906    7613    6006    6747    6129    5284    6030    7132    8413    8094    
19     1959 7315    7870    6628    8153    6713    6745    7423    7968    8425    7261    5987    6868    7270    6729    6252    6663    6587    9047    8816    
19     1960 7319    8102    6917    8581    7128    6872    6842    8655    8252    7294    7077    7013    7237    6994    6397    6797    6074    7680    8406    
19     1961 7236    7632    6565    8620    6839    6480    6955    8768    8693    6274    6333    7894    7343    6135    5990    5683    7452    7713    8629    
19     1962 7215    8460    5846    9002    7249    5395    7149    9126    9279    8616    6950    6171    5937    5484    4781    5790    7142    8517    8939    
19     1963 7153    8375    6106    8862    7208    5891    6541    8697    8961    8058    6947    6610    6310    6287    5090    5403    7168    7030    9361    
19     1964 7684    8306    6714    9132    7414    6502    7847    9316    8690    8255    6360    7594    6927    6400    6194    6810    7761    8973    8942    
19     1965 7477    8516    6576    8781    7590    6300    7347    8974    8389    8061    7463    7242    7090    6016    5819    5847    7542    8647    8690    
19     1966 7493    8136    6994    8271    7245    6982    7480    7968    8143    7845    7170    6716    7293    6729    6932    7143    7003    8310    8719    
19     1967 7573    7984    7024    8280    7338    6849    8019    7868    8250    7790    7187    7032    7560    6358    6652    7390    7981    8687    8203    
19     1968 7152    8009    6254    7997    6172    6332    7998    7806    7979    7419    5783    5300    6003    6100    6881    7473    7577    8957    8590    
19     1969 7658    8525    7223    8479    7958    7300    6793    8126    8746    9190    7613    7058    7483    7594    6829    6770    6723    6890    8923    
19     1970 7729    8179    6962    9097    7651    6826    7447    9174    9204    8219    7547    7184    7107    6613    6768    6567    8026    7730    8694    
19     1971 7491    8149    6951    8459    7288    6661    7691    8006    8700    7777    6870    7203    6740    6916    6329    7663    7500    7917    8365    
19     1972 7743    8011    7230    8568    7124    7080    8007    8587    8766    6977    7200    7197    6483    7358    7381    7753    8213    8047    8971    
19     1973 7524    8467    7081    8739    7571    7105    6947    8884    8321    8339    7340    7026    7040    7403    6871    6807    6700    7343    8245    
19     1974 7259    7798    6421    8438    6914    6375    7168    9000    8029    7481    6837    6423    6827    6265    6048    6147    6858    8510    8739    
19     1975 7497    7847    7000    8433    6879    7197    7404    8494    8029    6494    6367    7761    7253    7055    7284    6243    7377    8593    9013    
19     1976 7758    8280    7024    8752    7074    7045    8252    8468    8776    7494    6817    6903    6650    6777    7694    7293    8497    8957    8790    
19     1977 7407    8454    6840    8652    7122    6776    7102    8958    8161    7348    7007    7006    7440    6577    6332    6697    6858    7760    8790    
19     1978 7645    8216    6864    8889    7452    6514    7684    8787    9111    8061    7257    7032    7220    6442    5903    7373    7510    8173    9000    
19     1979 7857    8477    7108    9264    7254    7104    8014    9471    9329    7452    6840    7458    6867    7155    7284    7027    8161    8850    8477    
19     1980 -999999 8763    -999999 8947    -999999 6896    7440    9084    9303    8739    -999999 -999999 7003    6703    6984    6770    7229    8327    8739    
19     1981 7461    8202    6844    8607    7220    6688    7471    8629    8436    7877    6640    7123    6770    6835    6461    7237    7187    8000    8397    
19     1982 7627    8140    6948    8514    7171    7026    7845    8458    8707    8139    7043    6326    6657    7050    7361    7260    7990    8280    8300    
19     1983 7173    7640    6746    7877    6238    7135    7273    7781    7514    5984    6453    6284    7153    7326    6926    6327    7210    8283    8852    
19     1984 7655    8386    6853    8785    7428    6897    7432    8655    8852    8490    7597    6203    7010    6681    7003    6647    7097    8563    9119    
19     1985 7479    8551    6483    8866    7328    6463    7459    8919    8525    9081    6767    6119    6363    6916    6106    6633    6961    8800    8613    
19     1986 7373    8353    6498    8707    6887    6874    7254    8506    9032    8284    6210    6145    7467    7094    6081    5997    7323    8440    8013    
19     1987 7478    8087    6614    8384    7298    6446    7537    8465    8707    7648    6987    7248    6660    6268    6416    6100    7987    8510    8806    
19     1988 7454    8334    6737    8570    7507    6287    7625    8832    8038    7816    7453    7248    6917    6181    5784    6873    7626    8377    8332    
19     1989 7158    7795    6660    7994    6774    6393    7665    7929    7693    6819    6470    7023    7047    5984    6171    7290    7416    8297    7826    
19     1990 7146    7648    6541    8158    6677    6123    7200    8555    8086    5774    7300    6977    6787    5719    5884    6613    7071    7920    9158    
19     1991 7863    8055    7515    8558    7587    7655    7870    7997    8514    7710    7643    7410    7600    7813    7552    7063    7681    8873    8552    
19     1992 6816    7852    6375    7944    6567    6567    6382    7787    7462    6768    6770    6171    7267    6726    5732    5600    6590    6950    7994    
19     1993 6870    7181    6211    7232    7120    6022    7166    7019    6625    7845    6327    7161    6550    5606    5926    5697    7290    8507    7845    
19     1994 6996    7650    6359    7917    6488    6428    7076    8284    7589    6406    6800    6268    6257    6981    6042    5800    7777    7627    8126    
19     1995 7277    7668    6772    7911    6843    6691    7486    8271    7275    6890    6720    6916    7027    6710    6348    6920    7371    8170    8694    
19     1996 7237    8237    6143    8603    6793    5753    7741    8771    8328    8094    6283    5987    5893    5168    6203    7360    7729    8133    8926    
19     1997 7394    7996    6877    8372    6653    7263    7508    8706    7389    7039    7127    5810    7203    6939    7645    6547    7445    8533    8335    
19     1998 7152    7757    6508    8012    6501    6109    8018    8097    7561    6574    6057    6858    6900    6019    5432    7820    7848    8390    8326    
19     1999 7359    7838    6973    8050    7026    6714    7820    8568    7171    6677    7173    7232    6977    6619    6555    7300    8123    8027    7865    
19     2000 6610    7672    5657    7888    6165    4858    7529    8119    7666    6245    6677    5590    5290    4632    4665    7157    7058    8387    7942    
19     2001 6901    7611    6431    7887    6788    6118    6807    8223    7454    6613    7013    6745    6690    6065    5619    6480    6548    7400    8013    
19     2002 7068    7042    6702    7344    6455    6607    7693    7816    6082    6313    7070    6003    6110    6477    7216    7347    7645    8090    8565    
19     2003 7046    8035    6028    8477    6333    5870    7631    8658    8179    7087    6030    5871    6307    6048    5268    6673    7877    8333    8306    
19     2004 7030    7796    6501    7963    6295    6768    7151    8223    7317    6703    5647    6513    7220    6355    6745    6523    7345    7577    8168    
19     2005 7449    7540    7153    7919    6678    7291    7918    7597    8000    6600    6333    7090    7213    7152    7506    7613    7510    8643    8181    
19     2006 7166    7897    6576    8109    6635    6549    7312    8168    7964    6948    6540    6413    6790    6471    6394    6863    7406    7663    8419    
19     2007 6659    7459    5689    7652    6041    5327    7547    6935    7596    6752    5260    6087    5497    3968    6523    6817    7748    8070    8710    
19     2008 6925    7725    6248    8180    6642    5635    7381    8384    7397    6032    7113    6797    6623    5500    4813    6697    7448    7997    8348    
19     2009 7027    7827    6150    8194    6396    6073    7418    8271    7939    6974    6097    6106    6217    6326    5681    6483    7839    7917    8513    
19     2010 7370    8043    6830    8399    7008    6962    7255    8426    8243    7339    6653    7019    7273    7455    6168    6407    7987    7347    8145    
