EUROPEAN CLIMATE ASSESSMENT & DATASET (ECA&D), file created on: 16-11-2020
THESE DATA CAN BE USED FOR NON-COMMERCIAL RESEARCH AND EDUCATION PROVIDED THAT THE FOLLOWING SOURCE IS ACKNOWLEDGED: 

Klein Tank, A.M.G. and Coauthors, 2002. Daily dataset of 20th-century surface
air temperature and precipitation series for the European Climate Assessment.
Int. J. of Climatol., 22, 1441-1453.
Data and metadata available at http://www.ecad.eu

FILE FORMAT (MISSING VALUE CODE = -999999):

THIS FILE HOLDS DATA FOR STATION RUSSIAN FEDERATION                       SY'KTY'VKAR                              (STAID:     99)
LATITUDE: dd:mm:ss +61:40:00
LONGITUDE: ddd:mm:ss +050:52:00
ELEVATION: m  116

DATA IS FOR INDEX Mean of daily average relative humidity (RH) with unit 0.01 Relative humidity (%)

01-06 SOUID: Source identifier
08-11 YEAR : YYYY
13-20 ANNUAL DATA VALUES
21-28 WINTER HALF YEAR DATA VALUES
29-36 SUMMER HALF YEAR DATA VALUES
37-44 WINTER (DJF) DATA VALUES
45-52 SPRING (MAM) DATA VALUES
53-60 SUMMER (JJA) DATA VALUES
61-68 AUTUMN (SON) DATA VALUES
69-76 JANUARY DATA VALUES
etc. 
157-164 DECEMBER DATA VALUES

99     1950 7760    -999999 7373    -999999 7034    7466    8452    7848    8139    7919    6797    6377    6937    7581    7865    8693    8552    8107    8323    
99     1951 7641    7991    7267    8124    6789    7204    8299    8232    7786    6929    7340    6116    6520    8000    7071    8573    8339    7983    8813    
99     1952 7755    8156    7387    8341    7054    7316    8471    8545    7617    7597    7120    6448    6547    7281    8097    8843    8332    8243    8371    
99     1953 7556    8076    7005    8088    6850    6997    8198    8223    7625    7623    6373    6539    5527    7339    8077    8143    8255    8193    8697    
99     1954 7741    8186    7308    8520    6921    7133    8646    8523    8321    7139    7083    6545    6680    6606    8097    8860    8619    8460    8023    
99     1955 7482    8058    7056    8047    6867    6964    8232    8274    7821    7142    6607    6845    6520    7039    7319    8007    8352    8333    7545    
99     1956 7501    7800    7011    7578    6799    6935    8354    7842    7331    7384    6887    6129    5323    7316    8113    8283    8558    8213    8574    
99     1957 7628    8117    7133    8301    6749    7050    8449    8065    8261    7048    7290    5926    6987    6700    7461    8477    8710    8153    8532    
99     1958 7558    8155    6985    8352    6760    6960    8303    8461    8032    7029    6210    7023    6350    6681    7829    7800    8529    8573    8181    
99     1959 7447    8154    6834    8221    6772    6451    8480    8400    8068    7181    7083    6061    5820    6442    7071    8557    8258    8633    7858    
99     1960 7383    7992    6607    7873    6452    6437    8466    8013    7738    7458    6653    5252    6140    6177    6984    8480    8287    8637    8816    
99     1961 -999999 -999999 7120    -999999 -999999 6776    8437    -999999 -999999 -999999 7223    6826    5880    6455    7965    8377    8587    8343    8319    
99     1962 7744    8230    7128    8307    6837    7154    8645    8445    8139    7542    6827    6142    6453    7406    7581    8367    8645    8923    8477    
99     1963 7547    8182    6863    8166    6422    6980    8611    8000    8004    7052    6230    5977    6613    6810    7506    8053    8803    8970    8574    
99     1964 7760    8409    7260    8293    7497    6832    8518    8300    7986    7810    7747    6942    6140    6900    7432    8417    8613    8520    8316    
99     1965 7725    8263    7110    8247    6772    7275    8445    8335    8071    7713    5783    6787    6347    7448    8000    8263    8658    8407    8855    
99     1966 7525    8189    7072    8116    7100    6829    8368    7906    7529    7723    7513    6077    6297    6797    7377    8400    8239    8470    7987    
99     1967 7583    8063    6891    7936    6999    6773    8498    8006    7800    7865    6867    6261    6163    6861    7274    7930    8623    8937    8419    
99     1968 7729    8364    7328    8214    7089    7384    8292    8113    8103    7990    6717    6548    6560    7613    7952    8573    7961    8353    8265    
99     1969 7718    7810    7474    7707    7171    7578    8422    7639    7164    7435    7387    6697    6940    7629    8145    8043    8452    8770    8268    
99     1970 7703    8201    7125    8196    6997    7001    8548    8039    8289    7416    7200    6381    5890    7400    7677    8200    8845    8590    8539    
99     1971 7692    8187    7311    8202    6983    7282    8393    8335    7682    7097    7027    6826    6677    7232    7916    8190    8323    8670    8326    
99     1972 7549    8110    6897    8032    7088    6508    8485    7674    8100    7584    7220    6465    6010    6652    6845    8217    8600    8633    8623    
99     1973 7508    8282    6863    8273    6733    6884    8247    7787    8425    7648    6740    5810    5973    6939    7710    8013    8297    8430    8387    
99     1974 7667    8265    7054    8219    7362    6751    8441    8000    8275    8206    7450    6432    5773    6719    7729    8227    8539    8553    8135    
99     1975 7721    8373    7000    8393    7043    6960    8318    8723    8314    7974    7090    6068    6667    6739    7465    7997    8342    8613    8703    
99     1976 7948    8317    7339    8499    7130    7264    8777    8410    8376    7471    7090    6829    7057    6981    7748    8343    8648    9343    9113    
99     1977 8077    8890    7279    8949    7278    7329    8867    8894    8829    8523    7030    6274    6517    7403    8042    8413    8929    9257    8852    
99     1978 8114    9027    7279    9071    7002    7549    8958    9329    9029    8774    6997    5235    7207    7232    8197    8843    8900    9133    8574    
99     1979 8069    8771    7288    8801    7102    7372    8851    8839    9011    8203    6853    6242    6880    7239    7981    8547    9081    8917    9094    
99     1980 7901    8723    7389    8820    7312    7300    8404    8552    8814    7897    7167    6868    6237    7652    7977    8423    8158    8640    8445    
99     1981 -999999 8244    7002    8420    6467    7110    -999999 8439    8371    7435    6403    5561    6570    7126    7616    8757    8632    -999999 8465    
99     1982 7914    -999999 7492    8098    7162    7552    8766    7697    8136    7687    7540    6271    7537    7232    7887    8520    8687    9093    8732    
99     1983 7942    8477    7409    8524    7107    7565    8609    8455    8371    7535    7097    6687    7270    7552    7865    7987    9174    8647    8677    
99     1984 7575    8161    7212    8100    6118    7714    8600    8129    7452    6855    5923    5571    7270    7684    8174    8657    8652    8490    8039    
99     1985 7686    7993    7358    7904    6861    7416    8531    8061    7582    7113    7223    6258    6563    7565    8094    8450    8687    8450    8171    
99     1986 7639    8134    7110    8101    6568    7329    8623    8265    7843    7371    6520    5813    6033    8100    7813    8367    8745    8753    8039    
99     1987 7766    8206    7483    8007    7241    7522    8243    7771    8232    7716    7130    6874    6493    8077    7961    8343    8297    8087    8219    
99     1988 7483    7917    6921    8148    6445    6853    8418    8158    8062    6697    6657    5987    5990    6681    7861    8357    8374    8523    8477    
99     1989 7711    8186    7194    8320    6643    7334    8569    8368    8093    7284    6163    6468    6277    7574    8116    8547    8390    8777    8474    
99     1990 7929    8353    7413    8326    7239    7489    8575    8055    8461    7987    6693    7019    7263    7245    7952    8303    8761    8653    8777    
99     1991 7858    8455    7348    8370    7188    7427    8589    8152    8161    8203    7607    5768    6887    7565    7813    8480    8752    8530    8416    
99     1992 7673    8267    7125    8303    6991    6882    8535    8165    8331    7423    6940    6610    5923    6810    7881    8590    8610    8403    8410    
99     1993 7944    8297    7532    8346    7091    7667    8575    8561    8036    7742    7373    6168    7477    7319    8200    8687    8310    8737    8739    
99     1994 7736    8323    7311    8352    7013    7536    8126    8416    7854    7848    6830    6355    7123    7710    7761    8093    7868    8427    8542    
99     1995 7728    8162    7208    8527    6696    7410    8381    8358    8696    7142    6437    6500    6783    7213    8213    8090    8384    8670    8319    
99     1996 7622    8144    7083    8332    6273    7435    8467    8774    7872    6842    5953    6013    6817    7594    7874    8237    8694    8463    8319    
99     1997 7733    8302    7105    8262    7498    6609    8579    8206    8261    7871    7130    7481    5867    6597    7339    8213    8910    8603    8329    
99     1998 7666    8176    7326    8250    6778    7420    8322    8635    7736    6813    6803    6719    6853    7074    8313    8190    8552    8217    8071    
99     1999 7616    7981    7140    7911    6696    7164    8574    7758    7904    7384    6303    6387    6270    7132    8061    8680    8613    8427    8477    
99     2000 7939    8428    7392    8538    7129    7601    8458    8432    8717    7923    6917    6542    7240    7068    8484    8107    8890    8363    8597    
99     2001 7887    8478    7262    8359    7512    7129    8668    8574    7857    8523    7147    6855    6740    6539    8097    8203    8961    8830    8300    
99     2002 7979    8449    7494    8440    7145    7490    8868    8445    8589    7597    6400    7413    6823    7129    8497    8683    8906    9013    8274    
99     2003 7708    8373    7270    8257    6922    7468    8185    8410    8068    7558    6540    6655    7543    6987    7877    8027    7839    8700    8329    
