EUROPEAN CLIMATE ASSESSMENT & DATASET (ECA&D), file created on: 16-11-2020
THESE DATA CAN BE USED FOR NON-COMMERCIAL RESEARCH AND EDUCATION PROVIDED THAT THE FOLLOWING SOURCE IS ACKNOWLEDGED: 

Klein Tank, A.M.G. and Coauthors, 2002. Daily dataset of 20th-century surface
air temperature and precipitation series for the European Climate Assessment.
Int. J. of Climatol., 22, 1441-1453.
Data and metadata available at http://www.ecad.eu

FILE FORMAT (MISSING VALUE CODE = -999999):

THIS FILE HOLDS DATA FOR STATION GREECE                                   HERAKLION                                (STAID:     61)
LATITUDE: dd:mm:ss +35:19:59
LONGITUDE: ddd:mm:ss +025:10:59
ELEVATION: m   39

DATA IS FOR INDEX Mean of daily average relative humidity (RH) with unit 0.01 Relative humidity (%)

01-06 SOUID: Source identifier
08-11 YEAR : YYYY
13-20 ANNUAL DATA VALUES
21-28 WINTER HALF YEAR DATA VALUES
29-36 SUMMER HALF YEAR DATA VALUES
37-44 WINTER (DJF) DATA VALUES
45-52 SPRING (MAM) DATA VALUES
53-60 SUMMER (JJA) DATA VALUES
61-68 AUTUMN (SON) DATA VALUES
69-76 JANUARY DATA VALUES
etc. 
157-164 DECEMBER DATA VALUES

61     1955 6442    -999999 6083    -999999 6210    5907    6543    7555    6414    6232    6303    6097    6010    5697    6016    6387    6548    6693    7332    
61     1956 6251    6814    5926    7012    6202    5789    6327    6945    6741    6613    5727    6252    5890    5523    5958    6210    6165    6613    6387    
61     1957 6575    6623    6152    6751    6672    5668    7076    7135    6729    6716    6677    6623    5360    5787    5848    6623    7303    7293    6803    
61     1958 6242    6916    5707    6799    6115    5382    6541    6855    6732    6506    6067    5771    5163    5458    5516    6277    6223    7133    7239    
61     1959 6237    6637    5842    6674    6201    5721    6445    6758    5957    6461    5863    6268    5847    5661    5658    5750    6555    7027    6994    
61     1960 6231    6733    5946    6627    6786    5390    6171    6555    6314    6939    6820    6600    5417    5368    5387    6100    5887    6537    6858    
61     1961 6122    6498    5685    6808    6018    5551    6052    6832    6725    6171    6273    5619    5747    5477    5435    5577    6803    5750    7071    
61     1962 6355    6631    5721    7056    5875    5626    6920    7174    6907    6077    6027    5526    5617    5552    5710    5907    7481    7353    6968    
61     1963 6448    6957    6144    6782    6784    5670    6835    6584    6796    6558    6807    6987    5843    5700    5471    6067    6894    7543    6174    
61     1964 6452    6879    6128    6631    6605    5885    6346    6952    6776    6948    5953    6894    5910    5787    5958    6257    5961    6833    7190    
61     1965 6446    6871    6008    7100    6751    5612    6368    7223    6864    7152    6623    6474    5533    5277    6023    6127    6552    6420    7087    
61     1966 6516    6933    6099    7158    6707    5608    6737    7248    7136    7158    6623    6335    5850    5400    5581    6840    6706    6667    6703    
61     1967 6401    6753    5919    6851    6442    5547    6725    6768    7107    6597    6490    6242    5507    5529    5603    6157    6855    7160    6852    
61     1968 6407    6930    5786    6938    6213    5623    6810    6900    7072    6755    6307    5581    5877    5300    5700    5980    7026    7417    7013    
61     1969 6257    6987    5768    6813    6439    5411    6685    6881    6518    7039    6087    6181    5190    5810    5226    6120    6790    7140    6113    
61     1970 6053    6514    5752    6354    5910    5611    6303    6826    6100    6094    5753    5877    5667    5748    5419    6057    6090    6770    6235    
61     1971 6364    6454    5900    6724    5966    5701    6621    7261    6671    5726    6200    5981    5600    5781    5719    6127    6435    7307    7581    
61     1972 6800    7232    6400    7499    6658    6468    6840    7694    7203    7174    6457    6335    5960    6955    6474    6200    7413    6887    6823    
61     1973 6424    6980    6054    6987    6396    5748    6563    7129    7011    6619    6653    5923    5630    5561    6048    6527    6597    6563    6871    
61     1974 6431    6747    6079    6740    6501    5916    6642    6639    6707    7094    6043    6352    5930    5610    6210    6330    6558    7040    6671    
61     1975 6211    6569    5971    6683    5978    5905    6281    6706    6671    5790    5993    6152    5903    5719    6094    5963    6474    6400    6690    
61     1976 6460    6629    6162    6453    6921    5914    6587    6371    6286    7523    6390    6832    6047    5968    5732    6000    7084    6660    6597    
61     1977 6190    6584    5937    6364    6313    5638    6502    6594    5854    6648    6270    6019    5617    5665    5632    6437    6494    6577    6452    
61     1978 6146    6513    5733    6533    5999    5603    6264    6710    6429    6410    6007    5581    5393    5781    5629    6013    6552    6217    7026    
61     1979 6272    6618    6007    6654    6530    5842    6209    6555    6354    6968    5840    6761    5770    5777    5977    5897    6355    6370    6610    
61     1980 6188    6529    5946    6665    6198    5825    6119    6365    7045    6458    6417    5726    5640    5668    6161    6073    5874    6417    6458    
61     1981 6191    6415    5900    6657    6091    5718    6370    6848    6664    6255    6257    5768    5540    5561    6048    6237    6419    6453    6281    
61     1982 6330    6526    6073    6597    6415    5760    6445    6561    6986    6497    6497    6255    5640    5800    5835    6423    6539    6370    6606    
61     1983 6396    6476    6011    6467    6079    6061    6812    6368    6421    6545    5930    5758    6037    6226    5919    6200    6994    7237    7113    
61     1984 6215    6921    5712    6896    6058    5564    6467    6632    6945    6616    6433    5135    5450    5355    5884    6040    6310    7057    6771    
61     1985 6272    6745    5816    6697    6323    5668    6287    6803    6496    7016    5523    6403    5780    5429    5800    5953    6416    6487    7132    
61     1986 6322    6655    6031    6659    6302    5966    6482    6497    6314    7048    5743    6097    5810    5935    6148    6447    6455    6547    6794    
61     1987 6150    6495    5889    6508    6300    5689    6285    6161    6575    6448    6407    6048    5563    5774    5726    5820    6190    6847    6284    
61     1988 6089    6479    5639    6608    5866    5472    6251    6871    6672    6032    6187    5390    5167    5477    5761    5860    6555    6327    6784    
61     1989 6187    6440    5893    6283    6284    5726    6500    6055    5982    6887    5830    6119    5350    5806    6010    6237    6487    6777    6668    
61     1990 6041    6484    5631    6511    5810    5472    6370    6706    6121    6116    5867    5448    5393    5361    5658    6073    6468    6567    6710    
61     1991 6336    6775    5885    6816    6417    5801    6303    6842    6904    7165    6160    5919    5570    5874    5952    5833    6313    6763    6765    
61     1992 6064    6469    5877    6456    6215    5840    5869    6426    6159    6381    5847    6406    5597    5729    6187    5473    5681    6460    6400    
61     1993 6124    6213    5770    6448    6067    5414    6370    6681    6243    5823    5940    6435    5350    5174    5716    6007    6461    6640    7010    
61     1994 6237    6700    5707    6826    6092    5457    6668    6913    6525    6632    5930    5710    5323    5700    5342    6250    7239    6497    6777    
61     1995 6194    6666    5819    6638    5804    5879    6418    6619    6504    6342    5793    5277    5547    5784    6297    6217    6413    6623    6926    
61     1996 6403    6830    5873    6981    6450    5554    6659    7152    6859    7003    6060    6274    5303    5229    6123    6250    6658    7070    6855    
61     1997 6327    6783    5893    6790    6273    5775    6611    6877    6621    6610    6373    5839    5690    5594    6039    5830    6600    7403    6474    
61     1998 6225    6734    5825    6741    6038    5646    6259    7084    6657    6200    5747    6158    5613    5213    6110    6107    6206    6467    7145    
61     1999 6127    6570    5852    6764    5958    5732    6220    6874    6221    6468    5807    5594    5523    6119    5545    6537    6348    5770    6694    
61     2000 6176    6321    5836    6497    6257    5511    6378    6413    6376    6310    6580    5890    5390    5261    5877    6033    6510    6587    6894    
61     2001 6259    6654    5901    6904    6311    5579    6214    7039    6768    6135    6707    6103    5180    5529    6016    5873    6258    6510    7010    
61     2002 6483    6664    6140    7020    6214    5923    6836    6974    7082    6184    6387    6077    5837    5974    5955    6623    6661    7230    6871    
61     2003 6345    6831    6024    6804    6637    5666    6222    6890    6636    6690    6930    6300    5660    5568    5771    5930    5655    7100    7048    
61     2004 6305    6574    5949    6807    6040    5910    6537    6842    6510    6300    5877    5939    5863    5784    6081    6153    6674    6780    6855    
