EUROPEAN CLIMATE ASSESSMENT & DATASET (ECA&D), file created on: 16-11-2020
THESE DATA CAN BE USED FOR NON-COMMERCIAL RESEARCH AND EDUCATION PROVIDED THAT THE FOLLOWING SOURCE IS ACKNOWLEDGED: 

Klein Tank, A.M.G. and Coauthors, 2002. Daily dataset of 20th-century surface
air temperature and precipitation series for the European Climate Assessment.
Int. J. of Climatol., 22, 1441-1453.
Data and metadata available at http://www.ecad.eu

FILE FORMAT (MISSING VALUE CODE = -999999):

THIS FILE HOLDS DATA FOR STATION RUSSIAN FEDERATION                       XOSEDA-XARD                              (STAID:     75)
LATITUDE: dd:mm:ss +67:04:59
LONGITUDE: ddd:mm:ss +059:22:59
ELEVATION: m   82

DATA IS FOR INDEX Mean of daily average relative humidity (RH) with unit 0.01 Relative humidity (%)

01-06 SOUID: Source identifier
08-11 YEAR : YYYY
13-20 ANNUAL DATA VALUES
21-28 WINTER HALF YEAR DATA VALUES
29-36 SUMMER HALF YEAR DATA VALUES
37-44 WINTER (DJF) DATA VALUES
45-52 SPRING (MAM) DATA VALUES
53-60 SUMMER (JJA) DATA VALUES
61-68 AUTUMN (SON) DATA VALUES
69-76 JANUARY DATA VALUES
etc. 
157-164 DECEMBER DATA VALUES

75     1936 -999999 -999999 -999999 -999999 -999999 7235    -999999 -999999 -999999 -999999 -999999 -999999 6483    7200    7997    8700    -999999 -999999 -999999 
75     1937 -999999 -999999 -999999 -999999 -999999 -999999 -999999 -999999 -999999 -999999 -999999 -999999 -999999 8036    7955    8563    9145    -999999 -999999 
75     1938 8199    -999999 7895    -999999 8203    7662    8574    8587    8382    8606    8023    7974    7373    7455    8148    8397    8661    8660    8132    
75     1939 8332    8338    8104    8120    8202    7883    8931    8029    8207    8335    8030    8235    7167    7800    8658    8720    8990    9080    8703    
75     1940 8025    8532    7699    8274    8318    7211    8498    7916    8197    8303    8083    8561    6897    7055    7671    7923    8690    8873    8129    
75     1941 8028    8241    7786    8012    7715    7575    8844    7823    8093    7842    7993    7319    7323    7652    7742    8707    9035    8783    8048    
75     1942 8138    8336    7946    8126    8082    7573    8608    8168    8164    7816    8560    7884    6787    7648    8258    8543    8635    8643    8552    
75     1943 8251    8666    7690    8651    8143    7227    8933    8503    8925    8765    8267    7403    7110    6335    8232    8827    9032    8937    8745    
75     1944 8538    8829    8187    8826    8378    7890    9004    8652    9100    8529    8423    8184    7380    7681    8594    8863    9135    9010    8926    
75     1945 8390    8724    8124    8691    8408    7596    9012    8771    8343    8132    8633    8465    7027    7858    7884    8883    9316    8827    8532    
75     1946 8436    8986    7903    8971    8421    7748    8514    9165    9243    8852    8730    7690    7963    7416    7871    7773    8942    8813    8842    
75     1947 8219    8524    7983    8454    8050    7810    8676    8477    8000    8029    8130    7994    7197    8210    8003    8357    8913    8750    8539    
75     1948 8098    8562    7649    8459    8039    7313    8631    8510    8321    8332    8353    7442    6737    7484    7700    8187    8968    8727    8423    
75     1949 8304    8490    8086    8453    8028    7805    8931    8845    8054    7890    8267    7935    7660    7535    8216    8920    8948    8923    8445    
75     1950 8106    8396    7860    8082    8107    7559    8588    7835    7954    8245    8410    7674    7280    7329    8058    8423    8674    8663    8719    
75     1951 8242    8531    7901    8528    7921    7708    8777    8616    8218    8271    8017    7477    7067    7781    8255    8813    8794    8723    8865    
75     1952 8177    8627    7867    8614    8276    7404    8568    8777    8172    8406    8310    8113    7000    7071    8129    8587    8645    8470    8432    
75     1953 7892    8512    7358    8468    7516    7270    8297    8526    8443    8545    7207    6787    6380    7568    7832    8370    8387    8130    8532    
75     1954 8018    8213    7696    8229    7776    7483    8731    8058    8082    8071    7780    7477    7667    6813    7974    8490    9003    8690    8139    
75     1955 7860    8429    7546    8362    7457    7491    8360    8777    8150    7794    7517    7061    7007    7171    8281    8243    8674    8153    7500    
75     1956 7886    7966    7591    7640    7567    7425    8541    7832    7583    8032    7327    7335    6590    7877    7781    8627    8684    8307    8610    
75     1957 -999999 8440    7791    8633    7896    7339    -999999 8803    8471    7761    8413    7529    7530    6939    7555    8827    9213    -999999 -999999 
75     1958 -999999 -999999 -999999 -999999 -999999 7562    8886    9313    9304    -999999 -999999 8681    7267    7194    8216    8727    9352    8563    7574    
75     1959 8113    8210    7805    7808    7795    7475    9033    7968    7889    7897    7720    7765    6633    7632    8132    8947    8903    9253    8603    
75     1960 8142    8633    7701    8482    8113    7111    8779    8465    8372    8206    8413    7729    7193    6371    7771    8770    9006    8553    8884    
75     1961 8291    8754    7925    8814    8529    7216    8709    8713    8850    8523    8420    8642    7460    6177    8019    8860    8881    8380    8616    
75     1962 8323    8596    7873    8626    7951    7679    9033    8671    8586    8432    8117    7310    7457    7077    8497    8803    9042    9253    8671    
75     1963 8219    8556    8140    8409    8007    7990    8757    8274    8268    7823    8080    8119    7690    7477    8794    8680    9013    8570    7848    
75     1964 8095    8225    7855    7921    7936    7510    8786    7706    8228    7994    7993    7823    7163    7032    8323    8810    9274    8257    8545    
75     1965 8238    8498    7990    8310    8150    7746    8729    8235    8132    8500    7897    8045    7273    7565    8384    8777    8848    8557    8616    
75     1966 8205    8502    7977    8370    8189    7683    8713    8387    8079    8487    8203    7877    7157    7642    8232    8753    8432    8963    8248    
75     1967 8162    8516    7599    8363    8040    7187    8957    8219    8650    8610    8057    7455    6767    7242    7539    8557    9213    9093    8590    
75     1968 8356    8797    8186    8500    8447    8028    8465    8361    8552    8965    8350    8023    7767    7974    8335    8673    8465    8257    8548    
75     1969 8266    8349    8160    8446    8187    8010    8523    8313    8479    8045    8333    8187    7990    7452    8587    8420    8339    8817    8271    
75     1970 8056    8268    7814    8088    8047    7489    8616    7697    8318    8187    7870    8077    7247    7232    7981    8480    8797    8567    8245    
75     1971 8017    8182    7827    7998    7790    7643    8611    8203    7496    7729    7853    7790    7347    7161    8413    8400    8761    8667    8335    
75     1972 8008    8367    7786    8256    8075    7393    8322    8110    8328    8006    7887    8326    7223    6668    8284    8330    8790    7830    8306    
75     1973 7980    8162    7722    8079    7930    7328    8633    7729    8214    8097    8037    7661    7153    7126    7700    8677    8771    8447    8187    
75     1974 7970    8226    7623    7941    8140    6957    8645    7935    7675    8297    8197    7929    6367    6771    7713    8780    8790    8360    8787    
75     1975 8434    8526    8307    8464    8474    8142    8741    8387    8193    8603    8273    8539    8047    7929    8448    8607    8935    8673    8542    
75     1976 8117    8452    7730    8369    8052    7218    8773    8203    8362    8000    8103    8055    7000    6819    7829    8587    8852    8877    8742    
75     1977 8032    8572    7570    8478    7874    7213    8707    8548    8107    8271    7853    7497    6743    6858    8023    8460    8529    9137    8371    
75     1978 8170    8479    7943    8301    8097    7858    8553    8390    8125    8306    7730    8242    7813    7523    8235    8107    8616    8933    8010    
75     1979 8255    8346    7989    8127    7924    7916    8827    8235    8136    8142    8163    7474    7703    7474    8565    8567    8800    9117    8690    
75     1980 8205    8614    7844    8499    8046    7534    8700    8190    8624    8281    8220    7642    6950    7484    8148    8630    8619    8853    8835    
75     1981 -999999 8649    -999999 8910    7930    7664    -999999 8987    8907    7723    7843    8223    7360    7432    8190    -999999 8797    9140    8800    
75     1982 8215    8735    7901    8664    8079    7832    8438    8468    8732    8487    8403    7358    7397    7423    8661    8173    8516    8623    8377    
75     1983 8360    8515    8073    8422    8270    7802    8863    8387    8511    8681    8147    7977    7390    7448    8555    8927    8906    8753    8648    
75     1984 8153    8604    7863    8523    8162    7442    8615    8545    8366    8394    8050    8039    6883    7339    8087    8783    8835    8220    8287    
75     1985 7964    8108    7768    7781    8076    7399    8567    7584    7439    8219    7857    8145    6960    7071    8152    8420    8858    8413    8394    
75     1986 8148    8403    8023    8334    8024    7939    8610    8513    8071    8139    8020    7913    6927    8555    8303    8400    8794    8630    7487    
75     1987 7883    7970    7740    7516    7729    7726    8374    7384    7693    7829    7520    7832    7143    7629    8387    7907    8842    8357    8035    
75     1988 8028    8239    7807    8013    8127    7347    8564    8035    7966    8184    7777    8410    6893    7497    7635    8623    8726    8337    8229    
75     1989 7910    8225    7585    8127    7530    7398    8657    7877    8289    7903    7293    7387    6593    7629    7945    8653    8816    8497    8052    
75     1990 7884    8188    7667    7932    7780    7328    8451    7603    8164    8006    7793    7542    6787    6890    8290    8707    8629    8010    8203    
75     1991 8016    8026    7796    8001    7418    7837    8714    7826    7971    7510    7760    6997    7173    8194    8123    8530    8981    8623    8497    
75     1992 8357    8577    8214    8457    8215    8111    8565    8358    8521    8481    8037    8123    7597    7990    8729    8803    8435    8460    8745    
75     1993 8205    8561    7856    8629    8375    7248    8668    8529    8611    8587    8380    8158    6213    6845    8652    8887    8761    8353    8497    
75     1994 -999999 8270    -999999 8184    7873    7010    -999999 8319    7689    7945    8083    7597    6277    6877    7852    -999999 8490    8173    8448    
75     1995 8176    8384    7803    8442    7853    7801    8736    8448    8429    8310    7737    7510    7253    7752    8381    8177    9039    8983    8103    
75     1996 8114    8446    7867    8243    7743    8035    8398    8590    8021    7929    7650    7648    7623    8006    8461    7793    8861    8523    8232    
75     1997 8147    8229    7986    7981    7891    8117    8549    7861    7836    8032    8027    7619    7267    8790    8268    7923    9000    8710    8384    
75     1998 7950    8341    7986    8109    7970    7743    8213    8258    7639    8000    8013    7897    7517    7452    8255    8793    8268    7577    7703    
75     1999 8067    7606    8004    7446    7702    7928    8687    7152    7486    7439    7673    7994    7597    7616    8561    8580    9042    8427    9177    
75     2000 8369    8860    7904    8998    8352    7487    8957    8671    9155    8694    8763    7613    6987    6700    8758    8623    9374    8860    8274    
75     2001 8066    8469    7960    8156    8125    7728    8352    8400    7754    8097    8267    8016    7263    7900    8006    8303    8603    8140    8000    
75     2002 8100    8068    8046    7827    8049    7954    8644    7455    8046    8161    7843    8135    7257    7806    8777    8437    9045    8437    7781    
75     2003 8280    8232    8100    7919    8023    7904    9009    7829    8171    8132    8053    7884    7800    7723    8187    8970    9210    8840    8571    
