EUROPEAN CLIMATE ASSESSMENT & DATASET (ECA&D), file created on: 16-11-2020
THESE DATA CAN BE USED FOR NON-COMMERCIAL RESEARCH AND EDUCATION PROVIDED THAT THE FOLLOWING SOURCE IS ACKNOWLEDGED: 

Klein Tank, A.M.G. and Coauthors, 2002. Daily dataset of 20th-century surface
air temperature and precipitation series for the European Climate Assessment.
Int. J. of Climatol., 22, 1441-1453.
Data and metadata available at http://www.ecad.eu

FILE FORMAT (MISSING VALUE CODE = -999999):

THIS FILE HOLDS DATA FOR STATION RUSSIAN FEDERATION                       KRASNOUFIMSK                             (STAID:     84)
LATITUDE: dd:mm:ss +56:39:00
LONGITUDE: ddd:mm:ss +057:46:59
ELEVATION: m  205

DATA IS FOR INDEX Mean of daily average relative humidity (RH) with unit 0.01 Relative humidity (%)

01-06 SOUID: Source identifier
08-11 YEAR : YYYY
13-20 ANNUAL DATA VALUES
21-28 WINTER HALF YEAR DATA VALUES
29-36 SUMMER HALF YEAR DATA VALUES
37-44 WINTER (DJF) DATA VALUES
45-52 SPRING (MAM) DATA VALUES
53-60 SUMMER (JJA) DATA VALUES
61-68 AUTUMN (SON) DATA VALUES
69-76 JANUARY DATA VALUES
etc. 
157-164 DECEMBER DATA VALUES

84     1936 7134    -999999 6180    -999999 6523    5859    8019    8371    7534    7419    6903    5258    5367    6268    5926    7393    8145    8513    8526    
84     1937 7604    8134    7141    8147    7091    7333    7855    8248    7614    7719    6790    6755    6643    7565    7768    7303    8000    8257    8542    
84     1938 7263    8217    6311    8354    6853    6416    7605    8406    8089    7997    6997    5571    6420    6358    6471    6070    8203    8523    8097    
84     1939 7291    7937    6667    7774    6984    6383    7848    7471    7754    7574    7200    6184    5910    6145    7077    7503    7468    8587    8668    
84     1940 7262    8011    6513    8079    6892    6470    7712    7971    7566    7800    7073    5810    6393    6419    6594    6813    8016    8297    8394    
84     1941 7580    8006    7133    7963    7402    6854    8201    7774    7696    7839    7400    6968    6673    6652    7232    7890    8287    8423    8139    
84     1942 7553    7993    7105    7926    6862    7212    8115    8139    7454    7477    7043    6071    6980    7432    7216    7910    8426    8000    8465    
84     1943 7538    8014    7261    8008    7060    7329    7914    7797    7736    7632    7243    6310    7073    7161    7745    8053    7626    8073    8039    
84     1944 -999999 -999999 6877    -999999 -999999 6879    8002    -999999 -999999 -999999 6863    6403    5913    7016    7677    7370    8116    8517    8423    
84     1945 7680    8114    7350    8061    7641    6970    8111    8242    7461    7877    7637    7410    6253    6997    7635    8170    8119    8043    8271    
84     1946 7608    8107    7030    8192    7196    6772    8263    8106    8200    7906    7683    6013    5850    6997    7439    8220    8442    8120    8365    
84     1947 7692    8209    7213    8231    7440    7061    8204    8348    7954    7997    7563    6765    6427    7184    7552    7790    8177    8647    7919    
84     1948 7504    8110    6959    8045    6797    7033    8102    8394    7807    7713    7290    5403    6297    7368    7410    8010    8087    8210    8068    
84     1949 7441    7982    6838    8151    6918    6662    7965    8439    7925    7168    7773    5842    6247    6477    7248    7473    7861    8563    8326    
84     1950 7656    7955    7290    7977    6585    7633    8407    7845    7736    7400    6483    5868    7147    7706    8029    8517    8303    8403    8442    
84     1951 7364    8070    6772    8129    6783    6561    8010    8000    7925    7342    6323    6668    5743    7029    6884    7977    8265    7780    8439    
84     1952 7389    8035    6726    8195    6879    6771    7825    8329    7790    7584    7597    5481    6740    6481    7090    7003    8219    8240    8142    
84     1953 7338    8015    6599    7972    7023    6100    8108    8132    7607    7719    6377    6952    5713    6374    6200    7987    8035    8303    8655    
84     1954 7469    7966    6975    8063    6759    6965    8167    7848    7646    7287    6807    6184    6247    6971    7655    7990    8090    8423    8484    
84     1955 7380    8223    6819    8288    6933    6901    7624    8026    8361    7974    6413    6394    6110    7271    7297    7413    7413    8053    7881    
84     1956 7571    7704    7183    7741    6989    7159    8219    8045    7266    7552    7423    6006    5827    7665    7942    8230    8274    8150    8429    
84     1957 7529    8080    7019    8178    6697    7325    8021    7990    8107    7532    7563    5023    6033    7739    8161    7597    8481    7970    8174    
84     1958 7322    7988    6723    8057    6917    6265    8214    7926    8071    7313    6793    6642    5750    6300    6729    8143    8181    8320    7765    
84     1959 7679    7963    7307    7807    6912    7488    8493    7806    7854    7852    7537    5368    6950    7516    7981    8523    8594    8360    7845    
84     1960 7519    8000    7189    7890    6871    7218    7932    8142    7669    7381    6920    6313    6500    7500    7632    8270    7706    7827    8361    
84     1961 7712    7930    7448    7978    7380    7432    8174    7932    7604    8116    7423    6603    6947    7594    7739    8393    7987    8147    8048    
84     1962 7646    7908    7345    7869    6816    7740    8281    7935    7596    7710    6900    5842    7557    7503    8155    8133    8190    8523    7723    
84     1963 7439    7741    6995    7567    6668    7024    8316    7700    7246    7039    7160    5823    6217    6942    7887    7953    8455    8537    8290    
84     1964 -999999 -999999 7397    7849    -999999 7547    8108    8103    7107    -999999 7517    6484    7453    7303    7881    7763    8258    8297    8210    
84     1965 7525    8024    7154    7998    7067    7059    8077    8103    7646    7603    6990    6606    6293    6839    8019    8177    8097    7957    7965    
84     1966 7394    7794    7070    7688    7266    6925    7867    7619    7457    7642    7537    6629    6340    7210    7206    7503    7755    8347    7490    
84     1967 7618    7721    7346    7564    6957    7634    8153    7629    7575    7535    7340    6006    7067    8032    7784    7853    8110    8497    7987    
84     1968 7422    7920    7132    7757    6900    7415    7747    7771    7497    7652    6617    6423    6777    7777    7671    7513    7594    8140    7613    
84     1969 7563    7516    7366    7303    7137    7547    8031    7152    7129    7452    7100    6858    6743    7958    7913    7600    8387    8093    8303    
84     1970 7474    7898    7147    7797    6961    7213    8078    7529    7532    7513    7293    6087    6243    7158    8206    7893    8258    8077    7890    
84     1971 7612    7805    7209    7867    6593    7627    8141    7955    7743    6913    6530    6335    6943    7916    8000    7507    8310    8600    8571    
84     1972 7287    7979    6779    7845    6658    6655    8059    7371    7576    7439    7123    5426    6967    6358    6652    8213    7894    8077    8413    
84     1973 7520    7815    7206    7884    6576    7463    8229    7584    7632    7281    6830    5626    6043    8090    8210    8427    8016    8250    8248    
84     1974 7321    7908    6956    7707    7071    7104    7638    7577    7250    8055    7060    6097    6937    7048    7323    7287    7394    8243    7577    
84     1975 7231    7939    6352    8052    6567    6429    7712    8500    8082    7861    6470    5368    5850    6310    7110    7017    7819    8297    8132    
84     1976 7624    7882    7449    7942    6961    7957    7837    8013    7662    7368    7327    6200    7307    8384    8158    7303    8006    8197    7552    
84     1977 -999999 -999999 -999999 -999999 -999999 -999999 -999999 -999999 -999999 -999999 -999999 -999999 -999999 -999999 -999999 -999999 -999999 -999999 -999999 
84     1978 7728    -999999 7527    -999999 7057    7701    8275    8061    7671    7697    6920    6548    7170    7823    8094    8610    7877    8350    7910    
84     1979 7468    7901    6975    7814    6718    7162    8066    7429    8136    7739    6847    5574    6620    7332    7516    7980    8132    8083    8277    
84     1980 7496    7721    7246    7773    6717    7329    8220    7445    7583    6806    7227    6135    6510    7455    7997    8160    8445    8047    8142    
84     1981 7411    7945    7044    7991    6866    6867    8151    8000    7814    7210    7160    6239    6393    6852    7342    8300    7787    8377    7519    
84     1982 7505    7746    7032    7660    6899    6971    8256    7765    7700    7342    7187    6177    6653    6497    7752    7950    8458    8353    8252    
84     1983 7609    8114    7277    8200    6758    7451    8104    8155    8193    7287    6967    6026    7493    7487    7374    8347    8168    7797    8077    
84     1984 7597    7919    7184    7966    6617    7539    8392    8232    7562    7652    5947    6232    7130    7355    8119    8313    8661    8193    7739    
84     1985 7518    7819    7237    7556    6888    7527    7975    7690    7204    7381    7130    6161    7000    8023    7542    7567    8071    8283    8135    
84     1986 7478    7891    7140    7898    6659    7542    7904    8023    7496    7310    6160    6490    6720    7952    7929    7560    7981    8170    7903    
84     1987 7421    7825    7058    7810    6933    6792    8168    7626    7911    7381    7360    6071    5237    7552    7539    8590    8248    7663    7897    
84     1988 7224    7831    6699    7949    6732    6388    7775    8216    7721    7226    6783    6187    6007    6068    7077    8097    7381    7860    8090    
84     1989 7315    7681    6745    7793    6886    6657    7899    7765    7496    7484    6823    6348    5913    6129    7903    7350    7803    8547    8216    
84     1990 7774    8124    7379    8156    7014    7625    8255    8055    8200    7942    6613    6474    7320    7755    7790    8323    8316    8123    8397    
84     1991 7402    8090    6916    8058    6571    7232    7955    7987    7761    7923    6803    4994    6277    7426    7961    8047    7665    8163    7839    
84     1992 7401    7897    6903    8057    6689    6977    7841    8158    8183    7400    6927    5748    5643    7145    8100    7843    7652    8033    7987    
84     1993 7650    7821    7370    7867    6923    7652    8055    8087    7489    7655    6967    6148    6900    7997    8035    8173    8081    7910    8326    
84     1994 7476    7852    7177    7932    6417    7999    7622    8126    7282    7332    6207    5706    7217    8390    8365    7143    7435    8293    8161    
84     1995 7587    7946    7035    8121    6782    7391    8015    8029    8179    7610    6200    6516    7137    7219    7810    7313    8365    8357    8329    
84     1996 7622    8238    7022    8311    6733    7226    8271    8458    8134    7781    6773    5645    7027    7371    7274    8067    8210    8540    8216    
84     1997 7715    8311    7187    8293    7345    7193    8059    8581    8061    8242    6997    6784    6690    7045    7829    7773    8274    8123    8168    
84     1998 7427    8015    6813    8224    6593    6904    7902    8455    8032    7042    7097    5658    6470    6965    7265    7440    7974    8290    8484    
84     1999 -999999 -999999 -999999 -999999 -999999 -999999 -999999 -999999 -999999 -999999 -999999 -999999 -999999 -999999 -999999 -999999 -999999 -999999 -999999 
84     2000 7773    -999999 7387    -999999 7040    7579    8222    8106    8066    7448    6910    6758    7157    7542    8026    7923    8345    8393    8603    
84     2001 7648    8165    7247    8176    7076    7295    8356    8139    7743    7735    6637    6842    7130    7013    7735    8130    8465    8470    7739    
84     2002 7535    8080    6982    8004    6685    7307    8197    8106    8186    7535    5990    6506    6960    6952    7997    7470    8623    8483    7639    
84     2003 7588    7901    7256    7643    7079    7255    8065    7839    7432    7365    6740    7123    7177    7039    7548    7910    7874    8417    8577    
