EUROPEAN CLIMATE ASSESSMENT & DATASET (ECA&D), file created on: 16-11-2020
THESE DATA CAN BE USED FOR NON-COMMERCIAL RESEARCH AND EDUCATION PROVIDED THAT THE FOLLOWING SOURCE IS ACKNOWLEDGED: 

Klein Tank, A.M.G. and Coauthors, 2002. Daily dataset of 20th-century surface
air temperature and precipitation series for the European Climate Assessment.
Int. J. of Climatol., 22, 1441-1453.
Data and metadata available at http://www.ecad.eu

FILE FORMAT (MISSING VALUE CODE = -999999):

THIS FILE HOLDS DATA FOR STATION NORWAY                                   NESBYEN-SKOGLUND                         (STAID:    196)
LATITUDE: dd:mm:ss +60:34:06
LONGITUDE: ddd:mm:ss +009:07:18
ELEVATION: m  167

DATA IS FOR INDEX Mean of daily average relative humidity (RH) with unit 0.01 Relative humidity (%)

01-06 SOUID: Source identifier
08-11 YEAR : YYYY
13-20 ANNUAL DATA VALUES
21-28 WINTER HALF YEAR DATA VALUES
29-36 SUMMER HALF YEAR DATA VALUES
37-44 WINTER (DJF) DATA VALUES
45-52 SPRING (MAM) DATA VALUES
53-60 SUMMER (JJA) DATA VALUES
61-68 AUTUMN (SON) DATA VALUES
69-76 JANUARY DATA VALUES
etc. 
157-164 DECEMBER DATA VALUES

196    1956 7694    -999999 7153    -999999 6743    7405    8141    8397    7869    7643    6520    6041    6803    7052    8323    8124    7713    8632    9165    
196    1957 7920    8466    7340    8823    7002    7554    8416    8497    8807    8029    6200    6752    6690    7842    8103    8433    7971    8860    8890    
196    1958 7965    8379    7334    8782    6966    7226    8789    9094    8318    7148    7157    6600    6603    6903    8152    8603    8374    9403    9258    
196    1959 7680    8725    6539    8793    7275    6289    8341    8987    8064    8219    7497    6116    5917    6552    6387    6783    8919    9300    9419    
196    1960 8160    8814    7494    8970    7104    7713    8896    8977    8483    7777    6683    6839    6730    8329    8048    8310    8981    9393    9339    
196    1961 7885    8740    7227    9139    6787    7315    8403    9023    9046    6710    6820    6832    6590    7471    7861    7770    8497    8940    9129    
196    1962 7868    8563    7401    8776    7283    7403    8120    9181    7936    7645    7000    7194    6623    7542    8019    8007    7829    8533    8868    
196    1963 7992    8296    7330    8659    7318    7376    8593    8623    8468    7481    7233    7239    6960    6703    8452    7377    8726    9673    8997    
196    1964 7966    8654    7327    8669    7253    7324    8573    8726    8259    7552    7477    6739    7173    7323    7471    7797    9003    8903    9171    
196    1965 8019    8648    7520    8863    7209    7425    8613    9255    8089    7419    7433    6781    6837    7684    7735    8660    8255    8937    9139    
196    1966 8124    8697    7220    9112    7258    7361    8699    9171    9018    7700    6883    7177    6807    7303    7955    7170    9239    9670    9419    
196    1967 8172    8984    7625    9242    7591    7190    8954    9390    8882    7313    7227    8223    6340    7081    8123    8740    8761    9367    8655    
196    1968 7970    8579    7222    8740    6887    7084    8907    8958    8597    7165    6620    6868    6457    7413    7361    8617    8542    9573    9494    
196    1969 7914    8869    7113    9233    7225    6972    8302    9416    8743    7458    7607    6623    6583    7274    7045    7557    7961    9400    9361    
196    1970 8154    8865    7415    9350    7305    7457    8653    9497    9175    7842    7283    6790    6460    7971    7906    8063    8429    9473    9016    
196    1971 7915    8769    7310    8930    7408    7362    8010    9477    8229    7961    7063    7187    7377    7455    7255    7523    7861    8650    8939    
196    1972 8162    8732    7446    9249    7612    7534    8137    9471    9345    8161    7320    7345    7817    7345    7448    7410    7935    9073    9316    
196    1973 7695    8511    6970    9004    6865    6874    8333    9435    8182    7110    6347    7123    5883    7494    7213    7730    8471    8793    8542    
196    1974 7938    8651    7126    8828    6971    7190    8681    9084    8861    8177    6480    6239    6483    7561    7503    8493    8526    9030    8865    
196    1975 7371    8486    6548    8606    6803    6305    8286    8555    8375    7571    6347    6477    5820    6271    6810    7563    8245    9050    7445    
196    1976 -999999 7955    6353    8026    6233    6121    -999999 8387    8262    6394    5937    6358    6117    6197    6048    7477    9116    -999999 -999999 
196    1977 -999999 -999999 -999999 -999999 -999999 6899    8256    -999999 -999999 -999999 -999999 -999999 6763    6719    7210    7063    8700    8990    9113    
196    1978 7578    8657    6922    8891    6817    6999    7802    9000    8525    7613    6280    6542    6433    7461    7084    7723    7784    7900    8613    
196    1979 7825    8041    7186    8378    7173    7287    8398    8423    8068    7455    7507    6568    6633    7342    7865    7197    8681    9307    8861    
196    1980 7961    8717    7380    8824    7221    7511    8236    8865    8741    7868    6677    7100    7713    7374    7452    7970    7881    8870    9052    
196    1981 7943    8455    7406    8674    7366    7392    8407    8616    8321    7990    6643    7442    7387    7671    7119    8173    8332    8717    8916    
196    1982 7722    8693    6643    9063    7027    6576    8146    8974    9325    7955    6283    6819    6367    6587    6768    7027    8639    8757    9239    
196    1983 7622    8558    7054    8781    7575    6586    7720    8339    8764    7639    7283    7794    6780    6394    6590    7493    7155    8530    8797    
196    1984 7940    8275    7328    8818    7442    7045    8460    8858    8797    7558    7343    7423    6727    7113    7284    8087    8190    9113    8829    
196    1985 7826    8664    7172    8961    7032    7438    7879    9013    9050    7839    6567    6674    7503    7352    7461    7477    7497    8677    8887    
196    1986 7446    8326    6720    8757    7011    6801    7455    8890    8464    7565    6543    6910    6493    6229    7671    6453    7790    8110    8258    
196    1987 7724    7995    7127    8029    7165    7268    8269    7758    8075    7990    6663    6826    7753    6565    7503    7467    8377    8960    8784    
196    1988 7313    8492    6430    8915    6043    6795    7775    9090    8869    6913    5287    5906    5773    7084    7494    6993    8355    7957    8026    
196    1989 6942    7641    6198    7510    6355    6095    7834    7245    7232    7003    6357    5706    5723    5400    7148    6867    7987    8643    8013    
196    1990 7334    7907    6506    8248    5971    6613    8338    8894    7793    6126    6413    5387    6570    6442    6826    7427    8306    9283    8600    
196    1991 7521    8543    6519    8533    6562    6890    8026    9039    7900    8094    6170    5410    7160    6719    6800    6877    8045    9157    8900    
196    1992 7267    8091    6579    8249    6343    6448    8198    7948    7876    6642    6367    6023    5483    6139    7690    7767    7606    9240    8455    
196    1993 7310    7857    6703    8063    6326    6738    8014    8242    7432    6168    6480    6335    5797    6955    7432    7200    8139    8700    8816    
196    1994 7479    8354    6563    8744    6507    6472    8041    8800    8604    7100    6363    6052    5977    6010    7413    7570    7594    8973    9371    
196    1995 7286    8202    6443    8633    6223    6313    8144    8652    7796    6813    5723    6116    6443    6374    6126    7897    7742    8807    8984    
196    1996 7683    8314    6944    8764    6923    6813    8297    9013    8262    7090    6503    7161    6287    6874    7261    7563    8603    8713    8848    
196    1997 7306    8001    6652    8298    5834    7032    7922    8235    7757    5845    5193    6442    6987    6926    7181    7163    7906    8697    9342    
196    1998 7945    8305    7496    8763    7039    7479    8644    9013    7846    6994    7897    6255    7270    7677    7484    8430    8655    8847    8981    
196    1999 7822    8656    7091    8882    7053    7018    8481    9300    8311    7816    6803    6532    7490    6594    6987    8177    8674    8587    8629    
196    2000 7860    8026    7340    8171    6908    7267    8922    7774    8107    6410    7587    6748    6697    7587    7500    7927    9087    9747    9177    
196    2001 -999999 -999999 7178    8832    -999999 7236    8448    9352    7875    -999999 6740    6319    6610    7468    7610    8323    9210    7787    9423    
196    2002 7946    8515    7294    9149    6899    7426    8384    9494    8464    6687    6987    7026    7423    7681    7174    7473    8423    9253    9297    
196    2003 7872    8547    7190    8752    6957    7277    8748    8458    8475    7390    6257    7200    6707    7661    7445    7847    8652    9750    8652    
196    2004 7938    8828    7123    8854    7152    7110    8611    9329    8562    8039    7263    6158    6437    6940    7926    8017    9106    8693    8752    
196    2005 7636    8358    6948    8353    6560    7182    8471    8581    7693    7300    6010    6352    6477    7223    7823    7783    8742    8880    8848    
196    2006 7686    8429    6806    8691    6790    6363    9045    8655    8557    6919    6857    6597    5350    5913    7794    8330    9371    9500    8794    
196    2007 7486    8639    6726    8591    6429    7073    7832    8768    8171    7368    5873    6029    6280    7697    7216    7233    7939    8320    8929    
196    2008 7660    8256    6962    8698    6735    6866    8313    8868    8269    7213    7030    5971    6093    6571    7910    8213    8113    8620    9071    
196    2009 7642    8352    6822    8680    6790    6878    8298    8523    8421    7381    7017    5981    5663    7313    7619    7323    8494    9070    8932    
196    2010 7705    8634    6874    8503    6995    6936    8574    8570    7957    8729    6360    5874    6047    6742    7990    8230    8687    8800    8484    
196    2011 7723    8235    7281    8527    6216    7772    8477    8723    8357    6390    5947    6303    7340    7794    8168    8123    8229    9087    8261    
196    2012 7711    8036    7227    8280    6305    7662    8451    8823    7721    6110    6880    5945    7220    7616    8135    7567    8626    9153    8739    
196    2013 7562    8264    6943    8630    6462    6767    8474    8671    8464    5981    5927    7461    6963    5916    7429    7963    8819    8627    8587    
196    2014 7621    8428    6645    8731    6445    6591    8597    8948    8650    6965    6120    6239    5503    6626    7610    7757    8568    9467    9042    
196    2015 7378    8475    6518    8612    6249    6407    8471    8929    7786    7023    5457    6242    5657    6539    7000    8207    8190    9027    8487    
196    2016 7389    8147    6721    8107    6651    6738    8146    8148    7655    7371    6543    6035    5953    6887    7348    7553    8255    8627    8274    
196    2017 7448    8042    6780    8209    6235    6799    8493    8387    7939    6777    5807    6106    6647    6374    7371    8393    8187    8910    8519    
196    2018 7099    8192    6083    8427    6318    5743    7920    8616    8114    6819    6643    5503    5147    5081    6984    7163    7661    8943    8597    
196    2019 7392    8034    6631    8239    6328    6753    8264    8006    8100    6932    5817    6219    6677    6132    7448    7497    8561    8723    8632    
196    2020 -999999 7943    6456    7930    5709    6843    -999999 7819    7297    6606    5357    5152    6310    6774    7429    7713    9145    -999999 -999999 
