EUROPEAN CLIMATE ASSESSMENT & DATASET (ECA&D), file created on: 16-11-2020
THESE DATA CAN BE USED FOR NON-COMMERCIAL RESEARCH AND EDUCATION PROVIDED THAT THE FOLLOWING SOURCE IS ACKNOWLEDGED: 

Klein Tank, A.M.G. and Coauthors, 2002. Daily dataset of 20th-century surface
air temperature and precipitation series for the European Climate Assessment.
Int. J. of Climatol., 22, 1441-1453.
Data and metadata available at http://www.ecad.eu

FILE FORMAT (MISSING VALUE CODE = -999999):

THIS FILE HOLDS DATA FOR STATION FRANCE                                   LYON - ST EXUPERY                        (STAID:     37)
LATITUDE: dd:mm:ss +45:43:35
LONGITUDE: ddd:mm:ss +005:04:40
ELEVATION: m  235

DATA IS FOR INDEX Mean of daily average relative humidity (RH) with unit 0.01 Relative humidity (%)

01-06 SOUID: Source identifier
08-11 YEAR : YYYY
13-20 ANNUAL DATA VALUES
21-28 WINTER HALF YEAR DATA VALUES
29-36 SUMMER HALF YEAR DATA VALUES
37-44 WINTER (DJF) DATA VALUES
45-52 SPRING (MAM) DATA VALUES
53-60 SUMMER (JJA) DATA VALUES
61-68 AUTUMN (SON) DATA VALUES
69-76 JANUARY DATA VALUES
etc. 
157-164 DECEMBER DATA VALUES

37     1975 -999999 -999999 -999999 -999999 -999999 7292    8049    -999999 -999999 -999999 -999999 7645    7723    6887    7281    7657    7919    8577    8742    
37     1976 7218    8237    6310    8499    6899    5798    7778    8635    8093    7455    6970    6274    5093    6161    6116    7260    7839    8233    8497    
37     1977 7826    8057    7600    8293    7487    7586    7979    8242    8125    7416    6960    8068    7823    7239    7703    7800    7874    8267    8413    
37     1978 7718    8073    7244    8347    7379    7007    8245    8500    8104    7290    7533    7319    6597    6887    7523    7603    8181    8953    8152    
37     1979 7843    8380    7255    8407    7238    7347    8346    8648    8421    7948    7127    6635    7813    6552    7690    7740    8548    8743    8303    
37     1980 7995    8372    7634    8243    7784    7493    8323    8555    7845    8213    7380    7745    7703    7335    7448    8207    8432    8327    8723    
37     1981 7968    8426    7600    8670    7550    7512    8278    8697    8582    7806    7210    7623    7340    7594    7597    8237    7897    8713    8374    
37     1982 7810    8149    7283    8346    6757    7577    8473    8606    8025    7287    6310    6658    7520    7197    8013    8000    8855    8550    8694    
37     1983 7796    8586    7071    8684    7977    6361    8242    8839    8504    8068    7737    8119    6613    5645    6832    7500    8323    8900    8529    
37     1984 7833    8331    7413    8409    7536    7045    8288    8423    8266    7558    6857    8171    7543    6148    7458    8317    8497    8043    8726    
37     1985 7496    8195    7026    8474    7477    6755    7469    8610    8046    7229    7120    8071    7427    6619    6242    6683    7648    8070    8216    
37     1986 7909    8055    7415    8326    7745    7024    8281    8181    8607    7661    7833    7742    7623    6442    7026    7860    8545    8430    9026    
37     1987 8291    8638    7822    8974    7899    7791    8408    8829    9079    7958    7497    8229    8353    7645    7394    7820    8358    9047    9345    
37     1988 8010    8513    7536    8543    8071    7146    8373    8229    8021    8061    7913    8232    7733    6903    6819    7633    8552    8927    9106    
37     1989 7539    8485    6925    8879    7139    6534    7826    9065    8421    6845    8013    6587    6523    6558    6519    7387    7429    8677    8545    
37     1990 7365    7990    6717    8262    7117    6396    7699    8645    7525    7097    7630    6642    7157    6168    5887    6867    7739    8490    8574    
37     1991 7225    8051    6564    8222    6804    6418    7778    8235    7818    7442    6663    6303    6820    6271    6177    7180    8471    7660    7694    
37     1992 7728    8036    7177    8086    7064    7308    8216    8335    8238    7816    6680    6684    7603    7374    6955    7783    8061    8810    8423    
37     1993 7541    8163    6951    8504    6815    6733    8293    8429    8679    6648    6880    6919    6927    6619    6658    7723    8484    8667    7971    
37     1994 7530    7992    7046    7982    7253    6500    8229    8303    7639    6874    7613    7284    6803    6200    6506    7907    7871    8920    8490    
37     1995 7259    7943    6697    8039    6748    6448    7737    7729    7882    6790    7007    6455    6790    5952    6613    7403    7877    7927    8742    
37     1996 7506    7983    6951    8356    6868    6930    7934    8500    7790    7045    6297    7245    6603    6832    7345    7363    8013    8423    8590    
37     1997 7402    8047    6728    8343    6342    6917    7980    8932    7418    6855    5580    6568    7220    7300    6242    7460    8000    8480    8745    
37     1998 7288    8018    6648    8357    6628    6399    7918    8303    7986    6606    7147    6148    6717    6187    6303    7430    7952    8370    8397    
37     1999 7321    7984    6728    8201    7098    6422    7749    7974    8236    7013    7327    6961    6460    6113    6694    6830    8200    8203    7910    
37     2000 7301    7923    6752    8075    6941    6458    7723    8432    7869    6929    6973    6923    6097    6629    6635    7257    8023    7880    7971    
37     2001 7331    7735    6783    7748    7149    6403    7876    7981    7243    7268    7000    7174    6363    6268    6577    7327    7777    8527    8458    
37     2002 7518    7829    7136    8001    6826    7041    8087    8084    7404    6706    6483    7277    6357    7058    7687    7930    7871    8467    8858    
37     2003 6562    7799    5551    8206    5872    5132    7313    8423    7243    5903    5417    6281    5067    5400    4926    6217    7658    8053    8181    
37     2004 7268    7763    6509    7948    6760    6236    7893    7955    7693    7042    6843    6397    6000    5900    6800    7130    7923    8627    8919    
37     2005 7250    8197    6504    8484    6760    6228    7681    8468    8021    7223    6890    6171    6117    5971    6594    7310    7426    8317    8558    
37     2006 7198    8020    6443    8394    6829    6143    7446    8516    8079    7242    6643    6597    5560    5887    6965    7003    7494    7840    8574    
37     2007 7497    7855    6931    8212    6860    6948    7889    8352    7657    7197    6230    7132    7037    6571    7239    7373    7974    8317    8868    
37     2008 7491    8009    7050    8266    6879    6964    8049    8329    7555    6994    7003    6645    6997    6652    7245    7780    8039    8330    8332    
37     2009 6931    7900    6220    8078    6401    5895    7508    8174    7689    6829    6547    5832    6300    5668    5729    7293    7568    7660    7961    
37     2010 7213    7735    6579    8127    6726    6360    7538    8661    7718    6835    6177    7148    6850    5923    6323    7063    7465    8090    8326    
37     2011 7042    7901    6117    8304    5982    6250    7673    8335    8246    6984    5790    5165    6270    6435    6045    7023    7752    8240    8313    
37     2012 7103    7756    6589    8087    6521    6365    7608    8703    7186    6323    6727    6519    6503    6277    6319    7207    7387    8237    7861    
37     2013 7441    7929    6755    8204    7292    6310    7780    8477    8282    7374    6763    7723    6460    6116    6358    7113    7884    8340    8448    
37     2014 7109    7788    6493    8056    6342    6435    7654    8194    7468    6384    6310    6332    5380    7110    6781    7023    7665    8273    8381    
37     2015 6826    7836    5854    8019    6346    5492    7605    8113    7514    7052    5850    6119    6017    4816    5661    6693    7997    8113    8013    
37     2016 7414    7897    6642    7959    7090    6477    7744    8132    7717    7406    6890    6968    7077    6332    6042    6563    8300    8350    9181    
37     2017 6813    8081    6087    8337    6480    5853    7021    8319    7421    6861    6047    6519    5957    5787    5819    6397    6948    7720    7987    
37     2018 6896    7424    5969    7637    6509    5808    7380    7623    7264    6997    5660    6842    6160    5519    5755    5870    7597    8667    8797    
37     2019 6953    7856    6140    8197    6455    5857    7518    8319    7396    6342    6393    6629    6007    5158    6410    6253    7868    8420    8255    
37     2020 -999999 -999999 -999999 -999999 -999999 -999999 -999999 -999999 -999999 -999999 -999999 -999999 -999999 -999999 -999999 -999999 -999999 -999999 -999999 
