EUROPEAN CLIMATE ASSESSMENT & DATASET (ECA&D), file created on: 16-11-2020
THESE DATA CAN BE USED FOR NON-COMMERCIAL RESEARCH AND EDUCATION PROVIDED THAT THE FOLLOWING SOURCE IS ACKNOWLEDGED: 

Klein Tank, A.M.G. and Coauthors, 2002. Daily dataset of 20th-century surface
air temperature and precipitation series for the European Climate Assessment.
Int. J. of Climatol., 22, 1441-1453.
Data and metadata available at http://www.ecad.eu

FILE FORMAT (MISSING VALUE CODE = -999999):

THIS FILE HOLDS DATA FOR STATION RUSSIAN FEDERATION                       ORENBURG                                 (STAID:     91)
LATITUDE: dd:mm:ss +51:40:59
LONGITUDE: ddd:mm:ss +055:06:00
ELEVATION: m  115

DATA IS FOR INDEX Mean of daily average relative humidity (RH) with unit 0.01 Relative humidity (%)

01-06 SOUID: Source identifier
08-11 YEAR : YYYY
13-20 ANNUAL DATA VALUES
21-28 WINTER HALF YEAR DATA VALUES
29-36 SUMMER HALF YEAR DATA VALUES
37-44 WINTER (DJF) DATA VALUES
45-52 SPRING (MAM) DATA VALUES
53-60 SUMMER (JJA) DATA VALUES
61-68 AUTUMN (SON) DATA VALUES
69-76 JANUARY DATA VALUES
etc. 
157-164 DECEMBER DATA VALUES

91     1936 6693    -999999 5351    -999999 6648    4715    7205    8497    7745    7958    7237    4768    4213    5377    4539    6020    7487    8100    8403    
91     1937 6713    8048    5739    8100    6943    5557    6510    8023    7850    8410    6060    6332    6253    5539    4900    5363    6610    7553    7723    
91     1938 6816    7755    5486    7951    6928    5155    6957    7868    8296    8529    6360    5877    5177    5190    5100    5223    6765    8890    8610    
91     1939 6681    8212    5108    8508    6191    4840    7135    8300    8625    8142    5800    4619    4327    5152    5026    5743    7665    7980    8884    
91     1940 6484    8040    4845    8029    6572    4436    6943    7552    7624    8506    5997    5194    5183    4668    3481    4590    7842    8367    8826    
91     1941 7420    8319    6658    8362    7822    6312    7419    8394    7814    8626    7773    7065    6150    6290    6490    6183    7916    8140    8194    
91     1942 -999999 8135    6236    8096    7568    5714    7162    8300    7761    8465    8333    5932    6407    5926    4832    6053    7303    8159    -999999 
91     1943 6738    -999999 5752    -999999 6735    5752    6463    7858    7907    8219    6863    5126    5900    5265    6097    5290    6490    7607    8303    
91     1944 6660    7695    5776    8043    6298    6123    6471    7987    7824    7965    5527    5377    5977    6710    5677    5373    6352    7693    7468    
91     1945 -999999 -999999 7072    -999999 -999999 6785    7701    -999999 -999999 -999999 7463    6932    6143    6642    7548    7703    7887    7507    8155    
91     1946 -999999 7925    -999999 8198    6930    -999999 -999999 8045    8414    7577    7110    6110    -999999 -999999 -999999 -999999 -999999 -999999 -999999 
91     1947 -999999 -999999 6611    -999999 7091    6600    7877    -999999 -999999 8789    6570    6116    6380    6400    7013    7200    7677    8760    -999999 
91     1948 7102    -999999 5913    -999999 7082    5321    7816    8503    7910    8242    7660    5361    5167    6039    4752    6553    7987    8903    8190    
91     1949 -999999 -999999 5807    -999999 -999999 5073    6960    -999999 -999999 -999999 8360    5716    4950    4642    5623    5600    7100    8420    8145    
91     1950 6939    8072    5974    8232    6348    6215    6918    7958    8632    8307    6253    4545    5937    6442    6258    6433    6755    7570    8332    
91     1951 6536    7769    4858    8049    6255    4198    7485    8010    7779    8165    5470    5106    4387    4552    3661    6013    7955    8503    8990    
91     1952 6835    8497    5556    8754    6905    4970    7171    8819    8431    8245    8193    4319    4830    4981    5094    5997    7248    8267    7694    
91     1953 -999999 -999999 5888    -999999 -999999 5145    7392    7519    -999999 -999999 7033    6290    5457    5113    4874    6607    7535    8030    8632    
91     1954 6889    7980    5899    8048    7329    5257    7218    7958    7500    8177    7867    5961    5560    4790    5429    5840    7571    8230    7845    
91     1955 6358    7989    4951    8103    6103    4655    6481    8290    8182    7842    5723    4732    3447    4713    5768    5313    5794    8360    8226    
91     1956 7203    7582    6306    7697    7416    5588    7909    7690    7138    8281    7540    6432    5193    5887    5671    7143    7832    8753    8861    
91     1957 6822    8303    5456    8392    6552    5415    7002    8116    8179    8081    7247    4352    4553    5548    6116    4933    7839    8207    8748    
91     1958 7184    8274    6331    8527    7234    5712    7536    8210    8632    8039    7720    5958    5363    5942    5819    7223    6984    8420    8042    
91     1959 7164    8037    6129    8156    6699    5916    7881    8048    8400    8377    7263    4474    6013    5739    6000    7357    8516    7750    8139    
91     1960 7126    8232    6306    8318    7111    6263    6643    8506    8307    8161    7347    5832    5837    6935    6003    5887    6465    7583    8661    
91     1961 7033    7926    5999    8346    6637    5792    7342    8261    8089    8503    6630    4777    5473    6094    5800    7263    6748    8033    8806    
91     1962 6871    7993    5811    8236    6638    6100    6879    8184    7661    8494    5427    5955    5920    5790    6584    5163    7365    8093    7803    
91     1963 6709    7808    5508    7863    6275    5489    7134    7913    7875    7816    6267    4742    4927    5377    6145    5597    7297    8503    8110    
91     1964 7308    7834    6699    7835    7038    6779    7496    8184    7169    7723    7500    5906    6370    7052    6903    6473    7352    8667    8387    
91     1965 6555    7932    5240    7906    6314    5078    7114    7694    7607    7881    6117    4939    4950    5435    4845    5170    7835    8313    7919    
91     1966 6460    7849    5538    7687    6466    5229    6980    7442    7700    7887    6593    4923    5983    5055    4674    6063    6648    8240    6468    
91     1967 6252    7388    4852    7259    5434    4852    6843    7739    7604    7681    4317    4268    4813    5652    4090    5993    7235    7287    8394    
91     1968 6607    7796    5726    7920    6604    5724    6568    7735    7610    8487    6020    5287    6243    6003    4942    5890    5774    8067    7277    
91     1969 6623    6915    5720    6762    6338    5953    7178    6313    6689    7384    6650    4990    5653    6561    5635    4830    8394    8270    8077    
91     1970 6988    8024    6039    7849    6776    5861    7446    8203    7204    7926    6933    5474    6083    5739    5768    6277    7952    8093    8213    
91     1971 6905    8032    5537    8108    6691    5665    7015    8194    7896    7835    6823    5419    6003    5790    5213    3980    8213    8813    8716    
91     1972 6324    8184    4854    7957    6311    4464    6627    7261    7890    8213    6787    3948    5267    4123    4029    5053    6294    8547    8594    
91     1973 7015    7729    6075    7912    6101    6189    7859    7600    7504    7842    6003    4455    5670    6416    6465    7473    7261    8863    8677    
91     1974 6733    8049    6116    7911    6721    6067    6920    7323    7714    8452    6530    5174    6230    6129    5848    6823    5681    8297    6726    
91     1975 6121    7646    4239    7814    5883    3928    6404    8535    8221    8494    5443    3697    3593    3839    4342    4550    6790    7860    8197    
91     1976 6741    7618    5768    7859    6439    5764    7097    8152    7186    7503    6880    4948    5570    6303    5413    5517    7626    8130    7668    
91     1977 6957    8049    5645    8006    6541    5565    7519    8271    8086    8519    6080    5010    5640    5445    5613    6113    7555    8887    8342    
91     1978 7266    8267    6279    8221    6986    6277    7618    8081    8243    8513    6747    5690    6683    6826    5335    6427    7574    8853    8306    
91     1979 7283    8291    6285    8140    7087    6205    7660    7606    8546    8900    7857    4529    6443    6797    5384    6773    7868    8333    8490    
91     1980 7081    8222    5779    8273    6766    5461    7847    7848    8493    8323    7330    4665    5420    5152    5810    6357    8448    8717    8484    
91     1981 7063    8374    6066    8204    7235    5423    7597    7945    8182    8458    7330    5919    5090    5155    6013    6923    7171    8710    7958    
91     1982 7027    8080    5630    8023    6720    5335    7726    8116    7993    8542    6970    4655    4903    5245    5842    6200    8010    8960    8942    
91     1983 7292    8576    6034    8732    7091    5749    7596    8716    8518    8319    6613    6326    5883    5913    5455    6030    8200    8537    9045    
91     1984 6664    8354    5497    8425    6091    5677    7184    8245    7955    8119    6033    4119    5780    4497    6758    5830    7710    7993    6974    
91     1985 6730    7592    5532    7418    6243    5655    7211    7716    7579    7590    6817    4342    5287    6000    5668    5100    7887    8623    8194    
91     1986 6840    8024    5710    7914    6385    5672    7454    8171    7321    7897    6167    5084    5783    5771    5465    6017    7865    8467    8094    
91     1987 7042    7952    6310    8090    6653    5745    7754    7981    8207    7139    8077    4790    4890    6045    6271    7847    7687    7730    7968    
91     1988 6575    7725    5656    7660    6789    4954    6895    7694    7297    7948    6880    5542    4740    4774    5342    6703    5877    8137    8013    
91     1989 6839    7634    5884    8018    6829    5741    6687    8248    7768    7787    6470    6219    5237    5603    6368    5387    7000    7663    8319    
91     1990 -999999 7884    -999999 8146    6984    -999999 7589    8058    8050    8223    6947    5781    -999999 6739    7494    6760    7761    8240    7945    
91     1991 6690    8054    5575    8078    6168    5524    6995    8255    8029    8100    6043    4358    5720    5658    5200    6520    6194    8297    8029    
91     1992 7095    7757    6272    8105    6857    6254    7215    8319    7959    7777    7140    5661    5527    6348    6865    6090    7339    8213    7910    
91     1993 7175    7845    6543    7879    6716    6698    7327    8226    7461    7897    7393    4881    6923    6555    6623    6937    7439    7603    8200    
91     1994 7163    7857    6521    8014    6884    7095    6630    8148    7661    8061    6953    5639    6680    7752    6839    5243    6423    8230    8329    
91     1995 6308    7773    4916    8064    5985    4775    6586    7494    8404    7835    4917    5168    4767    4339    5219    5090    6529    8140    7926    
91     1996 6427    7503    5595    7579    6675    5101    6343    7500    7293    7635    7403    5010    5207    5019    5081    5907    5755    7387    7994    
91     1997 -999999 7540    6119    7961    7086    5976    6926    7826    8075    8248    6727    6271    5850    6587    5487    5793    7245    7730    -999999 
91     1998 6116    -999999 4880    -999999 5903    4751    5868    8155    8086    7465    6373    3887    4140    5013    5081    4807    5535    7273    7706    
91     1999 6295    7129    5307    7619    5808    5207    6570    7594    7550    7161    5687    4571    5543    5323    4765    5993    6468    7253    7726    
91     2000 7017    7381    6340    7685    6667    6468    6965    7703    7621    7529    6123    6332    6473    7116    5816    6170    7281    7433    8584    
91     2001 6777    7856    5587    8204    6191    5360    7682    8326    7650    7829    5290    5426    5803    4942    5348    6750    7897    8393    7729    
91     2002 6859    8216    5661    8280    6465    5739    6967    8503    8643    8177    6087    5119    6107    5323    5800    5553    7252    8087    7781    
91     2003 7021    7743    6421    7706    6976    6596    6622    7968    7332    8010    6183    6710    6530    7261    5994    5827    5965    8097    8358    
