EUROPEAN CLIMATE ASSESSMENT & DATASET (ECA&D), file created on: 16-11-2020
THESE DATA CAN BE USED FOR NON-COMMERCIAL RESEARCH AND EDUCATION PROVIDED THAT THE FOLLOWING SOURCE IS ACKNOWLEDGED: 

Klein Tank, A.M.G. and Coauthors, 2002. Daily dataset of 20th-century surface
air temperature and precipitation series for the European Climate Assessment.
Int. J. of Climatol., 22, 1441-1453.
Data and metadata available at http://www.ecad.eu

FILE FORMAT (MISSING VALUE CODE = -999999):

THIS FILE HOLDS DATA FOR STATION FRANCE                                   PERPIGNAN                                (STAID:     36)
LATITUDE: dd:mm:ss +42:44:13
LONGITUDE: ddd:mm:ss +002:52:22
ELEVATION: m   42

DATA IS FOR INDEX Mean of daily average relative humidity (RH) with unit 0.01 Relative humidity (%)

01-06 SOUID: Source identifier
08-11 YEAR : YYYY
13-20 ANNUAL DATA VALUES
21-28 WINTER HALF YEAR DATA VALUES
29-36 SUMMER HALF YEAR DATA VALUES
37-44 WINTER (DJF) DATA VALUES
45-52 SPRING (MAM) DATA VALUES
53-60 SUMMER (JJA) DATA VALUES
61-68 AUTUMN (SON) DATA VALUES
69-76 JANUARY DATA VALUES
etc. 
157-164 DECEMBER DATA VALUES

36     1924 -999999 -999999 -999999 -999999 -999999 -999999 -999999 -999999 -999999 -999999 -999999 -999999 -999999 -999999 -999999 -999999 -999999 -999999 7665    
36     1925 6296    -999999 5870    7361    6134    5648    6430    7423    6957    5910    6423    6077    5300    5735    5897    5787    6568    6930    6590    
36     1926 6164    6686    5456    7068    5786    4952    7011    7390    7239    5458    6053    5855    4843    5077    4932    5993    7303    7727    6197    
36     1927 6211    6773    5696    6367    5928    5600    6516    6442    6471    6497    5267    6000    5587    5558    5655    6107    6958    6470    7500    
36     1928 6067    6666    5521    6643    5758    5291    6881    6210    6190    6629    5243    5384    5270    4745    5858    6647    7100    6890    6635    
36     1929 6186    6745    5475    6613    5889    5033    7093    6539    6671    6629    5450    5574    5417    4797    4897    6753    7223    7300    7035    
36     1930 6742    7264    6169    7350    6414    6116    7012    8052    6921    7023    6467    5755    6363    5600    6394    6460    7126    7447    7313    
36     1931 6176    6816    5678    6292    6513    5422    6866    5952    5539    7416    5727    6371    5723    4903    5648    5697    7074    7820    6184    
36     1932 6746    6836    6366    6437    6357    6382    7118    6742    6383    6813    6227    6026    6307    6290    6545    6807    6626    7937    8242    
36     1933 6181    7003    5483    6996    5677    5007    7438    6381    6296    6497    5307    5216    5120    4726    5177    7393    7523    7397    7171    
36     1934 6206    6687    5837    6439    5957    5343    7007    6574    5479    5887    6800    5210    5017    5374    5629    7033    6832    7160    7445    
36     1935 6265    6562    5928    6533    5904    5573    7036    6126    5975    5794    5560    6348    5813    4835    6077    6950    6681    7490    7523    
36     1936 6860    7295    6401    7487    7075    5823    7062    7732    7186    7155    7187    6887    6387    5545    5555    6883    6532    7787    7529    
36     1937 6166    7091    5181    7313    5743    4786    7145    7319    7068    6332    5533    5358    5530    4648    4203    5860    7823    7730    6677    
36     1938 6362    6798    5841    6479    5624    5382    7766    6471    6268    5800    4613    6426    5273    4823    6045    7873    7800    7623    7316    
36     1939 6728    7206    6281    7251    5921    6347    7422    7623    6768    6077    6300    5397    6333    5926    6781    6973    7545    7743    7290    
36     1940 -999999 7471    -999999 7569    -999999 -999999 -999999 7261    8197    6845    5923    -999999 -999999 -999999 -999999 -999999 -999999 -999999 -999999 
36     1941 -999999 -999999 -999999 -999999 -999999 -999999 -999999 -999999 -999999 -999999 -999999 -999999 -999999 -999999 -999999 -999999 -999999 -999999 -999999 
36     1942 -999999 -999999 -999999 -999999 -999999 -999999 -999999 -999999 -999999 -999999 -999999 -999999 -999999 -999999 -999999 -999999 -999999 -999999 -999999 
36     1943 -999999 -999999 -999999 -999999 -999999 -999999 -999999 -999999 -999999 -999999 -999999 -999999 -999999 -999999 -999999 -999999 -999999 -999999 -999999 
36     1944 -999999 -999999 -999999 -999999 -999999 -999999 -999999 -999999 -999999 -999999 -999999 -999999 -999999 -999999 -999999 -999999 -999999 -999999 -999999 
36     1945 -999999 -999999 6268    -999999 6607    6002    7013    -999999 -999999 6565    6283    6961    5997    5626    6384    6353    6761    7933    6374    
36     1946 6879    6987    6707    6728    7470    6045    7052    7477    6289    7052    7610    7752    6593    5648    5910    6753    7319    7073    7026    
36     1947 6635    7238    6226    7242    6786    5853    6931    7458    7243    7303    6360    6681    5817    6068    5674    6767    7677    6323    6265    
36     1948 -999999 6860    -999999 6725    6705    -999999 7016    7039    6883    6955    6387    6765    5573    -999999 -999999 6873    6832    7350    7303    
36     1949 6666    6848    6330    6763    6462    5879    7396    6561    6389    6623    6467    6297    6123    5532    5990    7610    7271    7310    7823    
36     1950 6616    7121    6374    7282    6678    6072    6867    7258    6711    6323    6827    6890    6100    5842    6274    6313    7252    7023    6577    
36     1951 6884    6927    6714    6878    6972    6415    6970    7155    6904    6652    6783    7474    6530    5868    6852    6773    7419    6703    7474    
36     1952 6392    7007    5932    6967    6690    5588    6604    6768    6638    7006    6950    6123    5700    5097    5971    5770    7045    6983    6658    
36     1953 6758    6587    6514    6340    6425    6455    7444    6429    5889    6461    6683    6139    7133    6184    6071    6910    7639    7777    7748    
36     1954 6345    7136    6039    6711    6582    5761    6753    6490    5807    7245    6223    6265    6090    5090    6113    6477    6945    6830    6526    
36     1955 6470    6845    5989    7050    5912    6211    -999999 7958    6625    6165    5173    6374    6597    5868    6181    5727    6535    -999999 7548    
36     1956 6488    -999999 6272    6664    6415    6065    6896    7171    5176    6865    6340    6039    5873    6135    6181    7080    7032    6570    7306    
36     1957 6654    6923    6379    6999    6535    6454    6849    6742    6943    6932    6223    6439    7073    5881    6429    6240    6942    7363    6677    
36     1958 6491    6853    6163    6839    6080    6090    6655    6958    6886    6310    5287    6619    6380    5965    5935    6793    6148    7040    7597    
36     1959 7017    7185    6645    7506    6904    6127    7696    7106    7846    7429    6687    6590    6060    5919    6400    8250    7613    7227    7161    
36     1960 6568    7081    6210    6896    6098    6349    6943    6690    6831    6955    5643    5681    5947    6135    6952    6897    6926    7007    7142    
36     1961 6712    6819    6383    7163    6115    6013    7469    7371    6957    5532    6767    6068    6243    5742    6061    7460    7529    7417    7452    
36     1962 6437    6881    6076    6761    6210    5811    7119    6719    6043    6061    6763    5823    5790    5561    6081    6463    7710    7163    7042    
36     1963 6719    7082    6369    7016    6066    6414    7236    7152    6836    6568    6270    5368    6453    6139    6652    7367    7200    7143    7500    
36     1964 6748    7212    6364    7348    6603    6025    7063    7806    6697    6890    6383    6529    5843    5971    6255    7217    6852    7127    7394    
36     1965 6651    6781    6244    6679    6079    6232    7673    6826    5725    6671    5660    5894    6307    6258    6132    7227    8706    7050    7255    
36     1966 6393    7163    6140    7263    6046    5853    6859    7148    7400    5435    6523    6194    5847    5294    6419    6580    7539    6437    5994    
36     1967 6404    6720    5966    6749    6088    5624    7227    7071    7229    6090    5723    6439    5287    5816    5758    6767    7316    7597    5826    
36     1968 6540    6750    6008    6395    5761    6197    7332    6106    7310    6410    6820    4087    5927    6252    6403    6603    7448    7940    7265    
36     1969 6929    7258    6733    6977    6943    6362    7607    7426    6161    7226    6803    6797    6407    6552    6129    7737    7848    7227    6781    
36     1970 6666    6961    6383    6827    6079    6404    7235    7668    5946    6206    5593    6423    6683    5729    6810    7063    7290    7350    7161    
36     1971 6828    6845    6702    6909    6783    6264    7066    7458    6021    5723    7617    7035    6027    6216    6542    6783    7913    6473    8032    
36     1972 6999    7434    6405    7659    6590    6205    7597    7494    7438    7226    6173    6358    6663    5761    6206    7300    7600    7890    7910    
36     1973 6231    6985    6208    6953    5757    6223    6457    7094    5739    5584    5120    6545    6027    5719    6916    6900    6219    6260    6581    
36     1974 6657    6682    6374    6718    6752    6066    7007    6948    6614    7448    6413    6384    5853    5858    6481    7270    6413    7357    6848    
36     1975 6701    6747    6686    6850    6477    6528    6734    6974    6714    6190    6290    6945    6640    6300    6648    7297    6629    6280    7497    
36     1976 6578    6534    6391    6771    6420    5966    7202    5597    7252    5987    6660    6619    5490    5771    6623    7190    7555    6850    7381    
36     1977 6853    7138    6563    7187    6799    6495    6935    7297    6850    6858    6263    7258    6773    6377    6342    6357    7832    6587    7394    
36     1978 6521    7006    6150    7192    6288    6199    6386    6839    7361    6045    6240    6577    6437    5868    6300    5467    6381    7310    7490    
36     1979 6546    6974    6183    7259    6490    5630    7089    7597    6629    6416    6153    6890    5990    4768    6145    7173    7694    6380    6713    
36     1980 6743    7007    6360    6965    6625    6063    7351    7065    7128    7048    6093    6716    6133    5781    6277    7170    6968    7927    6652    
36     1981 6859    7110    6708    6717    7272    6243    7188    6787    6711    7603    7123    7084    5607    6561    6542    7330    7274    6957    6697    
36     1982 6438    7065    5899    7204    5878    5829    6764    7397    7554    6558    5233    5823    5833    5629    6026    6860    6484    6957    6987    
36     1983 6658    6508    6585    6601    6337    6660    7071    6019    6818    5829    6580    6610    6593    6845    6539    6337    6568    8327    6887    
36     1984 6461    6856    6215    6610    6325    6280    6608    6706    6210    6442    6147    6381    6587    6184    6081    5913    6600    7310    6965    
36     1985 6356    6545    6170    6523    6267    6104    6635    5697    6950    5810    6283    6710    6457    5987    5881    5700    7226    6960    6671    
36     1986 6495    6967    6154    6982    6752    5732    6611    6932    7382    6671    6930    6661    5730    4987    6477    6147    7355    6307    6416    
36     1987 6653    6584    6350    6466    6278    6208    7138    6335    6664    6426    6623    5797    6190    6313    6119    7083    7606    6710    7968    
36     1988 6772    6992    6873    7319    6853    6592    6989    7639    6283    5690    7260    7623    6803    6235    6745    6573    7474    6903    6023    
36     1989 6927    6765    6460    6574    6774    6058    7453    7181    6514    6474    6820    7029    5823    5932    6410    6747    7371    8243    8535    
36     1990 6696    7766    6345    8076    7039    5878    6551    7848    7818    6803    7000    7313    7383    5210    5090    6123    6935    6580    6371    
36     1991 7038    6956    6526    6819    6800    6466    7751    6981    7136    7739    6373    6274    6500    6245    6655    7120    7684    8450    7319    
36     1992 7717    7630    7474    7659    6933    7583    8234    8416    7214    6694    6857    7245    7577    7274    7897    7993    8326    8380    8697    
36     1993 7072    8393    6491    8447    7950    5637    7003    8477    8136    8316    8290    7255    5717    5345    5852    6520    7068    7420    6555    
36     1994 6419    6648    6026    6544    6110    5759    7096    6065    7064    5781    5937    6606    5273    5787    6200    6337    7697    7233    7084    
36     1995 6244    6660    5732    6547    5760    5552    6791    6168    6371    5397    5587    6290    5133    5835    5674    5850    7916    6570    8094    
36     1996 6671    7378    6130    7608    6611    5957    6522    8239    6414    6945    6317    6561    5880    5655    6332    6027    6610    6927    8077    
36     1997 6816    7074    6595    7837    5984    6678    7141    8194    7175    5468    5593    6877    6973    5994    7077    7047    6903    7480    7039    
36     1998 6412    7027    6106    7278    6274    5682    6474    7281    7539    5987    6667    6181    5923    5384    5745    6770    6739    5903    6916    
36     1999 6615    6459    6584    6614    6777    6161    7025    7155    5682    6265    6367    7687    5870    5906    6697    6960    7310    6797    6584    
36     2000 6644    6668    6509    6702    6535    6323    6648    7065    6441    5803    6940    6874    6427    6077    6468    6273    6710    6960    7677    
36     2001 6298    7114    5692    7221    6398    5507    6596    7913    5950    7358    5557    6252    5147    5610    5752    5817    7739    6193    6174    
36     2002 6614    6668    6215    6522    6268    6132    6989    7268    6082    6477    6030    6290    6400    5742    6261    6580    7187    7193    7797    
36     2003 6661    7205    6093    7173    6766    5684    7113    6623    7093    7326    6757    6216    6520    5216    5342    6557    6861    7930    7568    
36     2004 6516    7080    6255    7098    6583    5866    6966    6800    6914    6426    6600    6723    5827    5671    6100    6620    7784    6467    6271    
36     2005 6358    6522    6022    6063    6558    5530    7225    6071    5825    6645    6553    6474    5967    5429    5210    6533    7990    7127    6448    
36     2006 6598    7070    6055    6790    6427    5484    7538    7545    6332    6910    6160    6203    5963    5552    4952    7550    7784    7273    6948    
36     2007 6485    7035    6340    6977    6776    6028    6110    6655    7364    6226    7553    6574    6273    5739    6081    5840    6794    5673    7116    
36     2008 6595    6733    6250    7338    6485    5832    6684    7226    7697    5923    6170    7352    5853    5748    5894    6473    6671    6907    7265    
36     2009 6377    6738    6139    7084    6515    5630    6456    7606    6307    5639    7003    6919    5577    5719    5594    6027    6177    7173    6781    
36     2010 6299    6729    5869    6776    6465    5548    6471    6758    6789    6716    6413    6265    5787    5548    5316    5903    6697    6807    6629    
36     2011 6578    6826    6175    6794    6626    5920    6936    7006    6743    7068    6490    6316    6113    5390    6261    6500    6300    8030    6761    
36     2012 6170    6348    5960    5958    6251    5603    6860    6394    4634    5910    6353    6494    5873    5065    5881    6110    7152    7310    6800    
36     2013 6327    6881    5946    6546    6568    5661    6455    6461    6357    7168    6630    5910    5913    5784    5294    6173    6890    6287    7052    
36     2014 6542    6798    6132    7154    6136    5990    7127    7671    6696    6165    6347    5903    5717    6065    6181    6590    7061    7733    6403    
36     2015 6415    6734    6006    6344    6318    5928    6526    6181    6461    6571    6437    5952    5787    5526    6468    5870    7165    6523    8016    
36     2016 6078    6805    5414    7031    6086    5070    6257    7061    5945    6055    6090    6113    5120    4900    5190    5070    6748    6937    7661    
36     2017 6293    6860    6027    7009    6087    6093    6329    6190    7193    6468    5473    6300    6217    6019    6048    6093    6703    6177    6687    
36     2018 6568    6623    6171    6700    6905    5611    6952    7039    6339    6748    7203    6774    6327    5306    5223    6233    6952    7670    7016    
36     2019 6268    6709    5782    6720    5890    5464    6899    6035    7150    5503    6470    5716    6307    4600    5457    6107    7465    7107    7281    
36     2020 -999999 -999999 -999999 -999999 -999999 -999999 -999999 -999999 -999999 -999999 -999999 -999999 -999999 -999999 -999999 -999999 -999999 -999999 -999999 
