EUROPEAN CLIMATE ASSESSMENT & DATASET (ECA&D), file created on: 16-11-2020
THESE DATA CAN BE USED FOR NON-COMMERCIAL RESEARCH AND EDUCATION PROVIDED THAT THE FOLLOWING SOURCE IS ACKNOWLEDGED: 

Klein Tank, A.M.G. and Coauthors, 2002. Daily dataset of 20th-century surface
air temperature and precipitation series for the European Climate Assessment.
Int. J. of Climatol., 22, 1441-1453.
Data and metadata available at http://www.ecad.eu

FILE FORMAT (MISSING VALUE CODE = -999999):

THIS FILE HOLDS DATA FOR STATION RUSSIAN FEDERATION                       MURMANSK                                 (STAID:     86)
LATITUDE: dd:mm:ss +68:58:00
LONGITUDE: ddd:mm:ss +033:02:59
ELEVATION: m   57

DATA IS FOR INDEX Mean of daily average relative humidity (RH) with unit 0.01 Relative humidity (%)

01-06 SOUID: Source identifier
08-11 YEAR : YYYY
13-20 ANNUAL DATA VALUES
21-28 WINTER HALF YEAR DATA VALUES
29-36 SUMMER HALF YEAR DATA VALUES
37-44 WINTER (DJF) DATA VALUES
45-52 SPRING (MAM) DATA VALUES
53-60 SUMMER (JJA) DATA VALUES
61-68 AUTUMN (SON) DATA VALUES
69-76 JANUARY DATA VALUES
etc. 
157-164 DECEMBER DATA VALUES

86     1936 8006    -999999 7522    -999999 7761    7277    8538    8306    8590    7979    8090    7245    6520    7658    7629    7993    8935    8673    8461    
86     1937 7863    8758    7169    8706    7696    6927    8149    8548    9150    8816    7497    6768    6440    6958    7368    7997    8158    8293    8452    
86     1938 7999    8168    7680    8246    7572    7847    8391    8000    8289    7832    7703    7184    8147    7574    7829    7657    8535    8977    8303    
86     1939 7931    -999999 7524    8269    -999999 7482    8442    8742    7707    -999999 6845    7326    6977    7632    7819    8513    8187    8633    8981    
86     1940 8238    8866    7552    9081    7588    7724    8549    9126    9141    9139    7150    6461    7187    8161    7806    8557    8087    9020    9042    
86     1941 7859    8752    7284    9010    7568    7139    8120    8800    9207    8406    7853    6455    7273    6729    7419    8013    8313    8027    7932    
86     1942 7728    8000    7275    8069    7298    7111    8260    8397    7857    7461    7123    7303    7050    6600    7681    7903    8332    8543    8484    
86     1943 -999999 8251    -999999 8361    7259    -999999 -999999 8377    8207    7565    7633    6590    6543    7626    -999999 -999999 8682    8627    8552    
86     1944 8039    8522    7695    8526    7805    7739    8178    8713    8300    8261    7147    7987    7323    7777    8103    7807    8213    8513    8294    
86     1945 8034    8568    7510    8661    7832    7301    8318    8955    8743    8703    7550    7232    7477    6913    7519    8400    8126    8433    8413    
86     1946 7786    8318    7285    8467    7516    7147    8030    8581    8400    7965    7687    6903    6633    6974    7816    7703    8116    8267    8423    
86     1947 8110    8290    7566    8376    7780    7512    8601    8171    8550    8239    7577    7519    7190    7371    7965    7767    8435    9607    8961    
86     1948 7998    8923    7299    9133    7507    7135    8416    9442    8986    8132    7533    6855    6960    6719    7719    8027    8587    8630    8423    
86     1949 7851    8254    7370    8309    7291    7290    8258    8168    8339    7400    7383    7094    7047    7432    7384    7890    8345    8537    9223    
86     1950 -999999 -999999 7308    -999999 -999999 7058    8482    9097    -999999 -999999 7310    6965    6143    7755    7245    8427    8384    8640    8606    
86     1951 7887    8406    7445    8471    7509    7422    8148    8471    8321    8013    7390    7119    6847    7758    7642    7907    7932    8613    8652    
86     1952 7925    8462    7358    8668    7685    7214    8164    8855    8486    8242    7777    7039    6233    7500    7877    7713    8348    8423    8597    
86     1953 7699    8313    7243    8404    7326    7187    7995    8274    8336    7906    7333    6739    6303    7139    8090    7847    7690    8457    8303    
86     1954 7975    8123    7603    8321    7245    7651    8657    8539    8100    7655    7030    7042    7210    7697    8032    8607    8661    8703    8429    
86     1955 8133    8429    7734    8416    7693    7620    8682    8161    8682    7971    7720    7390    7530    7697    7629    8453    8655    8940    8829    
86     1956 7970    8494    7520    8643    7165    7667    8566    8874    8197    7465    7027    7000    6533    7981    8452    8100    8765    8827    8394    
86     1957 7919    8396    7531    8377    7308    7512    8536    8097    8668    7668    6970    7274    7167    7306    8052    8417    8887    8293    8277    
86     1958 7935    8453    7451    8409    7629    7303    8280    8452    8507    8300    7033    7535    6547    7610    7729    8237    8277    8327    8665    
86     1959 7594    8099    7046    8280    6758    7020    8419    8429    7689    7174    6740    6358    6377    6868    7794    8143    8639    8467    8435    
86     1960 7686    8482    7022    8664    7004    6883    8348    8858    8700    7806    6520    6671    6953    6084    7613    8313    8216    8520    8029    
86     1961 7908    8266    7420    8257    7455    7455    8279    8429    8318    8097    7310    6955    6790    7484    8071    7900    8452    8480    8610    
86     1962 7905    8280    7516    8274    7428    7587    8313    8335    7836    7932    7320    7029    7040    7645    8058    8000    8368    8570    8694    
86     1963 7955    8398    7501    8502    7286    7675    8337    8445    8354    7958    7347    6555    7763    7194    8071    8097    8316    8600    8797    
86     1964 7896    8409    7443    8579    7599    7147    8385    8461    8472    7819    7733    7248    6523    6668    8229    8260    8235    8663    8461    
86     1965 8150    8429    7827    8560    7638    7939    8425    8432    8811    8013    7343    7548    7247    7703    8845    8257    8368    8653    8613    
86     1966 7833    8251    7483    8181    7521    7352    8454    7952    7957    7945    7603    7016    6637    7590    7806    8247    8739    8367    8129    
86     1967 7837    8397    7161    8394    7377    7046    8363    8677    8375    8094    7533    6510    6177    7110    7823    7813    8706    8557    8677    
86     1968 7869    8474    7387    8562    7359    7457    8192    8619    8376    7906    7220    6945    7037    7694    7626    7797    8303    8473    8429    
86     1969 7922    8147    7637    8019    7721    7611    8334    8074    7504    8048    7603    7506    7493    7442    7894    7883    8365    8753    8461    
86     1970 7793    8434    7109    8503    7151    6941    8547    8735    8293    7994    6977    6477    6507    7132    7171    8407    8494    8743    8616    
86     1971 7966    8541    7484    8683    7424    7458    8356    8777    8654    7981    7253    7032    7407    6903    8061    8263    8326    8480    8506    
86     1972 7625    8167    7078    8260    7324    6648    8386    8026    8248    7432    7300    7239    6300    6358    7274    8010    8297    8853    8206    
86     1973 7814    8237    7246    8128    7361    6929    8667    7829    8371    7897    7353    6832    6813    6358    7613    8537    8558    8910    8758    
86     1974 7915    8502    7441    8551    7436    7376    8460    8332    8564    7910    7287    7106    6487    7197    8416    8140    8587    8650    8335    
86     1975 7847    8337    7526    8273    7710    7476    7957    8268    8211    7971    7653    7503    7180    7581    7658    7577    8106    8183    8284    
86     1976 7784    8160    7233    8255    7423    7130    8181    8561    7897    7910    7380    6977    7007    6871    7510    7663    8326    8550    8752    
86     1977 -999999 -999999 -999999 -999999 -999999 7572    8536    -999999 -999999 -999999 -999999 7106    7143    7510    8048    8047    8603    8957    8590    
86     1978 8101    8631    7640    8644    7536    7686    8534    8687    8657    8303    7887    6429    6627    7897    8500    8503    8561    8537    8648    
86     1979 8122    8554    7730    8661    7893    7547    8446    8881    8432    8252    7700    7723    7530    7187    7923    8327    8510    8500    8523    
86     1980 7958    8320    7508    8308    7518    7348    8610    8313    8072    7990    7260    7297    7000    7406    7626    8467    8645    8717    8694    
86     1981 -999999 8563    -999999 8570    7963    -999999 8545    8548    8457    8313    8023    7555    7303    -999999 8158    8263    8665    8703    8471    
86     1982 7976    8503    7527    8476    7814    7464    8208    8619    8321    8229    7527    7677    7730    6877    7794    7567    8406    8643    8335    
86     1983 8023    8437    7525    8492    7792    7224    8436    8723    8411    8106    8007    7271    6873    7213    7574    8227    8461    8620    8816    
86     1984 8061    8457    7701    8511    7609    7732    8454    8706    7976    8139    7643    7045    7033    8235    7903    8340    8490    8530    8658    
86     1985 -999999 8441    -999999 8518    -999999 7299    8522    8413    8479    8084    -999999 7261    7003    6810    8074    8537    8426    8607    -999999 
86     1986 7872    -999999 7387    -999999 7509    7161    8359    8526    8254    7884    7310    7326    6770    7410    7290    8220    8377    8480    8626    
86     1987 7639    8405    7225    8486    7468    7046    7681    8458    8361    8126    7417    6861    6673    6968    7484    7957    7119    7987    8310    
86     1988 -999999 7878    -999999 8111    7103    -999999 8110    7755    8279    7845    7123    6342    -999999 6961    -999999 8020    7787    8533    8577    
86     1989 -999999 -999999 7131    -999999 7315    7116    8207    8390    -999999 8006    6990    6939    6400    7526    7400    7517    8268    8833    8358    
86     1990 7728    8225    7325    8247    7084    7446    8177    8242    8129    7532    6627    7077    6660    8023    7629    7907    8161    8463    8287    
86     1991 -999999 8322    -999999 8362    7353    -999999 -999999 8335    8475    8229    6793    7019    6987    -999999 -999999 -999999 -999999 -999999 -999999 
86     1992 7722    -999999 7369    -999999 7068    7391    8371    8152    8034    7632    6917    6652    6660    7726    7765    8497    8206    8417    8019    
86     1993 7826    7936    7683    7810    7291    7951    8080    7877    7504    7565    6990    7310    8217    7629    8016    7937    8219    8080    8539    
86     1994 7734    8279    7185    8562    7340    7028    8022    8881    8236    7706    7387    6929    7173    6839    7077    7727    7919    8423    8552    
86     1995 7810    8140    7419    8313    7258    7525    8302    7910    8496    7581    7233    6958    6807    7574    8171    7757    8519    8623    8126    
86     1996 7832    8199    7519    8071    7497    7523    8178    8174    7903    7845    7407    7235    7500    7445    7623    7910    8113    8513    8319    
86     1997 7804    8077    7413    8068    7430    7173    8493    8090    7764    7648    7183    7452    6687    7277    7539    8340    8594    8543    8516    
86     1998 8125    8389    7772    8476    7697    7677    8597    8603    8289    7784    7533    7768    7437    7703    7884    8303    8319    9177    8713    
86     1999 8050    8653    7527    8786    7625    7411    8371    8755    8900    8094    7243    7526    6850    7474    7890    8167    8626    8313    8790    
86     2000 8111    8560    7545    8727    7647    7537    8523    8635    8759    8242    7593    7103    7370    7387    7848    7980    8571    9017    8855    
86     2001 7942    8581    7323    8598    7520    7136    8529    8616    8293    8123    7207    7219    6167    7245    7965    8120    8839    8617    8871    
86     2002 8049    8725    7491    8793    7772    7429    8373    8858    8636    8516    7623    7171    6827    7426    8016    7880    8465    8770    8419    
86     2003 7864    8381    7369    8484    7213    7479    8296    8703    8314    7619    7103    6913    6970    7155    8297    7767    8497    8617    8419    
