EUROPEAN CLIMATE ASSESSMENT & DATASET (ECA&D), file created on: 16-11-2020
THESE DATA CAN BE USED FOR NON-COMMERCIAL RESEARCH AND EDUCATION PROVIDED THAT THE FOLLOWING SOURCE IS ACKNOWLEDGED: 

Klein Tank, A.M.G. and Coauthors, 2002. Daily dataset of 20th-century surface
air temperature and precipitation series for the European Climate Assessment.
Int. J. of Climatol., 22, 1441-1453.
Data and metadata available at http://www.ecad.eu

FILE FORMAT (MISSING VALUE CODE = -999999):

THIS FILE HOLDS DATA FOR STATION RUSSIAN FEDERATION                       ALEKSANDROV GAJ                          (STAID:     70)
LATITUDE: dd:mm:ss +50:09:00
LONGITUDE: ddd:mm:ss +048:33:00
ELEVATION: m   23

DATA IS FOR INDEX Mean of daily average relative humidity (RH) with unit 0.01 Relative humidity (%)

01-06 SOUID: Source identifier
08-11 YEAR : YYYY
13-20 ANNUAL DATA VALUES
21-28 WINTER HALF YEAR DATA VALUES
29-36 SUMMER HALF YEAR DATA VALUES
37-44 WINTER (DJF) DATA VALUES
45-52 SPRING (MAM) DATA VALUES
53-60 SUMMER (JJA) DATA VALUES
61-68 AUTUMN (SON) DATA VALUES
69-76 JANUARY DATA VALUES
etc. 
157-164 DECEMBER DATA VALUES

70     1936 6925    -999999 5407    -999999 7109    4534    7424    8858    8400    8755    7573    5013    4573    4687    4342    6323    7852    8083    8821    
70     1937 6571    -999999 5431    -999999 6775    5385    5867    -999999 8836    8819    6087    5397    6130    4781    5268    4950    5755    6900    7929    
70     1938 6556    7698    4926    8383    7002    4246    6458    8616    8629    8426    7073    5510    4330    4084    4326    4263    6210    8910    8445    
70     1939 6438    8118    4632    8524    6210    4021    6921    8381    8771    8077    5827    4713    4287    4200    3584    5230    7494    8020    8826    
70     1940 6791    7938    5376    7893    6923    4703    7678    7397    7428    8435    7327    5019    5247    5126    3755    5857    8094    9070    8790    
70     1941 7736    8632    6950    8652    8175    6603    7597    8342    8843    8687    8287    7555    6530    5948    7329    6050    8132    8590    -999999 
70     1942 7313    -999999 6435    -999999 -999999 6067    7211    8574    8275    -999999 7860    6581    7290    6142    4810    5987    7206    8440    8242    
70     1943 6557    8041    5252    8040    6633    5109    6346    7735    8154    8490    6227    5168    4647    5123    5542    4807    5903    8343    8629    
70     1944 -999999 8157    5544    8779    6940    5268    -999999 9026    8676    8406    6020    6365    5213    5545    5045    5063    6326    -999999 -999999 
70     1945 -999999 -999999 6596    -999999 7470    6054    7779    -999999 -999999 8400    7220    6903    5933    5555    6671    7313    8116    7897    8858    
70     1946 7140    8519    5736    8871    7192    5077    7538    8635    9146    8503    6800    6261    4563    6245    4406    6147    8026    8427    8629    
70     1947 6974    8435    5601    8558    7020    5040    7373    8394    8661    8494    6647    5906    5250    4429    5448    5957    7545    8610    8468    
70     1948 6726    8210    5377    8303    6754    4626    7486    8342    8086    8213    6997    5061    3833    5248    4771    6383    7629    8440    7758    
70     1949 -999999 8185    4860    8252    6958    3913    5787    8803    8189    8300    7180    5400    3687    3577    4468    4887    6000    6573    -999999 
70     1950 -999999 -999999 5111    -999999 5945    5134    6389    -999999 -999999 8732    5573    4058    4860    5097    5435    5670    6642    6896    -999999 
70     1951 -999999 -999999 4257    -999999 -999999 3466    6887    -999999 -999999 -999999 5300    4948    3453    3777    3168    4927    7723    8154    -999999 
70     1952 -999999 -999999 5822    -999999 -999999 5276    6799    -999999 -999999 -999999 7803    5623    5277    5358    5194    5787    7197    7400    8206    
70     1953 6828    7909    5722    8133    7298    4929    6813    8352    7811    8465    7027    6394    4903    5294    4590    6157    6603    7687    8700    
70     1954 6929    7992    5539    8362    7260    4636    7659    8594    7732    8603    7447    5735    4327    4094    5477    6200    8339    8417    8223    
70     1955 6316    8324    4803    8392    6463    4220    6409    8416    8554    8019    6183    5177    3893    3981    4774    4823    6371    8033    -999999 
70     1956 7417    -999999 6254    -999999 8000    5357    7652    8565    8931    9174    7730    7087    4733    5665    5652    6667    7616    8673    8555    
70     1957 6569    8356    4737    8527    6388    4224    7046    8313    8732    8294    6750    4132    3703    4361    4590    4920    7852    8340    8965    
70     1958 7075    8387    6152    8637    7254    5765    6898    8503    8421    8242    7390    6135    6213    5723    5374    6117    6529    8060    8310    
70     1959 6872    8088    5372    8401    6515    4909    7770    8577    8307    8768    6667    4116    4413    4519    5777    6793    8516    7977    8123    
70     1960 6982    8461    5560    8640    6749    5120    7155    9032    8772    8348    6603    5290    5197    4584    5581    6147    7387    7923    8965    
70     1961 7023    8338    5707    8721    7024    5015    7377    8616    8568    8581    6280    6187    4630    5058    5345    6757    6765    8630    8955    
70     1962 6800    8391    5372    8693    7084    5029    6712    8545    8568    8906    6300    6019    5723    4410    4977    4823    7148    8150    8388    
70     1963 -999999 -999999 5572    -999999 6769    5527    6944    -999999 -999999 -999999 6927    5077    5920    5490    5184    4863    7265    8693    8045    
70     1964 7295    7951    6485    7838    7798    6163    7142    7719    7745    8248    8270    6890    6083    6245    6158    5267    7610    8533    8761    
70     1965 6733    8391    5005    8613    6724    4428    7102    8571    8496    8387    6797    4990    4973    4152    4177    4997    7400    8900    9081    
70     1966 6269    8472    4664    8785    6284    4064    6612    8407    8864    8229    6253    4368    4493    3871    3842    5220    6216    8413    7352    
70     1967 6705    7814    5296    7860    6145    5338    7054    8226    8018    8700    5173    4529    5930    5419    4684    6083    7026    8053    8694    
70     1968 6738    8161    5368    8425    6774    4961    6949    8439    8124    8655    5950    5813    5090    4958    4839    5577    6623    8660    8287    
70     1969 6881    7890    5438    7822    6616    5117    7818    7400    7775    8606    6593    4648    4663    5397    5277    6080    8332    9023    8823    
70     1970 6928    8565    5563    8508    6862    5151    7298    8229    8468    8519    6837    5229    5027    4545    5877    5897    7406    8587    8626    
70     1971 6680    8467    4798    8666    6504    4577    6985    8677    8696    8835    6383    4290    5583    4013    4168    4417    7639    8877    8726    
70     1972 5941    8143    3831    8100    5723    3209    6686    7310    8276    8061    5950    3165    3987    3142    2523    4307    6781    8967    8958    
70     1973 6802    8174    5436    8393    6078    5345    7481    7748    8482    8161    5690    4371    5020    5319    5684    6560    6968    8933    8823    
70     1974 7015    8149    6164    8159    7177    6201    6665    7700    7932    8545    6987    5994    6327    6284    5997    5407    6197    8407    8468    
70     1975 6098    8132    4143    8614    5432    3934    6387    8794    8579    8400    4793    3081    3263    4352    4165    5233    6206    7727    8716    
70     1976 6855    7730    5711    8210    6670    5682    7026    8568    7286    7845    6937    5235    5023    6497    5503    5070    7635    8353    8271    
70     1977 6785    8088    5441    8044    6380    5262    7654    7774    8093    8413    5980    4735    5293    5039    5455    6180    7713    9067    7781    
70     1978 7036    8111    6049    7876    6822    5987    7260    8103    7729    8268    6237    5942    6880    6210    4900    6160    6758    8880    8435    
70     1979 6808    8172    5203    8176    6798    4733    7358    7794    8311    8890    7163    4352    4713    5145    4339    5567    7603    8897    9045    
70     1980 7166    8496    5654    8608    7122    4947    7938    8497    8259    8674    7797    4916    4867    4545    5426    6440    8084    9287    9268    
70     1981 7222    8859    5895    9007    7172    5191    7663    8971    8757    8794    7197    5526    4743    5468    5348    7130    6703    9187    8965    
70     1982 -999999 8488    5819    8692    7500    5174    -999999 8671    8414    9003    7277    6213    5490    4658    5384    5933    7855    -999999 9319    
70     1983 7167    -999999 5850    9173    7124    5484    7080    9048    9150    8100    6723    6535    5410    5594    5445    5390    7329    8513    8871    
70     1984 6589    8194    4791    8256    5984    4783    7262    8332    7517    8568    5780    3597    4970    4210    5174    5063    7781    8923    9165    
70     1985 7180    8608    5808    8867    6788    5353    7844    9097    8282    8381    7073    4919    5377    5619    5065    6853    7968    8707    8900    
70     1986 6802    8579    5130    8640    6776    4659    7216    8910    8054    8890    5877    5532    4853    4748    4381    5413    7187    9050    8924    
70     1987 -999999 -999999 6083    -999999 7404    5050    7815    8603    -999999 8733    8310    5242    4090    5413    5616    7893    7084    -999999 8811    
70     1988 -999999 -999999 5642    -999999 7222    4734    7116    -999999 -999999 8777    7243    5645    3963    4606    5606    6823    5935    8630    8461    
70     1989 7136    8095    5757    8488    7061    5584    7213    8548    8450    8597    5993    6558    5303    5723    5716    5227    7655    8743    9135    
70     1990 -999999 8527    -999999 8948    6885    -999999 7412    8752    8957    7968    6670    6010    -999999 5848    6884    6303    7342    8593    8571    
70     1991 6808    8262    5536    8478    6717    5175    6988    8532    8314    8232    6727    5194    5840    4729    4977    5803    6429    8750    8310    
70     1992 6976    8177    5583    8464    6962    4953    7557    8571    8514    8526    6900    5458    4300    5068    5471    6327    7752    8587    8281    
70     1993 7438    8323    6532    8373    6998    6576    7636    8671    8146    8490    7373    5142    7010    6190    6542    6993    7726    8187    8842    
70     1994 6818    8205    5743    8400    6884    5909    6381    8661    7621    8139    6603    5900    5973    6219    5535    4213    6648    8273    8039    
70     1995 6703    7863    5265    8277    6128    5095    7138    8019    8825    7481    5613    5274    4597    4810    5861    5430    7258    8723    8671    
70     1996 6728    8299    5393    8418    6716    4941    6982    8103    8483    8584    6647    4916    5800    4781    4271    6017    6358    8593    8300    
70     1997 -999999 8139    5799    8443    7364    5092    7054    8461    8582    8597    7057    6429    5257    5565    4461    6060    7290    7803    -999999 
70     1998 6434    -999999 4856    -999999 6442    4562    6452    8610    8143    8645    6343    4335    4173    4481    5019    4807    6629    7913    8197    
70     1999 6980    8047    5625    8597    6547    5145    7368    8684    8943    8000    5953    5668    5033    5126    5271    6723    7532    7843    9100    
70     2000 7159    8180    6001    8797    6732    5537    7598    8603    8679    7342    6787    6068    5717    5839    5061    6567    7852    8367    9090    
70     2001 7002    8324    5728    8687    6799    5168    7655    8729    8193    7700    6183    6494    5793    4442    5290    6200    8210    8537    8326    
70     2002 6797    8405    5508    8716    6690    5078    7262    8848    9000    7574    6817    5684    5393    4668    5184    5333    8029    8397    6810    
70     2003 7069    7726    6181    7366    6658    6328    7188    8213    7043    7819    6337    5806    6333    6658    5994    5960    6629    8993    9023    
