EUROPEAN CLIMATE ASSESSMENT & DATASET (ECA&D), file created on: 16-11-2020
THESE DATA CAN BE USED FOR NON-COMMERCIAL RESEARCH AND EDUCATION PROVIDED THAT THE FOLLOWING SOURCE IS ACKNOWLEDGED: 

Klein Tank, A.M.G. and Coauthors, 2002. Daily dataset of 20th-century surface
air temperature and precipitation series for the European Climate Assessment.
Int. J. of Climatol., 22, 1441-1453.
Data and metadata available at http://www.ecad.eu

FILE FORMAT (MISSING VALUE CODE = -999999):

THIS FILE HOLDS DATA FOR STATION BULGARIA                                 KNEJA                                    (STAID:     18)
LATITUDE: dd:mm:ss +43:30:00
LONGITUDE: ddd:mm:ss +024:04:59
ELEVATION: m  116

DATA IS FOR INDEX Mean of daily average relative humidity (RH) with unit 0.01 Relative humidity (%)

01-06 SOUID: Source identifier
08-11 YEAR : YYYY
13-20 ANNUAL DATA VALUES
21-28 WINTER HALF YEAR DATA VALUES
29-36 SUMMER HALF YEAR DATA VALUES
37-44 WINTER (DJF) DATA VALUES
45-52 SPRING (MAM) DATA VALUES
53-60 SUMMER (JJA) DATA VALUES
61-68 AUTUMN (SON) DATA VALUES
69-76 JANUARY DATA VALUES
etc. 
157-164 DECEMBER DATA VALUES

18     1931 7575    -999999 6813    -999999 7485    6287    8076    8581    8475    8252    6827    7355    7040    6029    5816    7850    7874    8510    8374    
18     1932 7379    8181    6647    7951    7451    6524    7453    8300    7124    8845    6923    6568    6937    6552    6097    6830    7477    8050    8803    
18     1933 7590    8130    6833    8790    6984    6692    7870    8845    8714    6942    6447    7545    7130    6761    6200    6917    7690    9010    8965    
18     1934 7659    8458    6834    8798    6972    6776    8007    8774    8639    7703    6783    6423    6967    6677    6690    7490    8155    8370    9294    
18     1935 7536    8581    6610    8914    7612    6265    7327    8932    8475    8245    7347    7235    6907    5845    6065    6283    6787    8930    9452    
18     1936 7926    8510    7205    9164    7801    7018    8020    8942    9093    7906    7927    7574    7357    6742    6968    6677    8348    9023    8610    
18     1937 7877    8276    7360    8543    7546    6793    8536    8468    8554    6706    8700    7268    7150    6490    6752    7850    8545    9213    8939    
18     1938 7335    8397    6524    8693    6810    5967    7840    8629    8493    6600    6857    6974    6343    5690    5881    7433    7674    8417    9129    
18     1939 7551    8254    6759    8571    7239    6576    7949    8932    7554    7758    6760    7184    6813    6432    6490    6880    8300    8657    8816    
18     1940 7868    8424    7384    8636    7565    7418    7932    8584    8500    7700    7390    7600    8037    7384    6855    7050    7939    8807    8603    
18     1941 7647    8165    7181    8470    7105    6937    8231    8471    8321    6884    7017    7413    7193    7003    6623    7853    7877    8973    8219    
18     1942 7646    8509    6695    8488    7643    6587    7540    8419    8861    8752    7620    6558    7363    6339    6084    6240    7410    8973    9242    
18     1943 7439    8163    6610    8723    6608    6450    8087    8555    8336    6506    6123    7177    7570    5839    5977    7003    8410    8837    9010    
18     1944 7804    8426    7073    8565    7362    6768    8519    8329    8341    7639    7520    6932    6837    6974    6497    7707    9000    8833    9061    
18     1945 6887    8520    5681    8848    6220    5447    7168    8965    8482    6784    6417    5465    5557    5461    5326    5890    7232    8380    8794    
18     1946 7183    8214    5961    8697    6991    5377    7646    8781    8496    7632    6383    6939    6743    4832    4600    6317    7455    9173    8965    
18     1947 7046    8393    6031    8733    6223    6367    7036    8468    8771    7587    5017    6026    6363    6342    6397    6020    7094    7993    8552    
18     1948 7394    7805    7040    8373    7195    7013    7023    8616    7921    6668    6923    7984    7780    6848    6435    6263    6981    7827    8494    
18     1949 7198    7707    6455    7812    6663    6455    7855    8206    6621    8010    5347    6590    6713    6552    6110    7420    7568    8587    8577    
18     1950 6814    8034    5738    8164    7021    5211    6767    8129    7746    7587    6423    7032    5537    4945    5161    5330    6239    8750    8935    
18     1951 7590    8271    6898    8914    7573    6622    7591    8984    8814    7974    7437    7303    6990    6374    6513    6790    7481    8507    8006    
18     1952 6930    7951    5577    8164    6871    4932    7399    8397    8083    7261    6087    7239    5837    4784    4203    5327    7900    8953    9113    
18     1953 7201    8195    6425    8589    6704    6418    7333    8706    7879    6610    6577    6923    7433    5839    6016    5780    8287    7900    8497    
18     1954 7942    8486    7136    8532    8088    7025    7985    8545    8557    9116    7343    7781    8220    6594    6300    6603    8068    9280    8952    
18     1955 7884    8749    7042    8997    7278    7075    8292    9126    8904    8200    7317    6319    6993    7106    7123    7410    8423    9040    8723    
18     1956 7355    8673    6392    8758    7361    6392    7095    8742    8814    8316    6213    7516    7003    6461    5732    5410    7216    8653    8210    
18     1957 7824    7905    7427    8326    7233    7202    8429    8729    8007    6652    6860    8174    7087    7106    7410    7913    8832    8527    8574    
18     1958 6910    8264    5789    8084    7137    5083    7435    8681    6882    7961    7123    6326    5993    4787    4497    6067    7210    9037    8374    
18     1959 7541    8194    6797    8441    7047    6780    7618    8410    8550    7645    6157    7310    7397    6439    6526    6960    6881    9037    9258    
18     1960 7629    8355    6960    8832    7549    6574    7559    8874    8331    7768    7503    7374    7247    6790    5706    7173    7326    8187    9303    
18     1961 7122    7993    6479    8617    6993    6290    6934    8548    7932    6661    6683    7626    7233    6023    5645    5667    7039    8093    8371    
18     1962 7265    8201    5936    8587    6961    5785    7605    9048    8314    8348    6400    6116    5920    5671    5768    5750    8165    8883    8826    
18     1963 7305    8642    6315    8838    7405    6062    6859    8806    8886    8319    7330    6565    6627    6513    5065    5817    7542    7197    9077    
18     1964 7466    8193    6545    8668    7275    6287    7660    8619    8283    8413    6030    7342    6760    5865    6252    7027    7506    8453    9039    
18     1965 7164    8393    6269    8622    7759    5739    6549    8603    8182    8555    7560    7155    6620    5358    5268    5687    5735    8253    9077    
18     1966 7673    7897    7049    8710    7245    6979    7926    8494    8543    7352    7230    7152    7583    6684    6690    6973    7819    8990    8652    
18     1967 7475    8177    7014    8426    6925    7061    7540    8484    8111    7029    6917    6829    7593    7087    6519    7157    7145    8330    8568    
18     1968 7499    8023    6609    8511    6332    6743    8275    8190    8793    7171    5360    6432    6433    6390    7397    7627    7748    9467    9029    
18     1969 7712    8958    7009    9098    7522    7104    7165    9048    9229    9268    6773    6500    7290    7039    6990    7480    6932    7090    8977    
18     1970 7465    7907    6908    8667    7109    7089    7115    8626    8368    7465    6700    7148    7163    7219    6887    6313    7461    7560    8690    
18     1971 7447    8093    6751    8740    7068    6470    7538    9071    8429    7361    7017    6826    6827    6348    6245    7273    7165    8190    8694    
18     1972 7686    8308    6801    9021    6923    6521    8203    9190    9190    7471    6330    6948    5760    7187    6590    7977    8506    8117    8984    
18     1973 7636    8428    7154    8652    7350    7059    7605    8729    8200    8000    7187    6858    7023    6945    7206    7720    7348    7757    8681    
18     1974 7369    8015    6601    8499    7052    6497    7501    8697    8079    7529    6667    6948    6983    6313    6210    6493    7203    8817    8545    
18     1975 7628    7908    7392    8250    7046    7528    7813    8584    7554    6742    6443    7932    7540    7019    8026    7367    7745    8330    8216    
18     1976 7705    7813    7222    7900    6941    7346    8442    7145    8369    7126    7067    6635    7067    7245    7716    7603    8703    9010    8813    
18     1977 7496    8453    6881    8649    6580    7067    7671    8871    8221    7097    6173    6458    7153    7177    6874    7453    7519    8047    8935    
18     1978 7523    8312    6852    8744    7449    6520    7636    8377    8939    8103    7220    7016    6820    6432    6316    7337    7542    8033    8258    
18     1979 7693    8030    7157    8471    7002    7214    8175    8410    8775    7232    6560    7200    7060    7103    7474    7533    8371    8613    8058    
18     1980 7501    8287    6910    8252    7612    6634    7373    8555    8134    7990    7107    7723    6420    6277    7197    6720    7006    8403    8481    
18     1981 7291    7938    6703    8283    6971    6509    7389    8284    8064    7419    6567    6913    6820    6055    6661    7217    7161    7797    8587    
18     1982 7706    8155    7089    8600    7251    7226    7974    8832    8357    8206    6877    6658    6860    7206    7600    7327    8216    8370    7977    
18     1983 7270    7597    6900    7493    6340    7338    7560    7190    7293    6532    6550    5945    7680    7426    6919    6893    7574    8213    9035    
18     1984 7605    8463    6849    8953    7385    6668    7508    8700    9134    8158    7197    6794    6373    6326    7297    7110    6958    8473    8803    
18     1985 7119    8300    6063    8603    6974    5952    7076    8794    8171    8594    5990    6306    6277    5900    5690    6223    6497    8527    8513    
18     1986 7321    8122    6561    8556    6903    6863    7195    8271    8918    8097    6180    6410    6907    7268    6416    6173    7355    8050    7903    
18     1987 7369    8169    6260    8453    7400    5917    7440    8494    9018    8271    6807    7103    6023    6074    5658    5893    7910    8500    8765    
18     1988 7400    8178    6778    8504    7370    6237    7781    8826    7883    7177    7653    7287    6777    6068    5884    7037    7835    8470    7942    
18     1989 7247    7590    6908    7420    6904    6918    7666    7332    6939    6984    6710    7013    7127    6929    6706    6967    7852    8173    8206    
18     1990 7275    7887    6409    8473    6739    5943    7497    8958    8232    5942    7097    7190    6647    5145    6061    6343    7726    8413    9619    
18     1991 8043    8653    7669    9136    8025    7770    7700    8710    9071    8413    7963    7697    7830    7790    7690    7040    7474    8593    8316    
18     1992 7016    7666    6761    7856    6751    6725    6898    7577    7662    6400    7237    6632    7083    6990    6113    6527    7061    7100    7848    
18     1993 6658    7259    5850    7280    6883    5443    6957    6961    7004    7548    6103    6971    5777    5100    5465    5687    6668    8527    8100    
18     1994 6735    7797    6054    8067    7121    5655    6338    8206    7875    7439    7427    6506    5580    6035    5348    5437    6971    6587    7452    
18     1995 7403    7382    7001    7799    7125    7042    7087    8258    7675    7352    6673    7335    7037    7016    7074    6853    5897    8550    9123    
18     1996 7354    8079    6690    8665    7282    6347    7371    8619    8224    8084    6963    6787    6367    6081    6594    7370    7258    7490    8426    
18     1997 7226    7485    6763    7742    6761    6932    7469    7874    6839    6958    6997    6335    7290    6474    7042    6457    7361    8593    8471    
18     1998 7167    7822    6721    8084    6878    6253    7791    8294    7425    6774    6557    7294    6517    5926    6326    7727    7655    7997    7542    
18     1999 7175    7329    6932    7286    6927    6768    7522    7919    6300    6481    7307    7006    6933    6874    6503    6983    7416    8170    8145    
18     2000 6920    7593    6111    7726    6650    5514    7753    7529    7490    6819    6823    6313    5963    5416    5177    7020    7535    8710    8306    
18     2001 7170    7892    6770    8040    7168    6435    7160    8223    7543    7026    7323    7161    6763    6513    6039    6840    7206    7433    7994    
18     2002 7257    7450    6774    7660    6978    6629    7601    7942    6979    7100    7557    6297    6307    6652    6919    6927    7545    8333    8503    
18     2003 7093    8035    6260    8458    6598    5945    7682    8781    8050    7006    6403    6377    6513    5797    5542    6963    7748    8333    7687    
18     2004 7001    7636    6570    7545    6864    6476    7062    7961    6948    7116    6697    6774    7007    6058    6381    6520    7661    6983    7871    
18     2005 6683    7258    6299    7496    6176    6263    7034    6952    7682    6429    5710    6374    5913    6255    6610    6923    6629    7563    7229    
18     2006 7231    7409    6704    7573    6878    6786    7324    7523    8011    7561    6687    6381    7080    6603    6684    6807    7700    7453    8332    
18     2007 6879    7398    6225    7600    6176    6071    7734    7097    7346    6455    5450    6600    6223    5068    6926    7087    8203    7897    8216    
18     2008 7222    7869    6691    8142    7034    6303    7380    8513    7666    6706    7423    6984    7030    6306    5597    6843    7542    7750    8342    
18     2009 7364    7905    6555    8346    6842    6370    7733    8684    7975    7142    6890    6497    6460    6413    6239    6850    8013    8327    8910    
18     2010 6736    8102    5891    8603    6352    5753    6633    8619    8246    6516    6320    6219    6073    5923    5274    5543    7094    7247    7842    
