EUROPEAN CLIMATE ASSESSMENT & DATASET (ECA&D), file created on: 16-11-2020
THESE DATA CAN BE USED FOR NON-COMMERCIAL RESEARCH AND EDUCATION PROVIDED THAT THE FOLLOWING SOURCE IS ACKNOWLEDGED: 

Klein Tank, A.M.G. and Coauthors, 2002. Daily dataset of 20th-century surface
air temperature and precipitation series for the European Climate Assessment.
Int. J. of Climatol., 22, 1441-1453.
Data and metadata available at http://www.ecad.eu

FILE FORMAT (MISSING VALUE CODE = -999999):

THIS FILE HOLDS DATA FOR STATION NORWAY                                   SUOLOVUOPMI                              (STAID:    185)
LATITUDE: dd:mm:ss +69:35:17
LONGITUDE: ddd:mm:ss +023:31:54
ELEVATION: m  377

DATA IS FOR INDEX Mean of daily average relative humidity (RH) with unit 0.01 Relative humidity (%)

01-06 SOUID: Source identifier
08-11 YEAR : YYYY
13-20 ANNUAL DATA VALUES
21-28 WINTER HALF YEAR DATA VALUES
29-36 SUMMER HALF YEAR DATA VALUES
37-44 WINTER (DJF) DATA VALUES
45-52 SPRING (MAM) DATA VALUES
53-60 SUMMER (JJA) DATA VALUES
61-68 AUTUMN (SON) DATA VALUES
69-76 JANUARY DATA VALUES
etc. 
157-164 DECEMBER DATA VALUES

185    1963 -999999 -999999 -999999 -999999 -999999 -999999 -999999 -999999 -999999 -999999 -999999 -999999 -999999 -999999 -999999 -999999 6974    6640    6697    
185    1964 8740    7701    8616    7888    8783    8338    9241    8023    9017    8906    8677    8761    7620    8174    9197    9257    9252    9213    8800    
185    1965 8655    8898    8452    8843    8224    8434    9053    8887    8843    8397    8370    7910    7487    8568    9216    9153    8977    9030    9023    
185    1966 8479    8764    8058    8674    8270    7718    9192    8381    8614    8552    8543    7723    6853    7806    8468    8960    9374    9237    9242    
185    1967 8775    9213    8219    9143    8375    8200    9365    9068    9118    9232    8247    7642    6957    8271    9332    8843    9581    9663    9335    
185    1968 8830    9235    8373    9179    8353    8240    9453    9197    8993    8639    8553    7874    8050    8090    8574    9117    9652    9583    9645    
185    1969 9044    9505    8540    9596    8904    8161    9503    9729    9393    9019    8937    8758    7420    8203    8835    9080    9661    9763    9735    
185    1970 9202    9760    8616    9791    9027    8307    9665    9774    9871    9768    9383    7942    7320    8800    8768    9497    9671    9827    9839    
185    1971 9498    9782    9171    9863    9570    8855    9678    9874    9879    9616    9617    9477    8513    8545    9497    9377    9845    9807    9939    
185    1972 -999999 -999999 -999999 -999999 -999999 7451    9176    -999999 -999999 -999999 -999999 9890    7043    7452    7845    8680    9265    9580    9529    
185    1973 9155    9455    8785    9548    9109    8442    9537    9477    9646    9255    9247    8829    7877    8310    9123    9330    9732    9543    9516    
185    1974 9225    9501    8933    9489    8882    8911    9580    9532    9411    9261    9030    8358    7820    9345    9532    9497    9587    9657    9661    
185    1975 9092    9508    8728    9524    8877    8648    9366    9555    9339    9235    8753    8639    8247    8803    8881    9040    9423    9633    9561    
185    1976 -999999 9487    -999999 9524    -999999 -999999 9535    9548    9459    9300    8883    -999999 -999999 8252    8477    9337    9661    9603    9635    
185    1977 9149    9528    8727    9523    8975    8502    9581    9368    9571    9335    9040    8552    8330    8558    8613    9283    9610    9850    9719    
185    1978 8148    -999999 7484    -999999 7930    7336    8405    9748    -999999 9458    7790    6539    6677    7432    7877    8607    8329    8283    7923    
185    1979 7869    8114    7516    7997    7796    7205    8353    8013    8061    8077    7840    7471    6937    6861    7810    8190    8310    8560    8319    
185    1980 7428    8106    6955    8011    7400    6402    8020    8065    7624    7742    7377    7081    6510    5668    7032    8100    8184    7770    8003    
185    1981 7558    7851    7256    7889    7166    7186    8143    7887    7764    7484    7227    6790    6377    7384    7771    7983    8284    8157    7594    
185    1982 -999999 -999999 7273    -999999 7349    7152    8173    -999999 -999999 7803    7180    7058    6780    6900    7765    7957    8374    8180    8032    
185    1983 -999999 8047    7439    8034    7625    6983    -999999 8248    7800    7626    7697    7555    5997    7087    7832    8460    -999999 8537    8384    
185    1984 8046    -999999 7691    8159    7576    7671    8637    8197    7879    8035    7807    6894    6867    8197    7923    8463    8855    8587    8819    
185    1985 -999999 8361    7669    8156    7850    7434    -999999 8065    7521    8245    7713    7587    7450    6852    8000    8433    -999999 8670    8419    
185    1986 -999999 -999999 -999999 8410    7872    -999999 -999999 8542    8254    8210    7790    7613    6507    -999999 7771    8353    -999999 -999999 8045    
185    1987 7688    -999999 7377    7881    7509    7183    8207    7635    7971    8055    7623    6852    7310    6694    7548    8267    8052    8307    7997    
185    1988 7756    8118    7421    8123    7336    7393    8133    8100    8283    7987    7197    6819    6187    7652    8303    8350    7787    8273    8132    
185    1989 7722    8015    7226    8073    7548    6927    8324    8100    7979    7823    7753    7074    5900    7384    7465    7773    8665    8523    8226    
185    1990 7720    8227    7260    8230    7193    7192    8298    8145    8329    7494    7087    6997    5933    7868    7735    7913    8613    8357    8177    
185    1991 7822    8193    7353    8084    7365    7277    8552    7997    8079    7929    7137    7023    6660    7113    8039    8143    8571    8940    8248    
185    1992 7912    8369    7442    8203    7537    7205    8618    8065    8303    8103    7813    6703    5560    7710    8294    8560    8635    8657    8529    
185    1993 8087    8396    7768    8306    7802    7757    8398    8268    8100    8165    7607    7629    7487    7739    8035    8107    8487    8597    8813    
185    1994 7883    8502    7267    8489    7820    6958    8299    8281    8361    8465    7747    7245    6843    6823    7203    7757    8352    8787    8768    
185    1995 8018    8591    7541    8687    7701    7639    8181    8545    8754    8365    7380    7348    7423    7619    7868    7600    8484    8450    8413    
185    1996 -999999 -999999 7615    -999999 -999999 7460    8540    8574    -999999 -999999 7797    7323    6847    8039    7474    8210    8658    8747    8561    
185    1997 8064    8518    7601    8437    8037    7222    8555    8406    8332    8390    8047    7674    6517    7542    7584    8240    8561    8863    8616    
185    1998 8121    8547    7725    8623    7796    7483    8577    8865    8364    8003    7637    7742    6697    7781    7945    8540    8610    8580    8681    
185    1999 8200    8598    7734    8611    8016    7609    8601    8639    8504    8568    7957    7523    6723    7774    8300    8113    8848    8833    8610    
185    2000 8217    8558    7834    8555    8012    7576    8709    8497    8559    8013    8010    8013    7403    7474    7845    8267    8668    9193    8684    
185    2001 8057    8619    -999999 8591    7721    -999999 8387    8542    8543    8097    7660    7403    6883    -999999 7813    7987    8542    8627    8529    
185    2002 7990    8491    7477    8537    7500    7474    8509    8381    8718    8174    7647    6684    6263    8174    7945    8133    8503    8890    8400    
185    2003 -999999 8432    7345    8399    7546    7143    -999999 8568    8211    8013    7513    7110    6277    7187    7939    8037    8642    -999999 -999999 
185    2004 -999999 -999999 7369    -999999 7522    -999999 8549    -999999 -999999 8142    7347    7071    6389    7158    7862    8373    8597    8677    8816    
185    2005 8212    8636    7672    8784    7918    7462    8669    8994    8518    8206    8053    7500    7093    6861    8419    8113    8694    9200    8910    
185    2006 8107    8573    7596    8591    7724    7275    8822    8532    8304    7790    7960    7429    6750    7165    7894    8390    8948    9123    9010    
185    2007 8110    8695    7651    8693    7721    7468    8668    8716    8318    8029    7530    7597    6763    7652    7968    8387    8868    8743    8732    
185    2008 8137    8621    7596    8631    7671    7585    8699    8677    8472    8229    7590    7190    7290    7632    7823    8053    9113    8917    8661    
185    2009 7867    8513    7321    8374    7536    7133    8497    8490    7929    7923    7347    7332    6493    7200    7684    7863    8545    9080    8500    
185    2010 7492    7548    7568    7249    7104    7229    8458    8252    4754    5939    7043    8329    6663    7365    7642    8347    8661    8360    8300    
185    2011 7832    8177    7318    8120    7376    7073    8657    8329    7689    7684    7377    7068    6570    7268    7365    8270    8803    8893    8642    
185    2012 7912    8446    7439    8341    7476    7316    8629    8439    7914    7968    7503    6958    6907    7326    7703    8250    8768    8863    8345    
185    2013 7717    8358    7164    8369    7076    7148    8225    8474    8279    7426    7483    6332    6853    7097    7484    7753    8497    8417    8552    
185    2014 7991    8292    7539    8332    7321    7533    8873    7948    8514    7848    7333    6781    6667    7200    8703    8550    9335    8717    8323    
185    2015 7793    8323    7415    8112    7439    7197    8403    8003    8000    7539    7443    7335    6820    7061    7697    8137    8429    8643    8426    
185    2016 7818    8242    7426    8205    7108    7576    8444    7968    8224    7774    7387    6171    7217    7639    7861    8300    8403    8630    8274    
185    2017 7860    8209    7462    8147    7327    7473    8475    8077    8082    7790    7240    6948    7127    7261    8019    8180    8784    8450    8380    
185    2018 8018    8323    7567    8283    7546    7477    8700    8387    8064    7855    7953    6842    7103    7090    8226    8203    8887    9003    8613    
185    2019 8192    8503    7899    8456    7562    8015    8692    8387    8357    7774    7470    7439    8060    7603    8384    8450    8787    8837    8777    
185    2020 -999999 8610    8094    8610    8508    7561    -999999 8635    8403    8213    8703    8619    6840    7745    8074    8597    9361    -999999 -999999 
