EUROPEAN CLIMATE ASSESSMENT & DATASET (ECA&D), file created on: 16-11-2020
THESE DATA CAN BE USED FOR NON-COMMERCIAL RESEARCH AND EDUCATION PROVIDED THAT THE FOLLOWING SOURCE IS ACKNOWLEDGED: 

Klein Tank, A.M.G. and Coauthors, 2002. Daily dataset of 20th-century surface
air temperature and precipitation series for the European Climate Assessment.
Int. J. of Climatol., 22, 1441-1453.
Data and metadata available at http://www.ecad.eu

FILE FORMAT (MISSING VALUE CODE = -999999):

THIS FILE HOLDS DATA FOR STATION GERMANY                                  KARLSRUHE                                (STAID:     51)
LATITUDE: dd:mm:ss +49:02:21
LONGITUDE: ddd:mm:ss +008:21:54
ELEVATION: m  112

DATA IS FOR INDEX Mean of daily average relative humidity (RH) with unit 0.01 Relative humidity (%)

01-06 SOUID: Source identifier
08-11 YEAR : YYYY
13-20 ANNUAL DATA VALUES
21-28 WINTER HALF YEAR DATA VALUES
29-36 SUMMER HALF YEAR DATA VALUES
37-44 WINTER (DJF) DATA VALUES
45-52 SPRING (MAM) DATA VALUES
53-60 SUMMER (JJA) DATA VALUES
61-68 AUTUMN (SON) DATA VALUES
69-76 JANUARY DATA VALUES
etc. 
157-164 DECEMBER DATA VALUES

51     1876 7828    -999999 7122    -999999 6905    7096    8555    8948    8617    7590    6887    6239    7163    7277    6848    8353    8497    8817    8742    
51     1877 8007    8527    7581    8536    7652    7512    8374    8384    8475    8252    7457    7242    6930    7681    7906    8267    8384    8470    8652    
51     1878 8198    8408    7952    8584    7771    7926    8447    8558    8539    7858    7707    7745    7827    7774    8174    8493    8616    8227    8877    
51     1879 8206    8384    7869    8626    7530    7822    8720    8677    8289    7603    7757    7239    7500    8032    7923    8780    8710    8670    9294    
51     1880 8209    8623    7939    8985    7549    8023    8477    8926    8717    7432    7930    7297    8150    7568    8355    8357    8794    8270    8739    
51     1881 7999    8376    7645    8703    7307    7480    8501    8677    8693    7110    7483    7332    7603    7116    7726    8637    8448    8420    8819    
51     1882 7988    8409    7612    8703    7068    7808    8484    8945    8307    7503    6483    7200    7627    8155    7635    8567    8668    8210    8548    
51     1883 7605    8162    7127    8148    6942    7140    8249    7861    8021    7648    6663    6506    6560    7500    7342    8193    8232    8323    8432    
51     1884 7551    8079    7006    8177    6945    6949    8214    8145    7938    7400    6983    6452    7013    6581    7255    7777    8303    8560    8235    
51     1885 7714    8192    7110    8191    7113    6912    8438    8235    8093    7729    6537    7055    6280    7213    7223    8347    8435    8533    8884    
51     1886 7767    8321    7314    8490    7022    7550    8200    8474    8071    7513    6660    6881    8017    7135    7513    7693    8400    8500    8374    
51     1887 7697    8355    7005    8394    7335    6685    8290    8794    7975    8058    6167    7742    6630    6832    6590    8063    8342    8463    8684    
51     1888 7837    8319    7427    8573    6923    7583    8137    8810    8200    7413    7310    6058    7090    7819    7823    8483    8213    7713    9116    
51     1889 7996    8341    7491    8754    7502    7449    8442    8552    8579    7877    7233    7387    7350    7445    7548    7987    8523    8813    8690    
51     1890 7642    8250    7243    8213    7158    7238    8112    8290    7600    7539    6797    7126    6687    7271    7739    7823    7958    8560    8290    
51     1891 7691    8078    7313    8220    7085    7435    8133    8529    7800    7319    6787    7139    7417    7590    7297    7643    8335    8413    8019    
51     1892 7383    7920    6762    8021    6434    6726    8344    7865    8190    6729    6373    6197    6977    6526    6684    7843    8400    8787    8097    
51     1893 7027    7820    6317    7828    5834    6461    7966    7826    7532    6284    4850    6335    6090    6748    6532    7327    8319    8240    8239    
51     1894 7649    7840    7384    7862    6992    7286    8423    7700    7625    6910    6720    7339    7223    6900    7732    8393    8623    8247    8374    
51     1895 7664    8361    6976    8514    7157    7093    7816    8684    8482    7765    6783    6910    7027    6845    7406    6877    7923    8647    8655    
51     1896 7801    8177    7396    8285    7150    7372    8333    8229    7948    7661    7583    6219    7157    7297    7655    8497    8435    8063    8874    
51     1897 7880    8285    7551    8570    7412    7372    8299    8442    8375    7519    7253    7458    7210    7274    7626    8493    8035    8377    8539    
51     1898 7964    8198    7473    8380    7578    7409    8451    8752    7793    7658    7203    7861    7280    7497    7445    7540    8758    9043    8700    
51     1899 7528    8152    7247    8240    6975    7001    8078    8429    7521    6429    7563    6952    6697    7374    6923    7990    8068    8177    8229    
51     1900 7770    8108    7152    8313    6987    7145    8425    8516    8182    7487    6470    6987    6707    7242    7471    8030    8255    8997    8910    
51     1901 7625    8327    7163    8327    6932    7134    8303    7990    8054    7752    6807    6232    6623    7126    7635    8570    8529    7803    8400    
51     1902 7490    7950    7070    8111    6959    7104    7910    8139    7761    7045    6627    7194    6737    6987    7577    7283    8287    8147    8087    
51     1903 7615    7631    7470    7536    7017    7316    8431    7616    6836    6752    7307    7003    6853    7426    7655    8587    8155    8560    8584    
51     1904 7691    8321    6979    8365    7404    6615    8340    8600    7879    8129    6993    7077    6923    5990    6942    7980    8535    8497    8748    
51     1905 7681    8291    7274    8378    7036    7276    8167    8158    8211    7594    6930    6581    7343    7097    7390    8330    7965    8213    8413    
51     1906 7670    7933    7297    7990    7192    7302    8231    7739    7800    7465    6663    7432    7423    7419    7068    7777    8358    8553    8342    
51     1907 7699    8223    7200    8262    7415    6965    8195    8177    8268    7655    7530    7065    6863    7197    6832    7730    8429    8417    8268    
51     1908 7690    7991    7380    7987    7354    7145    8097    7877    7803    7152    7143    7761    6957    6794    7677    7943    8126    8220    8813    
51     1909 7730    8201    7240    8480    6597    7514    8608    8465    8129    7448    6293    6039    7387    7700    7452    8587    8610    8627    8068    
51     1910 7798    8108    7435    8032    6914    7502    8502    8290    7707    7323    6497    6910    7427    7552    7526    8710    8490    8307    8816    
51     1911 7265    8135    6504    8256    6897    6260    7810    8365    7514    7265    6237    7168    7170    5813    5826    6833    8158    8427    8419    
51     1912 7622    8078    7133    8257    6735    7214    8220    8290    8048    7132    6287    6771    6670    6877    8077    8107    8368    8180    8642    
51     1913 7762    7948    7411    7998    7054    7389    8627    8265    6989    7158    6987    7016    6973    7700    7481    8313    8626    8943    8629    
51     1914 8012    8476    7602    8426    7389    7738    8566    8126    8532    8019    6383    7732    7620    7665    7926    8267    8787    8637    8468    
51     1915 7752    8371    7211    8357    7450    6946    8192    8300    8296    7742    7443    7165    6180    6755    7877    7843    8503    8220    8713    
51     1916 8102    8248    7843    8314    7610    7811    8612    8158    8055    7826    7707    7300    7910    7752    7774    8640    8548    8650    8919    
51     1917 7926    8376    7566    8398    7264    7736    8478    8271    7961    7874    7063    6848    7233    7871    8087    8287    8490    8657    8458    
51     1918 8125    8358    7592    8496    7647    7209    8905    8768    8236    7535    8173    7248    7013    7100    7506    8540    8994    9180    9232    
51     1919 8055    8817    7459    8881    7526    7417    8593    8719    8671    8103    7820    6665    6850    8013    7371    8047    8887    8837    8716    
51     1920 8097    8549    7752    8523    7757    7515    8532    8452    8393    8006    7877    7390    7147    7481    7906    8727    8455    8417    8929    
51     1921 7654    8430    7081    8747    7396    6765    7948    8671    8629    7497    7183    7500    7067    6190    7048    7517    8252    8067    8300    
51     1922 8089    8242    7584    8358    7500    7470    8753    8603    8150    8065    7927    6523    7220    7490    7690    8690    8668    8903    9155    
51     1923 8050    8757    7345    8950    7534    7167    8596    9042    8621    8142    7003    7439    7867    6706    6952    8137    8887    8753    9094    
51     1924 8131    8456    7796    8544    7480    7754    8738    8542    7959    7477    7743    7229    7467    7458    8329    8560    8777    8877    9152    
51     1925 8034    8610    7564    8604    7740    7309    8651    8523    8089    8200    7830    7194    6523    7258    8119    8467    8565    8923    8706    
51     1926 8016    8524    7698    8658    7529    7780    8159    8535    8739    7706    7000    7865    7840    7835    7668    7973    8197    8307    8561    
51     1927 7789    8155    7505    8337    7179    7567    8255    8497    7911    7439    7210    6890    7223    7471    7997    8247    8058    8467    8074    
51     1928 7468    7890    6942    7898    6973    6885    7929    8274    7307    7139    6993    6787    6917    6313    7426    7223    8161    8393    8661    
51     1929 7440    7985    6983    8070    6836    7126    7992    8297    7164    7168    6477    6852    7023    7042    7310    7187    7997    8793    7939    
51     1930 7844    8043    7559    7963    7528    7368    8320    8623    7261    7597    7473    7513    6860    7387    7842    8277    8594    8080    8548    
51     1931 7755    8059    7551    8381    6877    7664    8113    8316    8268    6568    6933    7132    7307    7581    8094    8253    7819    8277    8548    
51     1932 7728    7902    7383    8212    7003    7315    8301    8571    7469    6710    6857    7439    7087    7619    7232    8057    8294    8553    8823    
51     1933 7555    8065    7150    8233    6962    7155    8174    8006    7832    6877    6410    7581    7437    7132    6906    7427    8223    8870    7984    
51     1934 7596    8196    6849    8158    6654    6842    8435    8555    7911    7629    6063    6252    6270    6442    7797    8270    8435    8600    8923    
51     1935 7201    8101    6534    8241    6836    6092    7878    8294    7429    6874    7240    6406    6517    5435    6339    7317    8090    8220    8287    
51     1936 7456    7827    7095    7895    6761    7101    7885    7810    7566    6984    7087    6223    6963    7148    7187    7987    7642    8033    8858    
51     1937 7584    7913    7062    8214    7122    6778    8330    7974    7768    7190    7570    6619    6777    6535    7023    7883    8590    8507    8606    
51     1938 7662    8169    7319    8350    6855    7298    8308    8426    7982    6894    7060    6619    6620    7368    7884    8363    8068    8500    8184    
51     1939 7834    8101    7477    8112    7589    7177    8468    8155    7986    7713    7203    7839    7023    6884    7619    8297    8758    8340    8187    
51     1940 7458    8075    7014    8130    6827    6962    7963    7932    8279    6974    7067    6448    6690    7019    7168    7707    8358    7810    8081    
51     1941 7826    8017    7464    8217    7209    7430    8357    8406    8157    7297    7340    6994    7267    7158    7861    8180    8555    8330    8394    
51     1942 7832    8314    7283    8363    7310    7355    8187    8290    8411    7913    6600    7394    7207    7513    7342    7627    8397    8530    8774    
51     1943 7705    8201    7173    8349    7140    6946    8391    8284    7950    7255    7213    6955    7103    6900    6839    8053    8442    8677    8826    
51     1944 -999999 8220    7236    8290    6945    7278    -999999 8129    7890    7352    7247    6245    7177    7352    7303    8120    8358    -999999 -999999 
51     1945 -999999 -999999 -999999 -999999 -999999 -999999 -999999 -999999 -999999 -999999 -999999 -999999 -999999 -999999 -999999 -999999 8387    9007    8484    
51     1946 7788    8435    7269    8437    7530    7129    7999    8265    8575    7926    7330    7329    7397    6906    7094    7573    8113    8307    8706    
51     1947 7474    8303    6632    8523    7396    6259    7709    8535    8307    7848    6850    7471    6643    6565    5581    6693    7871    8557    8813    
51     1948 7820    8133    7438    8379    7029    7571    8282    8406    7886    7265    6850    6968    6993    7832    7868    8103    8071    8680    8900    
51     1949 7410    8163    6714    8436    7072    6147    8070    8494    7857    6961    6807    7439    6387    5474    6587    7610    8165    8433    8735    
51     1950 7759    8141    7327    8314    7284    7038    8469    8168    8011    7329    7393    7132    6503    6839    7755    8347    8384    8680    8590    
51     1951 7879    8335    7427    8449    7102    7567    8346    8529    8204    7619    6573    7097    7817    7313    7581    8190    8335    8513    8794    
51     1952 7523    8383    6694    8568    7129    6199    8324    8371    8538    7761    7083    6542    6483    5577    6545    7980    8290    8703    8474    
51     1953 7766    8156    7217    8493    6545    7551    8289    8742    8239    6513    6823    6306    7810    7645    7206    7530    8674    8650    9090    
51     1954 7667    8227    7234    8273    6940    7290    8352    7752    7946    7239    7050    6535    6863    7316    7677    7967    8474    8610    8597    
51     1955 7767    8176    7363    8358    6728    7623    8302    8400    8046    6932    6330    6910    7430    7703    7729    8070    8261    8577    8819    
51     1956 7693    8078    7258    8282    6745    7384    8433    8239    7755    6810    6903    6526    7390    7226    7535    7987    8768    8533    8655    
51     1957 7556    8165    7104    8183    6770    7122    8226    8190    7654    7152    6767    6390    6730    7071    7552    8123    8335    8217    8490    
51     1958 7805    8164    7298    8346    7157    7287    8448    8439    8082    7416    6787    7255    7183    7145    7529    7890    8500    8953    8494    
51     1959 7395    8407    6590    8408    7201    6573    7467    8390    8332    7784    7217    6603    6673    5994    7055    6000    7619    8777    8355    
51     1960 7590    8054    7126    8192    6946    7187    8007    8261    7945    7381    6657    6790    6620    7181    7742    7757    8245    8010    8468    
51     1961 7722    8019    7351    8338    7302    7096    8208    8471    8046    6874    7623    7419    7237    6826    7229    7793    8306    8520    8361    
51     1962 7339    8051    6654    8043    7005    6265    8130    8161    7561    7365    6617    7023    5773    6594    6413    7503    8216    8667    8177    
51     1963 7571    8180    6966    8298    6990    6807    8116    8365    8357    7332    6807    6826    6873    6206    7342    7760    8316    8267    8458    
51     1964 7296    8305    6335    8458    7037    5847    7890    8732    8166    7884    6877    6345    6003    5100    6442    7280    8097    8287    8371    
51     1965 7910    8186    7516    8353    7499    7354    8444    8655    8000    7694    7583    7223    7460    7258    7348    8250    8426    8657    8387    
51     1966 7740    8191    7321    8174    7242    7320    8251    8119    8000    7555    7380    6797    7137    7210    7606    7810    8326    8613    8348    
51     1967 7516    8105    6928    8178    6774    6829    8210    8632    7486    7184    6587    6545    7017    6377    7100    7967    8026    8643    8632    
51     1968 7916    8226    7474    8552    6999    7523    8595    8674    8334    7068    6580    7335    7153    7290    8113    8360    8645    8777    8665    
51     1969 7810    8480    7306    8579    7295    7250    8208    8729    8318    7742    7137    7000    7300    7045    7406    7963    8710    7933    8452    
51     1970 7819    8377    7263    8580    7461    7179    7969    8913    8354    7884    7337    7158    6847    7187    7494    7553    8255    8090    8768    
51     1971 7343    8190    6622    8463    6742    6611    7638    8481    8107    7426    6100    6681    7200    5948    6703    7117    7368    8440    8603    
51     1972 7737    8043    7325    8474    7191    7163    8200    8487    8321    7071    7137    7365    7063    7052    7371    7970    7916    8723    8403    
51     1973 7496    8137    6936    8410    6848    6978    7808    8632    8171    6997    6837    6710    6730    7200    6997    7140    8123    8150    8300    
51     1974 7639    8158    7003    8236    7083    7083    8199    8410    7971    7977    6227    7016    7073    7019    7155    7523    8668    8390    8232    
51     1975 7546    8139    7023    7999    7145    6876    8180    8216    7500    7774    6917    6735    6840    6771    7016    7877    8277    8383    8239    
51     1976 7101    7994    6157    8344    6109    5707    8199    8400    8397    6306    6113    5906    5377    5655    6077    7840    8368    8383    8448    
51     1977 7480    8132    6869    8341    6695    6891    7922    8594    7943    7045    6767    6274    6980    6323    7374    7517    8313    7923    8729    
51     1978 7627    8108    7074    8362    7090    6979    8263    8190    8146    7342    6467    7442    6840    7029    7065    7593    8381    8810    8242    
51     1979 7581    8337    7014    8371    7234    6924    7887    8539    8329    7735    7180    6784    6943    6423    7406    7363    7816    8483    8026    
51     1980 7591    7968    7199    8080    6761    7472    7990    8355    7845    7290    6770    6223    7430    7732    7252    7803    8171    7990    8232    
51     1981 7582    7980    7116    8117    7004    7160    7975    8413    7661    7381    6727    6897    7053    7197    7226    7600    8332    7980    8497    
51     1982 7584    8100    6980    8387    6682    7133    8171    8729    7886    7152    6240    6639    7150    6668    7581    7603    8729    8163    8458    
51     1983 7470    8166    6886    8069    7758    6274    7826    8184    7511    7887    7483    7894    6627    5787    6419    7123    7874    8480    8374    
51     1984 7652    7959    7133    8168    6935    6923    8449    8310    7797    6926    6320    7539    6950    6694    7126    8173    8519    8653    8810    
51     1985 7483    8249    6964    8233    7218    6812    7854    8416    7393    7635    6663    7339    6930    6474    7035    7343    7848    8370    8319    
51     1986 7523    7847    7130    7836    7392    6751    8078    8087    7021    7371    7433    7374    6687    6490    7074    7737    8339    8150    8461    
51     1987 7765    8054    7397    8377    6893    7597    8226    8255    8418    6742    6473    7452    8070    7348    7387    7650    8239    8790    8416    
51     1988 7607    8273    6930    8208    7058    6887    8186    8365    7817    8000    6593    6565    7017    6900    6748    7777    8400    8373    8719    
51     1989 7424    8315    6766    8720    6916    6461    7813    8887    8536    7000    7883    5897    6297    6439    6642    7483    7797    8160    8184    
51     1990 7327    7835    6628    8041    6418    6560    8184    8416    7468    6958    6807    5503    7440    6271    5997    7820    8023    8713    8568    
51     1991 7210    8076    6345    8087    6695    6187    7925    7890    7771    7484    6297    6290    6660    6048    5868    6933    8165    8670    8487    
51     1992 7468    8213    6773    8321    6678    6849    8103    8242    8228    7500    6500    6029    7053    6839    6661    7580    8213    8513    8303    
51     1993 7402    7875    6901    8038    6665    6652    8207    7823    7982    6448    6607    6939    6907    6745    6313    7917    8394    8303    8506    
51     1994 7626    8122    7222    8250    7292    6918    8189    8326    7882    7303    7183    7387    6950    6555    7252    8020    7881    8677    8135    
51     1995 7654    7942    7186    7958    7105    7024    8369    8110    7593    7245    7253    6823    7313    6765    7003    7990    8642    8467    8648    
51     1996 7558    8206    7013    8314    7038    6821    8155    8310    7962    7200    6397    7497    6727    6648    7084    7717    8213    8533    8413    
51     1997 7501    8218    6833    8291    6785    7111    7735    8774    7621    7706    5930    6690    7237    7355    6745    7030    7648    8530    8719    
51     1998 7408    7857    6914    8109    6822    6613    8186    8006    7546    6684    7513    6290    6910    6894    6045    7880    8387    8283    8506    
51     1999 7653    8276    7009    8377    7486    6715    8021    8152    8482    7865    7393    7197    6597    6635    6910    7330    8061    8670    8603    
51     2000 7804    8172    7291    8329    7198    7020    8591    8439    7917    7339    6943    7303    5960    7771    7294    8457    8610    8707    8877    
51     2001 7977    8534    7330    8444    7705    6928    8913    8413    8000    8548    7820    6752    7223    6616    6955    8670    8965    9103    8690    
51     2002 8077    8523    7567    8549    7370    7554    8760    8910    7993    7445    6740    7903    6903    7548    8190    8087    8690    9507    8968    
51     2003 7330    8459    6515    8618    6862    6341    7619    9219    7564    6752    6000    7806    6723    6629    5684    6230    7745    8877    8706    
51     2004 7715    8143    6879    8397    6761    6815    8618    8884    7545    7084    6547    6645    6553    6658    7226    7650    8942    9250    9558    
51     2005 7537    8541    6876    8609    7126    6624    8091    8103    8118    7258    7157    6965    5890    6706    7252    7277    8371    8617    8748    
51     2006 7742    8383    7084    8509    7226    6913    8452    8577    8168    7803    6963    6903    6430    6306    7987    7913    8639    8797    8426    
51     2007 7558    8345    7027    8366    6709    7332    7910    8210    8471    7552    5603    6935    7620    7326    7058    7610    7855    8267    8235    
51     2008 7408    7742    6832    7709    6759    6783    8200    7706    7148    7219    7260    5813    6910    6310    7132    7607    8387    8600    8813    
51     2009 7784    8396    7298    8571    7410    7185    8104    8545    8332    7700    7160    7361    7050    7316    7184    7720    8132    8460    8474    
51     2010 7867    8234    7348    8541    7272    7186    8253    8842    8282    7226    6473    8090    6980    6839    7732    7950    8387    8417    9168    
51     2011 7613    8293    6999    8706    6434    7279    8334    8558    8357    6881    6590    5835    7003    7332    7494    7750    8229    9027    8371    
51     2012 7740    8087    7292    8098    7008    7368    8389    8416    7466    7003    7040    6981    7440    7490    7177    7630    8481    9053    8694    
51     2013 8050    8497    7562    8618    7687    7234    8604    8723    8418    7626    7177    8242    7470    6677    7561    8250    8726    8833    8923    
51     2014 7842    8437    7257    8676    7124    7022    8668    8800    8264    7074    7060    7235    5963    7452    7616    8197    8713    9093    8642    
51     2015 7598    8473    6852    8539    7172    6571    8049    8642    8311    7439    6777    7287    6987    5855    6884    7343    8374    8420    8897    
51     2016 7935    8352    7392    8544    7526    7384    8210    8755    7941    7700    7543    7335    7903    7232    7032    7327    8684    8603    9152    
51     2017 7673    8424    7128    8641    7176    6928    8235    8494    8239    7361    6850    7306    6423    6932    7413    7833    8277    8593    8374    
51     2018 7307    8052    6620    7976    7189    6333    7635    8213    7271    7526    6813    7216    6787    6029    6197    6690    7658    8557    8716    
51     2019 7491    7987    6848    8222    7167    6547    8069    8394    7486    7084    6963    7448    6700    6223    6723    7033    8448    8713    8661    
51     2020 -999999 8093    6298    8210    6277    6321    -999999 8471    7448    6794    5770    6252    7043    5610    6332    6803    8152    -999999 -999999 
