EUROPEAN CLIMATE ASSESSMENT & DATASET (ECA&D), file created on: 16-11-2020
THESE DATA CAN BE USED FOR NON-COMMERCIAL RESEARCH AND EDUCATION PROVIDED THAT THE FOLLOWING SOURCE IS ACKNOWLEDGED: 

Klein Tank, A.M.G. and Coauthors, 2002. Daily dataset of 20th-century surface
air temperature and precipitation series for the European Climate Assessment.
Int. J. of Climatol., 22, 1441-1453.
Data and metadata available at http://www.ecad.eu

FILE FORMAT (MISSING VALUE CODE = -999999):

THIS FILE HOLDS DATA FOR STATION RUSSIAN FEDERATION                       VELIKIE LUKI                             (STAID:    103)
LATITUDE: dd:mm:ss +56:21:00
LONGITUDE: ddd:mm:ss +030:37:00
ELEVATION: m   97

DATA IS FOR INDEX Mean of daily average relative humidity (RH) with unit 0.01 Relative humidity (%)

01-06 SOUID: Source identifier
08-11 YEAR : YYYY
13-20 ANNUAL DATA VALUES
21-28 WINTER HALF YEAR DATA VALUES
29-36 SUMMER HALF YEAR DATA VALUES
37-44 WINTER (DJF) DATA VALUES
45-52 SPRING (MAM) DATA VALUES
53-60 SUMMER (JJA) DATA VALUES
61-68 AUTUMN (SON) DATA VALUES
69-76 JANUARY DATA VALUES
etc. 
157-164 DECEMBER DATA VALUES

103    1936 -999999 -999999 7523    -999999 7438    7525    8674    -999999 7600    8042    7727    6555    6897    7332    8326    8317    8700    9003    8858    
103    1937 -999999 8626    7505    8566    7566    7576    8613    8310    8525    8365    7320    7006    6430    8174    8087    7987    8761    9087    -999999 
103    1938 -999999 -999999 7184    -999999 7662    6982    8593    -999999 -999999 8494    7690    6803    7307    6984    6665    7693    8942    9133    -999999 
103    1939 -999999 -999999 7211    -999999 7349    7018    8284    -999999 8626    7565    7407    7081    6957    7435    6661    7747    8077    9033    -999999 
103    1940 -999999 -999999 7232    -999999 -999999 7287    8675    -999999 -999999 -999999 7013    5955    6653    7100    8087    8600    8532    8897    -999999 
103    1941 -999999 -999999 -999999 -999999 -999999 -999999 -999999 -999999 -999999 -999999 7683    7052    -999999 -999999 -999999 -999999 -999999 -999999 -999999 
103    1942 -999999 -999999 -999999 -999999 -999999 -999999 -999999 -999999 -999999 -999999 -999999 -999999 -999999 -999999 -999999 -999999 -999999 -999999 -999999 
103    1943 -999999 -999999 -999999 -999999 -999999 -999999 -999999 -999999 -999999 -999999 -999999 -999999 -999999 -999999 -999999 -999999 -999999 -999999 -999999 
103    1944 -999999 -999999 -999999 -999999 -999999 -999999 -999999 -999999 -999999 -999999 -999999 -999999 -999999 -999999 -999999 -999999 -999999 -999999 -999999 
103    1945 -999999 -999999 -999999 -999999 -999999 -999999 -999999 -999999 -999999 -999999 -999999 -999999 -999999 -999999 -999999 -999999 -999999 -999999 -999999 
103    1946 -999999 -999999 7864    -999999 -999999 7960    8640    -999999 -999999 -999999 7347    7210    7473    7952    8439    8763    8306    8860    8639    
103    1947 -999999 8535    -999999 8464    7922    7982    -999999 8658    8057    8652    7987    7129    7507    7848    8574    -999999 -999999 9030    8945    
103    1948 8184    -999999 7762    8667    7527    7885    8726    8681    8355    8177    7203    7190    7777    7674    8200    8533    8590    9060    8768    
103    1949 8366    8778    8034    8804    7893    8201    8525    9032    8593    8616    7790    7271    8110    7987    8503    8553    8190    8843    8923    
103    1950 8190    8401    7972    8399    7776    8050    8608    7755    8532    8187    7870    7274    7897    7858    8390    8557    8484    8787    8729    
103    1951 8107    8555    7577    8557    7708    7503    8564    8529    8396    8400    7517    7200    7097    7784    7616    8253    8765    8667    9065    
103    1952 8109    8567    7597    8801    7151    7720    8781    8723    8603    7587    7197    6671    7503    7474    8174    8577    9090    8667    9055    
103    1953 8367    8685    8102    8738    7779    8192    8718    8906    8200    8145    7947    7252    7863    8194    8510    8860    8806    8483    9206    
103    1954 8400    8729    8067    8828    8047    8014    8837    8597    8664    8603    8123    7416    7127    8326    8561    8847    8961    8700    8874    
103    1955 8303    8836    7883    8931    8141    7683    8573    8848    9086    8568    8483    7384    7277    8052    7706    8410    8577    8730    8577    
103    1956 8230    8475    7951    8467    7960    7937    8441    8697    8103    8152    8537    7210    7287    8074    8429    8173    8552    8593    8935    
103    1957 8247    8591    7943    8836    7639    8001    8631    8745    8825    7919    7583    7413    7553    7910    8526    8670    8474    8753    8629    
103    1958 8132    8376    7790    8564    7312    7951    8645    8477    8589    7365    7437    7139    7780    7719    8348    8320    8745    8867    8842    
103    1959 7810    8660    7156    8788    7343    6941    8255    8706    8818    8003    7357    6671    6950    6961    6913    8117    8158    8493    8661    
103    1960 8301    8519    7746    8720    7404    7971    8893    8929    8559    8316    7100    6787    7587    7906    8406    8693    9019    8963    9339    
103    1961 8175    8820    7730    8889    7510    7845    8733    8648    8657    8281    7100    7135    7207    7939    8368    8620    8584    9000    8577    
103    1962 8163    8512    7854    8518    7727    7801    8605    8632    8325    7948    7693    7539    7230    8023    8132    8500    8755    8557    8613    
103    1963 7870    8273    7457    8310    7455    7293    8424    8339    7943    7406    7827    7145    6913    7071    7884    7910    8781    8570    8655    
103    1964 7911    8480    7401    8591    7299    7402    8376    8590    8524    7765    7513    6626    6997    7319    7877    8087    8397    8643    8619    
103    1965 7792    8371    7321    8362    7098    7498    8274    8210    8246    8110    6373    6787    7040    7574    7865    8280    8258    8283    8477    
103    1966 7868    8166    7614    8148    7658    7578    8223    7942    8011    8016    8073    6897    6927    7958    7829    8007    8084    8583    8103    
103    1967 8170    8091    8071    7849    8096    8066    8502    7797    7625    8323    8183    7784    7943    7874    8377    8270    8635    8597    8584    
103    1968 7868    8373    7402    8296    7366    7527    8290    8319    7962    8119    6910    7055    6920    7923    7719    7867    8381    8620    8590    
103    1969 7639    7861    7401    7631    7126    7511    8312    7513    6700    7274    7120    6984    7203    7648    7671    7773    8368    8793    8542    
103    1970 7839    8168    7453    8151    7048    7552    8475    8065    7814    7410    7420    6326    7147    7487    8010    8347    8352    8730    8968    
103    1971 8116    8616    7617    8778    7482    7672    8555    8852    8486    8300    7663    6487    7587    7658    7768    8573    8381    8717    8955    
103    1972 7928    8232    7512    8307    7346    7527    8612    7919    8028    7397    7417    7226    7557    7826    7200    7857    8981    8987    8748    
103    1973 7957    8568    7489    8408    7614    7411    8362    7755    8754    8216    7240    7374    7193    7539    7494    8097    8339    8650    8887    
103    1974 8093    8464    7593    8654    7273    7863    8570    8219    8879    7855    6660    7284    7323    8077    8171    8020    8735    8950    8971    
103    1975 7872    8606    7464    8573    7574    7479    8030    8516    8196    8239    7757    6732    7467    7126    7845    7883    8213    7987    8526    
103    1976 8008    8072    7713    8038    7487    7990    8397    8116    7434    8110    7073    7265    7667    7842    8452    7967    8058    9177    8890    
103    1977 8115    8557    7813    8654    7612    7979    8503    8410    8664    8174    7577    7084    7490    8135    8297    8290    8526    8693    8081    
103    1978 8093    8308    7786    8112    7488    7914    8777    8429    7796    8284    7217    6955    7563    7919    8248    8820    8700    8813    8345    
103    1979 8013    8432    7676    8301    7289    7875    8559    8439    8100    8177    6753    6919    7077    8339    8184    8770    8087    8837    8461    
103    1980 7933    8016    7805    8076    7125    7874    8574    7916    7834    6977    7323    7081    6830    8168    8590    8823    8313    8593    8729    
103    1981 8091    8263    7726    8434    7108    7915    8825    8361    8189    7394    7150    6781    7817    7703    8223    8700    8926    8847    9013    
103    1982 8303    8620    8054    8722    7505    8343    8636    8455    8696    7800    7140    7565    8003    8516    8500    8583    8781    8540    9068    
103    1983 8068    8642    7741    8830    7787    7866    8022    8790    8611    8058    7733    7568    7800    8110    7687    7543    8116    8403    8423    
103    1984 8168    8293    7928    8326    7513    8136    8692    8361    8186    8265    6670    7577    8023    8097    8284    8910    8532    8640    8461    
103    1985 8273    8302    8060    8310    7491    8212    8885    8423    8018    7719    7707    7055    8260    8216    8161    8987    8806    8863    9055    
103    1986 8157    8568    7898    8634    7529    8012    8663    8800    7986    7852    7750    6994    7850    7974    8206    8630    8342    9027    8474    
103    1987 7987    8204    7946    8133    7293    8253    8312    7761    8168    7477    7050    7345    8320    7977    8465    8523    7771    8660    8358    
103    1988 8043    8296    7652    8291    7310    8097    8316    8313    8197    8484    6947    6487    8073    7874    8342    8200    8161    8593    8848    
103    1989 8140    8529    7691    8726    7464    7920    8498    8677    8643    8265    7280    6842    7990    7668    8103    8277    8568    8647    8755    
103    1990 8032    8435    7636    8632    6874    7922    8804    8523    8618    7523    6507    6581    7307    8187    8252    8980    8403    9043    8503    
103    1991 7921    8260    7632    8211    7441    7622    8414    8174    7929    7500    7030    7781    7697    7384    7787    8110    8377    8757    8526    
103    1992 7855    8549    7173    8603    7564    6854    8373    8545    8748    8361    7530    6800    6743    6539    7277    8180    8439    8497    8648    
103    1993 7722    8116    7531    8064    7057    7745    8047    8126    7350    7574    7200    6400    6997    7987    8226    8377    7842    7930    8606    
103    1994 7776    8079    7407    8422    7058    7412    8204    8674    7939    7465    6880    6823    7527    6910    7803    8523    7890    8210    8687    
103    1995 7727    8195    7256    8522    7350    7051    8103    8413    8461    7535    7400    7116    7073    7023    7058    7883    7977    8453    8397    
103    1996 7689    7967    7278    8192    6628    7418    8649    8268    7893    6823    6333    6719    7263    7735    7252    8370    8677    8900    8052    
103    1997 7803    8075    7470    7961    7002    7566    8553    7977    7843    7003    6700    7294    7807    7506    7394    8130    8852    8667    8468    
103    1998 7805    8178    7656    8254    6904    8005    8129    8465    7786    6810    6763    7135    7713    7990    8303    8017    8245    8120    8294    
103    1999 7621    8121    7085    8352    6814    7130    8175    8687    8046    7329    6747    6365    6900    6690    7794    8030    8152    8343    8390    
103    2000 7974    8110    7602    8284    7139    7786    8467    8281    8172    7332    7790    6316    6963    8339    8029    8177    8171    9063    9068    
103    2001 8019    8487    7655    8740    7357    7772    8384    8848    8257    7513    7493    7068    7563    7787    7958    8067    8474    8607    8603    
103    2002 7627    8370    7138    8579    6712    7335    8284    8677    8443    7429    6243    6448    7387    7310    7310    8143    8374    8330    7497    
103    2003 7825    7805    7595    7771    6888    7872    8551    8010    7811    6829    6827    7006    7377    7906    8316    8123    8471    9060    8161    
