EUROPEAN CLIMATE ASSESSMENT & DATASET (ECA&D), file created on: 16-11-2020
THESE DATA CAN BE USED FOR NON-COMMERCIAL RESEARCH AND EDUCATION PROVIDED THAT THE FOLLOWING SOURCE IS ACKNOWLEDGED: 

Klein Tank, A.M.G. and Coauthors, 2002. Daily dataset of 20th-century surface
air temperature and precipitation series for the European Climate Assessment.
Int. J. of Climatol., 22, 1441-1453.
Data and metadata available at http://www.ecad.eu

FILE FORMAT (MISSING VALUE CODE = -999999):

THIS FILE HOLDS DATA FOR STATION RUSSIAN FEDERATION                       ELAT'MA                                  (STAID:     74)
LATITUDE: dd:mm:ss +54:57:00
LONGITUDE: ddd:mm:ss +041:46:00
ELEVATION: m  132

DATA IS FOR INDEX Mean of daily average relative humidity (RH) with unit 0.01 Relative humidity (%)

01-06 SOUID: Source identifier
08-11 YEAR : YYYY
13-20 ANNUAL DATA VALUES
21-28 WINTER HALF YEAR DATA VALUES
29-36 SUMMER HALF YEAR DATA VALUES
37-44 WINTER (DJF) DATA VALUES
45-52 SPRING (MAM) DATA VALUES
53-60 SUMMER (JJA) DATA VALUES
61-68 AUTUMN (SON) DATA VALUES
69-76 JANUARY DATA VALUES
etc. 
157-164 DECEMBER DATA VALUES

74     1936 7748    -999999 6828    -999999 7445    6172    8667    9126    8010    8148    7830    6368    6353    5655    6513    8317    8742    8940    9003    
74     1937 8033    8883    7352    8894    7516    7477    8351    8913    8754    8935    6837    6755    7127    7926    7368    8100    8223    8733    -999999 
74     1938 7648    -999999 6651    -999999 7934    6024    8252    8648    8482    8584    8120    7103    6843    5332    5923    6640    8910    9183    8100    
74     1939 7444    8457    6506    8279    7189    6191    7920    8439    8300    7819    7423    6332    5857    6400    6306    6733    8381    8630    8758    
74     1940 7424    8122    6668    7900    6902    6637    8238    7419    7497    8026    7907    4806    6573    7003    6332    7450    8381    8880    8855    
74     1941 8034    8540    7526    8566    8058    7022    8604    8390    8439    8297    8237    7645    6937    6448    7677    8240    8816    8750    8568    
74     1942 7826    8373    7305    8232    7551    7340    8068    8290    7796    7971    7590    7094    7380    7168    7474    7130    8568    8490    8939    
74     1943 7693    8346    7255    8330    7504    7250    7751    7787    8257    8032    7470    7010    6380    7703    7639    7307    7287    8673    8800    
74     1944 7889    8512    7226    8844    7687    7223    7937    9074    8645    8606    7490    6958    6513    7529    7603    7250    7523    9053    8429    
74     1945 7992    8344    7528    8379    7415    7674    8422    8552    8132    8377    7243    6619    7133    7661    8210    8303    8587    8370    8694    
74     1946 7836    8485    7272    8668    7268    7105    8325    8455    8875    7965    7353    6490    5730    7613    7929    8507    8013    8467    8694    
74     1947 7821    8314    7144    8373    7422    7114    8301    8374    8018    8297    7930    6055    6747    6935    7648    7573    8571    8750    8961    
74     1948 7706    8555    6983    8618    7314    6742    8486    8503    8372    8165    7353    6426    5890    7026    7284    7923    8474    9060    8023    
74     1949 7673    8405    7130    8388    7089    7403    7623    8916    8207    7752    7097    6419    6950    7494    7752    7060    7294    8527    8623    
74     1950 7674    8129    7163    8301    6893    7366    8255    7806    8493    8077    6820    5781    6653    7329    8094    8310    8097    8363    8329    
74     1951 -999999 -999999 -999999 -999999 -999999 -999999 -999999 -999999 -999999 -999999 -999999 -999999 -999999 -999999 -999999 -999999 -999999 -999999 -999999 
74     1952 -999999 -999999 7476    -999999 7243    7516    8454    -999999 -999999 7594    7247    6890    6923    7845    7761    8187    8923    8237    8590    
74     1953 7903    8490    7506    8451    7659    7323    8231    8819    7889    8413    7363    7190    6303    7574    8058    8537    8316    7837    -999999 
74     1954 -999999 -999999 7063    -999999 -999999 6676    8473    -999999 -999999 -999999 7600    6774    6133    6974    6903    8013    8732    8663    8790    
74     1955 7793    8585    7328    8648    7747    7165    7936    8458    8700    8177    7637    7423    7117    7303    7074    7420    8174    8207    7890    
74     1956 7823    7970    7378    7782    7628    7213    8321    8223    7197    8087    7970    6839    5897    7758    7942    7850    8390    8720    8939    
74     1957 7771    8570    6996    8757    7328    7039    8018    8500    8839    8065    7450    6474    7267    6887    6971    6947    8303    8793    8842    
74     1958 7935    8397    7470    8590    7285    7388    8560    8548    8357    7545    7420    6894    7410    6619    8135    8370    8684    8623    8655    
74     1959 7892    8605    7140    8662    7493    6830    8573    8916    8389    8345    7433    6700    7067    6745    6687    8253    8868    8587    8748    
74     1960 7801    8640    6953    8781    6918    6847    8403    8897    8693    8052    7020    5687    6330    6455    7739    8520    8319    8373    9558    
74     1961 7747    8613    6983    8930    7284    6763    8309    8755    8429    8219    7267    6365    5933    7126    7203    8010    8177    8743    8765    
74     1962 8028    8499    7504    8682    7157    7866    8448    8855    8400    8052    6493    6903    7340    7971    8271    8023    8187    9143    8700    
74     1963 7756    8405    7066    8416    6902    7459    8223    8555    7946    7881    7323    5516    7537    7623    7219    7207    8758    8687    8832    
74     1964 7913    8477    7356    8565    7661    7050    8413    8532    8314    7732    8053    7210    6257    7097    7771    7747    8539    8950    8755    
74     1965 7933    8495    7370    8438    7550    7266    8358    8258    8286    8174    6713    7735    6677    7481    7623    7967    8355    8753    9158    
74     1966 7630    8577    6958    8662    7313    6804    8379    8616    8164    8381    7287    6271    6793    6877    6742    7810    8223    9110    7355    
74     1967 7528    7951    6931    7513    7049    6877    8216    7677    7507    7829    7557    5777    6997    6574    7065    7663    8155    8833    8729    
74     1968 7784    8467    7069    8404    7309    7216    8251    8174    8303    8606    6823    6481    6517    7810    7300    7473    8184    9097    8639    
74     1969 7605    7999    7186    7716    7074    7260    8318    7510    6921    7574    7417    6242    7157    7210    7410    7707    8487    8753    8832    
74     1970 7791    8314    7233    8417    7220    7012    8662    8474    7893    7416    7520    6732    6900    6939    7194    8143    8826    9010    8471    
74     1971 7661    8487    6928    8463    6717    7066    8451    8661    8236    7710    6890    5558    6423    7497    7258    7957    8435    8960    8384    
74     1972 7247    7937    6527    7652    6978    6129    8147    7284    7262    7287    7373    6287    7057    6377    4984    7147    8313    8977    8668    
74     1973 7793    8366    7209    8324    7364    7066    8346    7665    8675    7952    7223    6913    6513    7161    7506    7940    8323    8777    8935    
74     1974 7999    8489    7552    8558    7802    7678    8107    8316    8407    8177    7483    7735    7333    7916    7774    7043    8016    9263    8532    
74     1975 7738    8475    -999999 8470    -999999 6830    8184    8832    8000    8184    -999999 6116    6060    6935    7471    8003    8000    8553    8823    
74     1976 8089    8218    7728    8315    7505    7921    8534    8242    7852    7826    7267    7416    7537    8058    8155    7920    8406    9280    9081    
74     1977 7973    8757    7382    8763    7587    7400    8407    8852    8314    8581    7457    6719    7127    7648    7416    7937    8468    8813    8355    
74     1978 7835    8276    7585    7964    7352    7824    8386    8235    7232    8471    6577    6984    7673    7829    7965    8483    8165    8517    7823    
74     1979 7696    8098    7047    7810    7137    6924    8593    7610    8018    8461    7323    5632    6193    7284    7271    8610    8248    8933    8803    
74     1980 8052    8144    7926    8199    7492    7918    8576    7997    7769    7113    7700    7671    7323    8042    8371    8437    8658    8630    8887    
74     1981 7653    8457    6932    8520    7032    6699    8437    8468    8171    7903    7197    6000    6747    6016    7335    8347    8145    8830    8742    
74     1982 7923    8280    7428    8409    7317    7495    8407    8394    8057    7510    7367    7077    7120    7545    7806    7647    8613    8953    8977    
74     1983 7966    8574    7564    8650    7391    7863    8115    8745    8182    7948    7070    7145    7677    8132    7774    7573    8500    8260    8565    
74     1984 7769    8108    7263    8153    6673    7666    8637    8406    7441    7439    7063    5529    7100    7674    8206    8017    8968    8917    8448    
74     1985 8019    8524    7576    8419    7340    7816    8449    8590    8196    8003    7483    6539    8047    7974    7435    8003    8442    8903    8645    
74     1986 7464    8340    6801    8291    6642    6914    8219    8632    7521    7835    6657    5435    6537    6848    7345    8007    8206    8443    8097    
74     1987 7788    7990    7660    8061    7162    7577    8269    7981    8111    7126    7523    6848    7120    7545    8052    8890    7929    8000    8381    
74     1988 7651    8072    7106    8373    6464    7525    8123    8510    8217    7403    6357    5629    7250    7374    7942    8097    7810    8473    8768    
74     1989 7949    8232    7482    8521    7163    7775    8418    8465    8311    7581    6853    7045    7597    7916    7806    7663    8800    8777    8577    
74     1990 -999999 8449    -999999 8402    7343    8088    -999999 8252    8375    7919    7280    6829    7713    8261    8277    -999999 8403    8650    8787    
74     1991 7914    8445    7308    8644    7108    7385    8531    8548    8593    7706    6977    6635    7247    7258    7645    8100    8477    9017    8816    
74     1992 -999999 8562    -999999 8675    -999999 6746    8356    8539    8669    7874    -999999 -999999 6467    6781    6981    7463    8552    9047    8500    
74     1993 7875    8317    7500    8149    6943    7967    8302    8571    7293    7865    7050    5919    7430    8397    8058    8150    8165    8597    8942    
74     1994 7818    8393    7469    8591    7261    7791    7874    8906    7854    7848    6800    7119    7563    7684    8119    7510    7671    8447    8265    
74     1995 7703    8196    7107    8420    7036    7247    8148    8465    8543    7826    6947    6332    7043    6916    7774    7637    7910    8907    8206    
74     1996 7533    8046    7046    8059    6886    7012    8264    8084    7876    7310    7067    6287    7073    7210    6755    7917    7977    8907    7981    
74     1997 7711    8157    7057    8119    7004    7025    8481    8290    8082    7719    6850    6439    7367    6810    6910    8003    8619    8817    8665    
74     1998 7627    8408    7037    8444    6789    7226    8203    8516    8121    7694    6627    6042    6313    7316    8019    7893    8397    8313    8281    
74     1999 7799    8297    7262    8577    6928    7254    8373    8845    8607    7371    6663    6742    6117    7255    8355    8420    8423    8273    8545    
74     2000 7896    8320    7331    8477    6918    7674    8331    8406    8479    7800    6857    6097    7327    7548    8135    8030    8513    8443    9126    
74     2001 7717    8435    7151    8671    7177    7218    8145    8677    8161    7661    6773    7084    7597    6897    7174    7393    8610    8417    8184    
74     2002 -999999 -999999 -999999 -999999 -999999 -999999 -999999 -999999 -999999 -999999 -999999 -999999 -999999 -999999 -999999 -999999 -999999 -999999 -999999 
74     2003 7968    -999999 7504    -999999 7067    7848    8507    8568    7929    7742    7330    6139    7933    7542    8071    8033    8194    9303    8858    
