EUROPEAN CLIMATE ASSESSMENT & DATASET (ECA&D), file created on: 16-11-2020
THESE DATA CAN BE USED FOR NON-COMMERCIAL RESEARCH AND EDUCATION PROVIDED THAT THE FOLLOWING SOURCE IS ACKNOWLEDGED: 

Klein Tank, A.M.G. and Coauthors, 2002. Daily dataset of 20th-century surface
air temperature and precipitation series for the European Climate Assessment.
Int. J. of Climatol., 22, 1441-1453.
Data and metadata available at http://www.ecad.eu

FILE FORMAT (MISSING VALUE CODE = -999999):

THIS FILE HOLDS DATA FOR STATION NETHERLANDS                              MAASTRICHT-1                             (STAID:    167)
LATITUDE: dd:mm:ss +50:51:00
LONGITUDE: ddd:mm:ss +005:40:59
ELEVATION: m   49

DATA IS FOR INDEX Mean of daily average relative humidity (RH) with unit 0.01 Relative humidity (%)

01-06 SOUID: Source identifier
08-11 YEAR : YYYY
13-20 ANNUAL DATA VALUES
21-28 WINTER HALF YEAR DATA VALUES
29-36 SUMMER HALF YEAR DATA VALUES
37-44 WINTER (DJF) DATA VALUES
45-52 SPRING (MAM) DATA VALUES
53-60 SUMMER (JJA) DATA VALUES
61-68 AUTUMN (SON) DATA VALUES
69-76 JANUARY DATA VALUES
etc. 
157-164 DECEMBER DATA VALUES

167    1906 7734    -999999 7255    -999999 7326    7275    7975    8130    8364    7755    6593    7606    7340    7381    7106    7490    8094    8337    8652    
167    1907 7574    8284    6944    8596    6900    6987    7964    8619    8507    7516    6990    6197    6717    7232    7003    7540    7871    8483    8284    
167    1908 7667    8049    7312    8147    7368    7246    7818    7868    8300    7519    7267    7316    7007    7181    7542    7557    7790    8107    8568    
167    1909 7563    8114    6991    8332    6722    7191    8112    8361    8039    7810    6557    5794    6757    7590    7213    8047    7761    8540    8319    
167    1910 7643    8107    7180    8336    6892    7287    8157    8516    8154    7368    6477    6819    7037    7774    7042    7927    8203    8340    8087    
167    1911 7370    8220    6479    8387    6984    6359    7637    8848    8207    7639    6500    6797    7023    6142    5932    6497    7945    8460    8494    
167    1912 7634    8272    7070    8464    7127    6953    8100    8839    8031    7852    6620    6894    6850    6445    7561    8063    7726    8523    8210    
167    1913 7679    7906    7284    7986    7021    7413    8103    8281    7411    7258    6850    6948    7103    7913    7213    7670    8158    8480    8823    
167    1914 7631    8321    7052    8451    7058    7248    8067    8542    7939    7952    6383    6816    7310    7229    7206    7367    8319    8507    8000    
167    1915 7816    8285    7119    8214    7411    7036    8405    8694    7921    8239    7337    6655    6353    6868    7865    7633    8781    8790    8635    
167    1916 7898    8522    7368    8451    7453    7407    8189    8590    8103    8216    7387    6755    7397    7555    7268    7867    8281    8417    8935    
167    1917 7741    8484    7005    8757    7154    7024    8121    8819    8489    7958    7223    6284    6667    7274    7119    7473    8081    8810    8735    
167    1918 7791    8221    7308    8334    7488    6975    8380    8135    8111    7461    8210    6816    6650    6997    7268    7937    8571    8627    8752    
167    1919 7613    8448    6818    8489    7000    6949    8075    8335    8368    8032    7283    5694    6530    7732    6571    7113    8458    8640    8642    
167    1920 7645    8237    7323    8275    7459    7057    7782    8239    7921    7516    7763    7106    6963    6894    7310    7945    7490    7927    8700    
167    1921 7321    8007    6642    8544    6886    6574    7365    8471    8454    7042    6827    6787    6850    6232    6648    6517    7345    8233    8529    
167    1922 7429    8016    6691    8280    6673    6668    8178    8555    7700    7710    6860    5455    6180    6848    6961    7870    8010    8660    8358    
167    1923 7484    8259    6705    8476    6960    6584    7788    8690    8368    7490    6340    7029    7430    6139    6210    7107    7935    8317    8810    
167    1924 7475    8128    6933    8424    6912    6860    7871    8194    8259    7271    7030    6439    6223    6716    7619    7570    7923    8120    8355    
167    1925 7611    8112    6946    8263    7077    6842    8225    8594    7796    7852    7003    6374    6410    6610    7494    7797    8110    8773    8526    
167    1926 7631    8211    7109    8346    7034    7189    7863    8181    8329    7377    6703    7010    7077    7242    7245    7373    8226    7977    8858    
167    1927 7610    8157    7095    8470    6882    7191    8133    8545    7957    7355    7133    6165    6983    7206    7377    7720    7981    8703    8226    
167    1928 7315    7956    6605    8084    6833    6460    7630    8126    7886    6832    6990    6681    6383    6061    6932    6587    8019    8270    9013    
167    1929 7279    8185    6620    8431    6833    6674    7600    8723    7430    7558    7037    5910    6747    6590    6687    6773    8158    7850    7884    
167    1930 7651    7792    7251    7788    7263    7032    8214    7603    7886    7381    7087    7316    6327    7413    7332    8023    8342    8273    8819    
167    1931 7455    8205    6911    8610    6737    6811    7719    8681    8300    6826    6923    6468    6453    6561    7406    7663    7687    7807    8739    
167    1932 7371    7870    6841    8358    6776    6632    7966    8352    7959    6681    7160    6500    6420    6919    6548    7517    7965    8417    8058    
167    1933 7290    7816    6615    8014    6622    6454    7926    8023    7957    6513    6533    6816    6473    6526    6365    6983    7903    8893    8555    
167    1934 7211    8234    6237    8381    6663    6103    7789    8452    8111    7497    6157    6319    6270    5906    6139    6640    7926    8797    8374    
167    1935 7224    8112    6551    8329    6945    6128    7534    8861    7689    7006    7597    6252    6407    5984    6003    7113    7758    7723    8342    
167    1936 7531    7823    7055    8138    7103    6884    7941    8116    7945    7058    7613    6655    6557    7119    6965    7433    7868    8523    8552    
167    1937 7650    8171    7152    8218    7617    6861    7869    8026    8061    8000    7963    6900    6597    6777    7200    7493    7506    8620    8703    
167    1938 7184    7928    6675    8249    6639    6526    7705    8365    7618    6748    6977    6203    5857    6590    7110    7317    7668    8133    7645    
167    1939 7292    7775    6547    7804    6723    6350    8026    8058    7700    7448    6637    6081    5793    6387    6852    7543    8300    8227    8487    
167    1940 7245    7922    6768    7995    6736    6715    7590    7506    7990    7035    7017    6165    6213    7035    6881    7307    7684    7777    8355    
167    1941 7360    7814    6699    8116    6479    6865    7859    8068    7904    7106    6363    5965    6780    6339    7474    7287    8265    8013    8774    
167    1942 7284    8093    6543    8267    6565    6583    8037    7877    8136    7494    5597    6574    6207    7074    6455    7337    8181    8590    7923    
167    1943 7382    7936    6757    7988    6584    6796    7889    8003    8043    6910    6507    6332    7147    6574    6677    7327    8077    8257    8784    
167    1944 7425    8185    6751    8415    6660    6867    7932    8287    8159    7548    6483    5942    6667    7265    6665    7500    8174    8113    8310    
167    1945 7499    8138    6869    8451    6867    6710    7986    8758    8268    7219    6683    6694    6333    6290    7494    7727    7690    8550    8339    
167    1946 7659    8198    7209    8304    7204    7251    7940    8226    8354    8058    6513    7019    7083    7116    7548    7970    7929    7920    8206    
167    1947 6901    7862    5998    7967    6528    5801    7260    7719    7975    7432    5873    6258    5987    6245    5177    6457    7135    8193    8423    
167    1948 7254    7644    7000    7945    6592    7187    7620    7835    7552    6739    6580    6458    6953    7371    7229    7407    7565    7890    7487    
167    1949 7022    7489    6456    7540    6483    6303    7607    7810    7300    6877    6153    6406    6343    6090    6477    7280    7687    7850    8000    
167    1950 7099    7564    6612    7661    6634    6311    7741    7777    7157    6881    6557    6461    5877    6465    6577    7747    7481    8003    8200    
167    1951 8004    8080    7668    8391    7538    7690    8298    8723    8236    7848    7210    7545    7513    7684    7868    8187    8252    8457    8526    
167    1952 8046    8490    7439    8773    7277    7460    8549    8823    8983    7932    6903    6984    7140    7481    7748    8383    8461    8807    8939    
