EUROPEAN CLIMATE ASSESSMENT & DATASET (ECA&D), file created on: 16-11-2020
THESE DATA CAN BE USED FOR NON-COMMERCIAL RESEARCH AND EDUCATION PROVIDED THAT THE FOLLOWING SOURCE IS ACKNOWLEDGED: 

Klein Tank, A.M.G. and Coauthors, 2002. Daily dataset of 20th-century surface
air temperature and precipitation series for the European Climate Assessment.
Int. J. of Climatol., 22, 1441-1453.
Data and metadata available at http://www.ecad.eu

FILE FORMAT (MISSING VALUE CODE = -999999):

THIS FILE HOLDS DATA FOR STATION NORWAY                                   KARASJOK                                 (STAID:    190)
LATITUDE: dd:mm:ss +69:28:00
LONGITUDE: ddd:mm:ss +025:30:11
ELEVATION: m  129

DATA IS FOR INDEX Mean of daily average relative humidity (RH) with unit 0.01 Relative humidity (%)

01-06 SOUID: Source identifier
08-11 YEAR : YYYY
13-20 ANNUAL DATA VALUES
21-28 WINTER HALF YEAR DATA VALUES
29-36 SUMMER HALF YEAR DATA VALUES
37-44 WINTER (DJF) DATA VALUES
45-52 SPRING (MAM) DATA VALUES
53-60 SUMMER (JJA) DATA VALUES
61-68 AUTUMN (SON) DATA VALUES
69-76 JANUARY DATA VALUES
etc. 
157-164 DECEMBER DATA VALUES

190    1957 8212    -999999 7757    -999999 7574    7738    8769    8732    8868    7974    7400    7342    7190    7742    8265    8600    8874    8830    8768    
190    1958 8176    8808    7698    8831    8101    7399    8530    8761    8979    8655    7783    7855    6273    7481    8406    8367    8577    8643    8352    
190    1959 7870    8266    7427    8234    7367    7251    8644    8397    7925    7684    7327    7090    6283    7261    8177    8417    8810    8700    8352    
190    1960 7848    8379    7346    8322    7183    7301    8538    8368    8241    7806    7030    6706    6690    7210    7984    8463    8506    8647    8532    
190    1961 8005    8444    7536    8512    7498    7480    8673    8397    8618    7987    7277    7223    6580    7519    8313    8287    8952    8770    8161    
190    1962 7916    8338    7528    8157    7449    7443    8570    8132    8179    7832    7313    7197    6900    7555    7858    8343    8619    8747    8329    
190    1963 7749    8269    7193    8198    7057    7135    8518    8139    8118    7665    7227    6284    6727    6752    7913    8277    8690    8580    8645    
190    1964 8025    8385    7647    8359    7686    7382    8714    8061    8372    7965    7690    7403    6393    7219    8500    8670    8819    8650    8561    
190    1965 7987    8452    7650    8443    7476    7648    8463    8484    8268    7919    7587    6926    6647    7874    8390    8467    8377    8547    8358    
190    1966 7814    8241    7368    8200    7574    7103    8366    8055    8186    7926    7777    7026    6530    7061    7700    8127    8526    8440    8442    
190    1967 7942    8395    7360    8387    7411    7390    8525    8400    8311    8242    7477    6516    6460    7523    8158    8020    8781    8767    8658    
190    1968 8020    8587    7535    8655    7720    7336    8397    8642    8666    8019    7850    7294    6930    7277    7787    8080    8535    8570    8613    
190    1969 8033    8408    7509    8409    7776    7215    8689    8577    7996    8119    7703    7503    6730    7194    7706    8220    8874    8967    8790    
190    1970 8134    8720    7548    8657    7698    7353    8780    8723    8436    8513    7787    6797    6493    7677    7861    8683    8697    8963    8990    
190    1971 8287    8829    7723    8922    7938    7565    8748    9000    8761    8561    8067    7190    7123    7123    8435    8413    9048    8773    8971    
190    1972 8325    8846    7770    8901    8257    7261    8889    8710    9031    8555    8347    7871    6727    7123    7916    8650    8832    9187    8990    
190    1973 8490    8926    7927    8959    8346    7536    9008    8855    9039    8671    8453    7916    7113    7387    8094    8613    9361    9037    9371    
190    1974 8797    9180    8346    9289    8302    8401    9108    9084    9425    8823    8290    7794    7893    8565    8729    8803    9161    9357    9671    
190    1975 8670    9326    8121    9482    8492    7946    8877    9600    9143    9010    8500    7968    7700    8139    7990    8437    8806    9390    9384    
190    1976 8696    9268    8070    9396    8650    7703    9062    9610    9179    9235    8807    7913    7527    7884    7694    8623    9368    9183    9342    
190    1977 8879    9395    8270    9589    8698    7960    9256    9642    9804    9065    8817    8216    7787    8077    8010    8730    9419    9613    9442    
190    1978 7902    9455    7093    9551    7414    7005    8185    9626    9589    9061    7200    5974    6090    7074    7823    8410    7868    8287    7935    
190    1979 7610    7886    7181    7856    7286    6915    8232    7819    7807    7603    7290    6965    6440    6629    7661    8110    8197    8390    8416    
190    1980 7460    8032    6963    8065    7079    6548    8263    8006    7752    7423    7130    6687    6253    6058    7323    8357    8419    8007    8116    
190    1981 7688    8001    7310    8036    7043    7362    8353    8110    7864    7474    6973    6681    6667    7284    8113    8140    8435    8480    8042    
190    1982 7564    8046    7080    7912    7045    7011    8256    7961    7714    7626    6763    6735    6307    6600    8103    7963    8413    8387    8177    
190    1983 7534    8032    7111    8013    7388    6677    8122    8168    7661    7361    7510    7297    5863    6887    7255    7850    8416    8090    8032    
190    1984 7674    7908    7274    7838    7010    7290    8393    7926    7538    7429    7297    6313    6487    7700    7658    8193    8497    8487    8545    
190    1985 7655    8253    7127    8164    7414    6813    8327    8113    7800    8042    7303    6894    6700    6061    7674    8157    8213    8617    8303    
190    1986 7733    8196    7222    8181    7365    6985    8371    8252    7968    7816    7320    6958    5803    7374    7739    8123    8323    8670    8435    
190    1987 7893    8338    7434    8280    7550    7216    8401    8029    8386    8200    7423    7023    7087    6845    7713    8540    8077    8597    8842    
190    1988 8213    8605    7611    8822    7571    7537    8833    8687    8945    8503    7483    6723    6273    7581    8716    8887    8474    9150    9148    
190    1989 8316    8852    7630    8990    7874    7453    9038    8939    8871    8539    7850    7232    6540    7787    8003    8363    9390    9350    8945    
190    1990 8354    9041    7738    9023    7837    7654    8869    9084    9043    8445    7587    7471    6513    8184    8229    8423    9029    9150    9100    
190    1991 8469    9025    7837    9039    7916    7812    9124    8845    9186    8858    7560    7319    7233    7748    8435    8727    9165    9480    9113    
190    1992 8614    9074    8131    9015    8176    8022    9211    8726    9221    8761    8337    7435    6590    8548    8881    8980    9248    9403    9245    
190    1993 8645    9084    8184    9058    8222    8112    9136    9094    8811    8687    8147    7829    7837    8213    8277    8807    9226    9373    9445    
190    1994 8517    9223    7844    9323    8025    7725    9025    9377    9129    8781    8097    7200    7477    7558    8132    8623    8955    9500    9423    
190    1995 8540    9123    8038    9204    8107    8012    8968    9039    9146    8687    7830    7794    7560    7903    8558    8580    9290    9023    9090    
190    1996 8571    9004    8100    9052    8145    8020    9069    9335    8707    8561    8390    7490    7267    8442    8326    8687    9123    9397    9123    
190    1997 8542    9035    8063    9023    8247    7822    9100    8945    9000    8632    8177    7929    7160    7894    8390    8827    9139    9333    9103    
190    1998 8550    8998    8072    9092    8024    7951    9118    9281    8871    8261    8120    7694    7257    8190    8384    8787    9213    9350    9203    
190    1999 8476    9044    7967    8982    8085    7893    8957    8894    8836    8758    8047    7448    6940    8006    8703    8647    9042    9180    9213    
190    2000 8564    9003    8039    9195    7938    8010    9064    9100    9276    8232    8057    7529    7370    7855    8784    8640    9003    9550    9394    
190    2001 8482    9003    8079    9109    7876    7992    9167    9097    8807    8168    8100    7368    6980    8277    8687    9057    9235    9207    8810    
190    2002 8492    9024    7903    9028    7746    7989    9085    9052    9243    8623    7657    6955    6947    8258    8729    8867    9052    9337    9223    
190    2003 8302    8977    7675    9082    7762    7464    9026    9197    8800    8252    7653    7377    6420    7500    8439    8653    9168    9253    8919    
190    2004 8187    8978    7749    9104    7814    7631    8403    9274    9121    8148    7633    7655    7166    7210    8487    8320    8445    8443    8335    
190    2005 7533    8096    6916    8171    6961    6649    8351    8400    7736    7190    7193    6506    5723    6645    7548    7883    8194    8980    8410    
190    2006 7551    8101    7074    8092    6866    6950    8343    8087    7746    7181    6923    6497    6423    6874    7535    8203    8397    8427    8329    
190    2007 7610    8021    7209    7953    7099    7116    8287    7971    7518    7452    6897    6942    6293    7319    7710    8083    8365    8410    8332    
190    2008 7747    8077    7261    8040    6993    7352    8654    7997    7772    7577    6807    6590    6747    7455    7835    8130    9119    8697    8223    
190    2009 7576    8129    7144    7896    7022    7051    8327    7858    7575    7268    6853    6939    6323    7081    7726    7933    8497    8547    8294    
190    2010 7645    8030    7298    7941    7111    7128    8452    7852    7650    7319    7203    6813    6313    7416    7629    8413    8597    8340    8181    
190    2011 7689    7970    7200    7889    7103    7012    8610    8110    7321    7223    7200    6890    6480    7145    7394    8097    8816    8910    8642    
190    2012 7781    8356    7309    8244    7207    7196    8659    8242    7821    7687    7390    6548    6840    7255    7481    8360    8771    8843    8142    
190    2013 7529    8229    6889    8182    6797    6685    8409    8255    8146    7229    7250    5926    5983    6716    7332    8150    8687    8380    8339    
190    2014 7642    8149    7123    8089    6978    7157    8354    7774    8161    7561    6907    6465    6353    7090    8000    7920    8494    8643    8358    
190    2015 7745    8086    7301    8040    7199    7034    8688    7968    7768    7274    7273    7052    6340    6935    7803    8403    8903    8750    8471    
190    2016 7824    8334    7349    8248    6921    7505    8625    7945    8334    7616    7237    5919    6997    7506    7997    8457    8668    8750    8497    
190    2017 7826    8282    7367    8236    7084    7403    8666    8123    8071    7581    7003    6665    6807    7255    8129    8347    8968    8673    8303    
190    2018 7892    8279    7264    8128    7102    7168    9031    8258    7789    7645    7357    6313    6600    6642    8245    8447    9271    9367    8771    
190    2019 8143    8639    7733    8560    7323    7716    8936    8519    8371    7532    7180    7252    6993    7410    8723    8833    9019    8953    8935    
190    2020 -999999 8594    7467    8634    7205    7459    -999999 8561    8390    7703    7210    6703    6243    7800    8294    8537    9319    -999999 -999999 
