EUROPEAN CLIMATE ASSESSMENT & DATASET (ECA&D), file created on: 16-11-2020
THESE DATA CAN BE USED FOR NON-COMMERCIAL RESEARCH AND EDUCATION PROVIDED THAT THE FOLLOWING SOURCE IS ACKNOWLEDGED: 

Klein Tank, A.M.G. and Coauthors, 2002. Daily dataset of 20th-century surface
air temperature and precipitation series for the European Climate Assessment.
Int. J. of Climatol., 22, 1441-1453.
Data and metadata available at http://www.ecad.eu

FILE FORMAT (MISSING VALUE CODE = -999999):

THIS FILE HOLDS DATA FOR STATION GERMANY                                  MUENSTER                                 (STAID:     53)
LATITUDE: dd:mm:ss +51:57:02
LONGITUDE: ddd:mm:ss +007:35:29
ELEVATION: m   62

DATA IS FOR INDEX Mean of daily average relative humidity (RH) with unit 0.01 Relative humidity (%)

01-06 SOUID: Source identifier
08-11 YEAR : YYYY
13-20 ANNUAL DATA VALUES
21-28 WINTER HALF YEAR DATA VALUES
29-36 SUMMER HALF YEAR DATA VALUES
37-44 WINTER (DJF) DATA VALUES
45-52 SPRING (MAM) DATA VALUES
53-60 SUMMER (JJA) DATA VALUES
61-68 AUTUMN (SON) DATA VALUES
69-76 JANUARY DATA VALUES
etc. 
157-164 DECEMBER DATA VALUES

53     1905 8053    -999999 7477    -999999 7430    7420    8515    8665    8418    7861    7803    6639    7067    7697    7484    8190    8668    8683    9481    
53     1906 8155    8901    7543    9338    7495    7578    8369    9248    9279    8077    6693    7687    7513    7416    7803    8137    8403    8567    9094    
53     1907 7928    8548    7378    8884    6890    7793    8320    8761    8789    7697    6550    6413    7523    7819    8029    7930    8335    8693    8652    
53     1908 7978    8457    7590    8626    7624    7574    8043    8684    8538    7855    7320    7687    7273    7390    8048    7807    8110    8210    8813    
53     1909 7920    8333    7391    8569    6876    7750    8563    8413    8471    7990    6613    6016    7237    8058    7939    8487    8448    8757    8648    
53     1910 8119    8451    7791    8596    7420    7915    8537    8700    8421    7735    7310    7210    7653    8274    7810    8490    8474    8650    8723    
53     1911 7724    8545    6971    8734    7462    6786    7918    8906    8557    7965    7263    7152    7283    6935    6155    7060    8206    8477    8787    
53     1912 8017    8495    7562    8709    7485    7649    8330    8903    8417    8174    7010    7255    7660    7152    8135    8163    8077    8757    8513    
53     1913 8022    8298    7626    8389    7391    7765    8409    8581    8039    7813    7037    7313    7610    7971    7710    8113    8439    8673    8948    
53     1914 8035    8500    7611    8520    7672    7732    8453    8494    8075    8335    7077    7584    7813    7652    7732    7803    8787    8757    8287    
53     1915 7923    8555    7278    8479    7378    7388    8303    8842    8289    8352    7307    6474    6257    7571    8300    7740    8474    8690    8761    
53     1916 8011    8540    7569    8611    7560    7647    8236    8748    8303    8252    7437    6987    7563    7810    7565    8067    8306    8333    8761    
53     1917 7726    8269    7106    8320    7261    6978    8377    8339    7811    8019    7523    6248    6223    7145    7542    7967    8361    8803    8723    
53     1918 8190    8487    7805    8691    7588    7824    8560    8861    8468    7716    8203    6865    7493    7677    8290    8320    8545    8817    9048    
53     1919 8031    8541    7541    8567    7493    7897    8237    8306    8321    8194    7837    6461    7527    8674    7477    7270    8490    8943    8884    
53     1920 7990    8449    7757    8502    7750    7479    8191    8677    7907    7774    8070    7416    6823    7410    8184    8650    7932    8000    9013    
53     1921 7486    8227    6878    8717    7005    6828    7618    8703    8404    7323    6853    6835    7177    6500    6819    7100    8132    7603    8432    
53     1922 7731    8036    7301    8199    7083    7448    8196    8232    7904    7884    7090    6274    7107    7529    7697    8123    8019    8450    8471    
53     1923 8101    8273    7788    8443    7640    7805    8487    8665    8168    7861    7230    7816    8140    7474    7813    8263    8590    8603    8590    
53     1924 7918    8278    7701    8299    7510    7703    8246    8100    8200    7587    7540    7403    7210    7681    8203    8163    8329    8243    8361    
53     1925 7832    8114    7383    8173    7408    7118    8453    8410    7704    7600    7537    7090    6707    6984    7652    8340    8123    8907    8929    
53     1926 8094    8512    7676    8807    7499    7761    8284    8532    8975    7665    7257    7568    7710    7610    7961    7947    8606    8287    9058    
53     1927 8051    8535    7596    8764    7463    7702    8458    8823    8375    8039    7863    6500    7623    7703    7777    8133    8381    8863    8568    
53     1928 7806    8332    7212    8497    7112    7270    8177    8700    8203    7284    7303    6755    7127    6932    7745    7417    8339    8770    9100    
53     1929 7671    8470    6994    8531    7268    7037    8066    8703    7711    8132    7400    6277    7143    6974    6997    7197    8548    8437    8523    
53     1930 7840    8310    7414    8352    7659    7113    8181    8248    8279    7826    7610    7539    6717    7394    7216    8010    8255    8277    8729    
53     1931 7704    8064    7305    8411    6820    7295    8302    8484    7979    6661    6920    6881    6977    7319    7577    8160    8274    8473    8761    
53     1932 7652    8196    7224    8522    7092    6983    8210    8655    8124    6890    7147    7242    6670    7248    7019    8023    8316    8287    8219    
53     1933 7459    7925    7039    8071    6882    7030    7912    7965    8025    6761    6937    6948    6720    7197    7165    7263    8042    8427    8103    
53     1934 7618    8071    6980    8130    7020    6958    8165    8268    8007    7587    6730    6732    6513    6848    7497    7557    8213    8723    8745    
53     1935 7614    8300    7034    8548    7049    6852    8102    8858    7986    7258    7670    6239    6863    6839    6855    7780    8119    8407    8542    
53     1936 8164    8383    7858    8596    7946    7689    8356    8665    8579    8000    8113    7729    7307    7842    7906    8257    8258    8557    8768    
53     1937 8085    8448    7710    8542    7868    7557    8363    8358    8496    8258    8173    7184    7160    7681    7816    8263    8094    8740    8832    
53     1938 7880    8397    7413    8590    7411    7326    8352    8803    8086    7810    7480    6945    6760    7639    7561    8093    8358    8603    8419    
53     1939 7887    8375    7357    8429    7448    7221    8387    8629    8218    8013    7523    6810    6587    7365    7690    8173    8468    8517    8665    
53     1940 8075    8404    7688    8395    7641    7763    8441    8261    8248    8261    7627    7035    7393    7984    7900    8193    8513    8613    8861    
53     1941 8008    8498    7444    8680    7354    7423    8489    8503    8675    7842    7333    6887    6807    7039    8403    8197    8713    8550    9177    
53     1942 8025    8530    7578    8627    7458    7693    8523    8271    8411    8045    6973    7339    7157    8055    7852    8077    8681    8807    8635    
53     1943 8096    8419    7735    8562    7267    7850    8582    8626    8411    7365    7537    6910    8000    7561    7994    8433    8442    8877    9042    
53     1944 8202    8679    7762    8809    7740    7909    8442    8942    8417    8342    7500    7371    7980    8323    7426    7980    8545    8797    8797    
53     1945 -999999 -999999 -999999 -999999 -999999 -999999 -999999 -999999 -999999 -999999 -999999 -999999 -999999 -999999 -999999 -999999 -999999 -999999 -999999 
53     1946 -999999 -999999 -999999 -999999 -999999 -999999 -999999 -999999 -999999 -999999 -999999 -999999 -999999 -999999 -999999 -999999 -999999 -999999 -999999 
53     1947 7681    -999999 6987    -999999 7366    6826    8092    8329    8114    8139    7177    6777    7117    7032    6339    7507    8045    8727    8903    
53     1948 7930    8319    7656    8548    7357    7766    8234    8726    7979    7523    7327    7219    7507    7865    7919    8097    8148    8460    8384    
53     1949 7944    8218    7578    8337    7455    7580    8318    8432    8179    7706    7270    7384    7510    7568    7661    8077    8271    8607    8681    
53     1950 7975    8321    7621    8420    7595    7471    8436    8361    8196    7806    7517    7458    7043    7845    7510    8353    8300    8660    8661    
53     1951 8013    8418    7677    8560    7466    7788    8201    8710    8282    7890    7277    7226    7530    7819    8006    8200    7890    8523    8810    
53     1952 8137    8431    7609    8771    7364    7692    8622    8855    8641    7884    7127    7074    7517    7635    7919    8387    8574    8907    9132    
53     1953 8252    8795    7732    9062    7589    7923    8471    9297    8725    8129    7183    7442    7897    7955    7916    7993    8758    8653    9077    
53     1954 8016    8476    7685    8502    7310    7975    8381    8294    8096    7948    7167    6810    7530    8132    8248    8220    8545    8373    8806    
53     1955 8112    8402    7716    8478    7641    7741    8558    8416    8182    8068    7427    7423    7360    7797    8055    8230    8584    8860    8929    
53     1956 8100    8421    7884    8510    7476    8068    8456    8400    8179    7571    7743    7123    7883    8206    8110    8243    8706    8410    8629    
53     1957 7991    8443    7573    8581    7447    7489    8429    8548    8564    7813    7327    7197    6900    7684    7865    8467    8439    8380    8735    
53     1958 8077    8426    7666    8552    7715    7737    8324    8532    8371    8090    7597    7455    7423    7868    7910    7733    8455    8780    8716    
53     1959 7326    8425    6654    8644    7108    6577    7164    8526    8696    7413    7237    6677    6057    6581    7077    6283    6900    8317    8239    
53     1960 7895    7895    7532    8256    7114    7674    8412    8397    8124    7423    6853    7058    7013    7610    8377    8267    8623    8340    8635    
53     1961 8084    8370    7883    8428    7945    7777    8320    8348    8286    7977    8117    7745    7463    7929    7929    8117    8200    8647    8265    
53     1962 8045    8292    7727    8302    7809    7647    8342    8523    8100    8013    7747    7665    7023    8010    7887    8017    8377    8630    8526    
53     1963 7855    8255    7530    8223    7517    7450    8224    8129    7993    7865    7270    7410    7050    7348    7939    8160    8281    8230    8571    
53     1964 7727    8202    7143    8440    7205    7047    8241    8739    7979    7400    7430    6794    6830    6926    7377    7513    8423    8780    8535    
53     1965 8049    8377    7766    8509    7662    7699    8219    8677    8293    7561    7933    7500    7423    7990    7674    8077    8135    8447    8890    
53     1966 8036    8386    7609    8526    7534    7723    8434    8310    8361    8171    7703    6732    7450    7948    7761    8070    8394    8840    8723    
53     1967 7911    8369    7522    8413    7400    7496    8274    8594    7871    7761    7417    7023    7407    7323    7755    8223    8213    8387    8948    
53     1968 7869    8301    7395    8595    6951    7553    8531    8603    8207    7442    6083    7300    7333    7374    7945    8317    8706    8563    8539    
53     1969 7931    8484    7454    8609    7511    7396    8187    8594    8704    7823    7290    7413    7203    7471    7506    7840    8432    8280    8658    
53     1970 7962    8423    7488    8558    7811    7252    8164    8574    8429    8158    8067    7216    6510    7713    7510    7913    8471    8097    8890    
53     1971 7705    8325    7201    8490    7253    7250    7889    8235    8329    7923    7157    6677    7697    6939    7129    7637    7565    8477    8768    
53     1972 7824    8005    7743    8337    7332    7704    8259    8152    8076    7013    7627    7365    7470    7890    7745    8367    7729    8700    7800    
53     1973 7789    8208    7199    8402    7526    6899    8135    8787    8643    7648    7820    7119    6793    7216    6684    7580    8506    8307    8429    
53     1974 7830    8204    7388    8279    7043    7621    8343    8455    7918    7587    6413    7110    7487    7735    7635    7937    8739    8340    8577    
53     1975 7551    8132    7050    7972    7347    6793    8126    7965    7311    7790    7420    6832    6977    7029    6381    7690    8248    8437    8516    
53     1976 7308    8086    6544    8321    6472    6310    8211    8329    8103    6894    6353    6165    6313    6048    6568    7847    8229    8557    8335    
53     1977 7783    8163    7480    8302    7079    7687    8113    8694    7832    7310    7410    6529    7543    7494    8019    7897    8071    8373    8232    
53     1978 7879    8199    7482    8223    7549    7404    8364    8277    8154    8087    7187    7361    7220    7316    7671    8140    8374    8577    8200    
53     1979 7862    8286    7533    8273    7422    7662    8021    8445    8164    7955    7167    7135    7527    7658    7797    7913    7639    8523    8445    
53     1980 7832    8186    7370    8367    7046    7683    8171    8523    8117    7877    7187    6077    7617    7871    7558    7933    8223    8357    8658    
53     1981 7880    8358    7367    8532    7290    7524    8130    8713    8193    7987    6870    7000    7427    7481    7661    7760    8416    8203    8842    
53     1982 7549    8191    6956    8312    6940    7052    8001    8229    7818    7600    6590    6619    7250    6545    7368    7377    8261    8357    8581    
53     1983 7617    8180    7164    8178    7726    6632    8060    8097    7821    7932    7470    7768    6613    6448    6832    7867    7981    8337    8255    
53     1984 7803    8001    7508    8213    7065    7500    8333    8416    7952    7071    6363    7739    7470    7574    7455    8440    8439    8117    8587    
53     1985 7995    8206    7709    8131    7708    7715    8433    8681    7018    8277    7543    7297    7763    7526    7858    8280    8419    8600    8590    
53     1986 7797    8281    7299    8258    7511    7004    8327    8597    7514    7900    7770    6871    6703    7058    7242    8173    8319    8490    8900    
53     1987 8151    8485    7748    8721    7518    7872    8547    8813    8421    7958    6900    7677    8110    7416    8097    8290    8329    9030    8787    
53     1988 8009    8540    7449    8481    7173    7758    8557    8477    8159    8452    6753    6300    7773    7819    7681    8387    8613    8670    9019    
53     1989 7877    8610    7342    8862    7333    7200    8287    9010    8525    7819    7807    6387    6850    7316    7423    8300    8300    8260    8581    
53     1990 7733    8232    7214    8308    7127    7155    8338    8487    7807    7919    7013    6445    7730    6997    6758    8390    7716    8930    8652    
53     1991 7721    8123    7342    8188    7276    7355    8131    8003    7879    7561    6837    7416    7890    6910    7284    7730    8094    8570    8503    
