EUROPEAN CLIMATE ASSESSMENT & DATASET (ECA&D), file created on: 16-11-2020
THESE DATA CAN BE USED FOR NON-COMMERCIAL RESEARCH AND EDUCATION PROVIDED THAT THE FOLLOWING SOURCE IS ACKNOWLEDGED: 

Klein Tank, A.M.G. and Coauthors, 2002. Daily dataset of 20th-century surface
air temperature and precipitation series for the European Climate Assessment.
Int. J. of Climatol., 22, 1441-1453.
Data and metadata available at http://www.ecad.eu

FILE FORMAT (MISSING VALUE CODE = -999999):

THIS FILE HOLDS DATA FOR STATION CYPRUS                                   LARNACA                                  (STAID:     23)
LATITUDE: dd:mm:ss +34:52:59
LONGITUDE: ddd:mm:ss +033:37:59
ELEVATION: m    1

DATA IS FOR INDEX Mean of daily average relative humidity (RH) with unit 0.01 Relative humidity (%)

01-06 SOUID: Source identifier
08-11 YEAR : YYYY
13-20 ANNUAL DATA VALUES
21-28 WINTER HALF YEAR DATA VALUES
29-36 SUMMER HALF YEAR DATA VALUES
37-44 WINTER (DJF) DATA VALUES
45-52 SPRING (MAM) DATA VALUES
53-60 SUMMER (JJA) DATA VALUES
61-68 AUTUMN (SON) DATA VALUES
69-76 JANUARY DATA VALUES
etc. 
157-164 DECEMBER DATA VALUES

23     1981 6795    -999999 6377    -999999 6865    6405    6255    7658    7621    7587    6600    6400    6190    6690    6329    6043    6194    6530    7719    
23     1982 6720    7041    6518    7443    6818    6578    6221    7435    7146    7216    7200    6052    6400    6774    6555    6133    6332    6193    7213    
23     1983 6824    6910    6555    7129    7196    6384    6457    7016    7161    7548    7160    6877    6333    6465    6352    6140    5932    7317    7606    
23     1984 6855    7291    6487    7619    6933    6401    6625    7794    7445    7661    7277    5871    6273    6787    6139    6597    5655    7657    7155    
23     1985 6962    7093    6737    7493    6971    6687    6682    8158    7132    6826    6913    7171    7207    6184    6687    6263    6394    7400    7229    
23     1986 6880    7249    6774    7559    6712    7041    6385    7632    7843    7061    6087    6968    6803    7235    7077    6440    6426    6287    6729    
23     1987 6773    6900    6492    7196    6748    6626    6303    7613    7250    7110    6810    6326    6630    6939    6310    5937    6042    6940    7397    
23     1988 6787    7188    6364    7564    6938    6224    6390    7716    7579    7471    6503    6826    6650    5716    6319    6180    6271    6723    7500    
23     1989 6500    6840    6195    6993    6213    6574    6348    6735    6718    7074    5770    5781    6160    6713    6835    5883    6200    6967    7145    
23     1990 6247    6647    6127    6814    5908    6327    6222    6497    6800    6300    5973    5452    5683    6939    6339    6363    5694    6627    6339    
23     1991 6662    6551    6446    6752    6359    6770    6355    6955    6986    6748    6557    5777    6877    6752    6684    6033    6116    6923    7565    
23     1992 6621    6756    6616    7031    6786    6746    6051    6661    6850    6435    6937    6990    7250    6642    6361    5510    6426    6203    7190    
23     1993 6447    6758    6445    7073    6847    6326    5551    7135    6875    6713    6637    7184    6340    6252    6387    5853    4839    5983    7197    
23     1994 6769    6693    6468    7371    6690    6578    6441    7668    7229    7287    6373    6400    5943    7010    6761    6297    6397    6630    7223    
23     1995 6616    7036    6453    7436    6576    6507    6074    7771    7300    6906    6737    6090    6477    6519    6523    6380    5352    6513    6881    
23     1996 6667    6755    6311    7197    6670    6323    6275    7342    7379    7097    6623    6287    5593    6565    6787    5987    6390    6443    7497    
23     1997 6511    6508    6369    6763    6218    6604    6464    6326    6436    5948    6153    6552    6617    6245    6952    5677    6535    7177    7494    
23     1998 6475    6898    6319    6992    6247    6658    6084    7103    6314    6716    5880    6132    6703    6984    6287    5910    5413    6950    7277    
23     1999 6552    6692    6448    7187    6185    6839    6107    7342    6914    6287    6433    5842    6790    6861    6865    5890    6226    6200    6984    
23     2000 6321    6461    6109    6609    6545    5895    6100    6413    6417    6516    6870    6258    5347    6232    6087    5850    6048    6403    7394    
23     2001 6717    6970    6460    7394    6423    6749    6298    7655    7107    7206    6323    5735    6040    7219    6965    6460    6187    6250    7439    
23     2002 -999999 -999999 -999999 -999999 -999999 -999999 5862    -999999 -999999 -999999 -999999 -999999 -999999 6645    6023    6097    5581    5917    6703    
23     2003 6432    6543    6161    6957    6302    6368    6066    7458    6682    6913    6880    5132    6580    6100    6432    5867    6213    6113    6826    
23     2004 6296    6570    6127    7029    5947    6343    5953    7210    7052    6023    5680    6129    6357    6187    6487    5910    5739    6217    6581    
23     2005 6348    6430    6373    6724    6411    6495    5801    6890    6700    6474    6930    5845    6017    6787    6665    5990    5342    6087    6474    
23     2006 -999999 6387    -999999 6577    -999999 6630    6365    6516    6757    7174    -999999 6113    6173    6774    6929    6017    6771    6293    5616    
23     2007 6604    6613    6415    6568    6726    6471    6182    6645    7536    6894    6187    7081    6150    6323    6929    5787    6310    6447    6994    
23     2008 6559    6396    6614    6431    6284    6787    6689    5948    6345    6332    6130    6384    5967    6977    7390    6807    6368    6903    7132    
23     2009 6894    7168    6398    7474    6699    6321    6678    7474    7854    7332    6713    6052    5953    6597    6400    6680    6371    6993    8365    
23     2010 7072    7351    6974    7923    6728    7309    6651    7845    7521    7013    6287    6871    7087    7539    7294    6740    6803    6403    7448    
23     2011 6833    7232    6767    7564    7024    6801    6090    7726    7514    7497    7127    6452    6727    7142    6532    6627    5494    6170    7035    
23     2012 6684    6554    6489    7079    6722    6345    6430    7461    6717    6442    6813    6913    6830    6416    5803    6170    6319    6803    7513    
23     2013 6243    7030    6123    7549    6295    6130    5446    7529    7611    6452    6080    6345    5943    6274    6168    5913    4255    6210    6242    
