EUROPEAN CLIMATE ASSESSMENT & DATASET (ECA&D), file created on: 16-11-2020
THESE DATA CAN BE USED FOR NON-COMMERCIAL RESEARCH AND EDUCATION PROVIDED THAT THE FOLLOWING SOURCE IS ACKNOWLEDGED: 

Klein Tank, A.M.G. and Coauthors, 2002. Daily dataset of 20th-century surface
air temperature and precipitation series for the European Climate Assessment.
Int. J. of Climatol., 22, 1441-1453.
Data and metadata available at http://www.ecad.eu

FILE FORMAT (MISSING VALUE CODE = -999999):

THIS FILE HOLDS DATA FOR STATION GERMANY                                  SCHWERIN                                 (STAID:     55)
LATITUDE: dd:mm:ss +53:38:39
LONGITUDE: ddd:mm:ss +011:23:18
ELEVATION: m   59

DATA IS FOR INDEX Mean of daily average relative humidity (RH) with unit 0.01 Relative humidity (%)

01-06 SOUID: Source identifier
08-11 YEAR : YYYY
13-20 ANNUAL DATA VALUES
21-28 WINTER HALF YEAR DATA VALUES
29-36 SUMMER HALF YEAR DATA VALUES
37-44 WINTER (DJF) DATA VALUES
45-52 SPRING (MAM) DATA VALUES
53-60 SUMMER (JJA) DATA VALUES
61-68 AUTUMN (SON) DATA VALUES
69-76 JANUARY DATA VALUES
etc. 
157-164 DECEMBER DATA VALUES

55     1890 8094    -999999 7720    -999999 7746    7738    8324    8826    8389    8035    7727    7474    7617    7571    8023    7910    8329    8733    8506    
55     1891 7946    8463    7443    8529    7364    7646    8221    8629    8443    8145    7347    6600    7097    7800    8023    7790    8110    8767    8626    
55     1892 7855    8168    7462    8316    7017    7529    8438    8587    7697    7213    6950    6887    7667    7619    7306    8363    8290    8667    9006    
55     1893 -999999 8546    7470    8857    7193    7616    -999999 8803    8750    7781    6503    7274    7307    7481    8052    8190    8465    -999999 8755    
55     1894 7959    -999999 7617    8244    7295    7821    8420    8052    7893    7690    7313    6881    7777    7355    8329    8057    8561    8637    8955    
55     1895 8006    8535    7532    8619    7472    7647    8397    8639    8225    8165    7290    6955    7143    7803    7977    8020    8581    8583    8684    
55     1896 8155    8470    7803    8574    7734    7714    8513    8871    8138    7948    8153    7113    7203    7684    8239    8437    8606    8493    8965    
55     1897 8156    8651    7774    8786    7975    7613    8414    8839    8529    8455    7873    7594    7050    8116    7655    8357    8558    8323    8529    
55     1898 8255    8520    7841    8592    8125    7711    8545    8748    8489    8461    7920    7987    7247    8165    7706    8010    8632    8990    8700    
55     1899 -999999 -999999 -999999 8442    -999999 -999999 -999999 8619    7961    -999999 -999999 -999999 -999999 -999999 -999999 -999999 -999999 -999999 -999999 
55     1900 8154    -999999 7481    -999999 7612    7465    8467    9384    8954    8310    7737    6794    7373    7219    7800    7987    8394    9023    8935    
55     1901 8300    8924    7467    9081    7900    7499    8592    9165    9150    8900    7703    7090    7467    7413    7616    7520    8977    9267    9371    
55     1902 8458    9133    7863    9270    8054    7826    8788    9142    9300    8761    7327    8052    7407    7871    8187    8317    8987    9053    9123    
55     1903 8276    8679    7858    8831    7628    7774    8818    8826    8514    7565    8007    7326    7553    7542    8219    8520    8819    9113    9335    
55     1904 8209    8915    7493    9120    7879    7320    8601    9171    8834    8216    8173    7258    7280    7161    7516    7587    8997    9207    9132    
55     1905 8293    8952    7660    9061    7700    7654    8676    8923    9136    8345    8030    6735    7293    7810    7848    8260    8768    8997    9439    
55     1906 8348    8942    7715    9211    7697    7650    8847    9110    9071    8284    7203    7587    7560    7668    7719    8560    8819    9163    9468    
55     1907 8379    9081    7774    9311    7637    8135    8510    9229    9229    8597    7163    7135    7907    8155    8335    7940    8500    9090    9300    
55     1908 8171    8801    7901    8969    8200    7791    7910    8981    8603    8326    8163    8110    7317    8065    7977    7760    8032    7933    8765    
55     1909 8080    8320    7637    8563    7478    7761    8514    8552    8354    8274    7487    6674    7673    7771    7835    8400    8532    8610    8819    
55     1910 8147    8577    7638    8839    7525    7607    8589    8913    8779    7829    7390    7352    7077    7823    7903    8280    8623    8863    8965    
55     1911 7733    8656    6883    8728    7479    6683    7998    8739    8454    8281    7133    7013    6920    6874    6261    7113    8106    8770    9171    
55     1912 8105    8591    7580    8796    7529    7608    8603    8445    8769    8303    7213    7061    7507    7268    8045    8397    8435    8983    8861    
55     1913 7862    8429    7316    8491    7234    7313    8419    8358    8229    7706    7193    6800    6697    7397    7826    7983    8439    8833    8890    
55     1914 8018    8524    7454    8514    7586    7607    8423    8365    8264    8339    7087    7316    7543    7642    7632    7497    8906    8850    8768    
55     1915 7913    8716    7155    8768    7274    7173    8399    8748    8789    8248    7360    6216    5880    7506    8090    7867    8810    8507    8958    
55     1916 8283    8730    7787    8744    7961    7849    8453    8777    8479    8823    7473    7571    7520    7971    8045    8137    8455    8767    9348    
55     1917 8046    8789    7179    8954    7492    7064    8846    8794    8696    8665    7640    6177    6190    7326    7648    8103    8961    9470    8919    
55     1918 8389    8893    7903    8851    7904    7930    8705    9000    8611    8387    8397    6945    7437    7910    8429    8313    8723    9080    9452    
55     1919 8092    8917    7360    9131    7511    7534    8393    8939    8989    8332    7783    6426    7180    7861    7548    7370    8787    9010    8932    
55     1920 8098    8707    7750    8824    7905    7532    8085    8926    8600    7990    8213    7523    7123    7542    7916    8190    7677    8400    9090    
55     1921 7705    8384    6958    8868    7276    6751    7998    8884    8604    7668    7410    6755    7173    6429    6665    7350    7990    8653    8961    
55     1922 8147    8556    7546    8790    7439    7617    8657    8768    8625    8348    7530    6442    7050    7874    7910    8483    8513    8980    9274    
55     1923 8341    8866    7836    9084    7979    7736    8668    9139    8814    8477    7470    7974    7980    7319    7916    8363    8574    9070    9019    
55     1924 8295    8741    7846    8749    8166    7592    8601    8819    8386    8565    8320    7619    7310    7358    8100    8387    8681    8733    9258    
55     1925 7981    8773    7190    8962    7416    6947    8718    9094    8489    8352    7093    6794    6770    6519    7545    8443    8552    9163    8990    
55     1926 8384    8947    7810    9174    7960    7723    8616    9097    9464    8471    7743    7658    7760    7652    7758    8300    8713    8833    9232    
55     1927 8384    8875    7850    9077    7938    7892    8723    9158    8814    8494    7937    7384    7737    7823    8113    8113    8755    9300    9003    
55     1928 8211    8898    7543    9054    7780    7420    8555    9181    8972    8197    7867    7281    7220    7145    7887    7867    8603    9193    9148    
55     1929 7918    8653    7272    8461    8058    6985    8269    8777    7350    8735    8137    7303    7177    7032    6752    7257    8639    8900    8894    
55     1930 8165    8716    7677    8846    7976    7339    8501    9026    8593    8242    8150    7542    6817    7229    7955    8377    8377    8753    8945    
55     1931 8182    8527    7799    8787    7593    7774    8537    8803    8593    7703    7637    7442    7543    7890    7881    8410    8384    8823    9103    
55     1932 8201    8616    7698    8997    7585    7477    8780    9187    8679    7529    7797    7435    6923    7465    8026    8550    8823    8967    9048    
55     1933 8230    8769    7677    8859    7822    7568    8695    8823    8689    8261    7543    7652    7460    7677    7565    8167    8668    9250    9032    
55     1934 8108    8995    7248    9142    7665    7150    8380    9245    9150    8648    7163    7168    6883    6852    7706    7717    8410    9013    9390    
55     1935 -999999 8650    -999999 8918    -999999 -999999 -999999 9048    8250    7761    -999999 -999999 -999999 -999999 -999999 -999999 -999999 -999999 -999999 
55     1936 8257    -999999 7777    -999999 8280    7524    8385    8919    8645    8610    8127    8100    6987    7884    7684    7870    8435    8847    8965    
55     1937 8366    8577    8080    8599    8115    8101    8623    7961    8900    8394    8510    7455    7790    8277    8226    8230    8781    8853    9061    
55     1938 7861    8677    7228    8813    7388    7265    8186    8900    8443    8010    7483    6674    7377    7442    6981    7433    8471    8643    8519    
55     1939 8105    8572    7613    8708    7732    7509    8449    8974    8621    8210    7990    7003    6857    7777    7871    8183    8568    8593    8632    
55     1940 8154    8446    7783    8400    7708    7837    8587    8471    8076    8316    7457    7342    7107    8026    8355    8400    8432    8933    8906    
55     1941 8322    8702    7931    8793    7933    7948    8571    8342    9168    8484    8043    7274    7407    7761    8658    8447    8758    8503    9074    
55     1942 8358    8682    7899    8886    7625    8020    8921    8523    9079    8190    7267    7406    7687    8242    8119    8673    8929    9160    9065    
55     1943 -999999 -999999 -999999 -999999 -999999 -999999 -999999 8981    -999999 -999999 -999999 -999999 -999999 -999999 -999999 -999999 -999999 -999999 -999999 
55     1944 -999999 -999999 -999999 -999999 -999999 -999999 -999999 -999999 -999999 -999999 -999999 -999999 -999999 -999999 -999999 -999999 -999999 -999999 -999999 
55     1945 -999999 -999999 -999999 -999999 -999999 -999999 -999999 -999999 -999999 -999999 -999999 -999999 -999999 -999999 -999999 -999999 -999999 -999999 -999999 
55     1946 -999999 -999999 -999999 -999999 -999999 -999999 8197    -999999 -999999 -999999 -999999 -999999 -999999 7132    7516    8277    8032    8287    8239    
55     1947 7956    8251    7352    8137    7787    7307    8321    8148    8011    8765    7963    6639    7113    7597    7203    7620    8281    9063    9077    
55     1948 8197    8735    7683    8949    7580    7767    8613    9145    8603    8242    7123    7361    7403    7800    8087    8317    8674    8847    8748    
55     1949 8095    8548    7680    8677    7498    7762    8352    8755    8511    7758    7443    7290    7740    8013    7532    8070    7965    9033    9068    
55     1950 8328    8685    7826    8852    8212    7457    8789    8665    8821    8581    8280    7777    7100    7677    7581    8553    8587    9233    9129    
55     1951 8094    8799    7522    8953    7451    7590    8409    8968    8743    8142    7080    7119    7323    7726    7713    8170    7994    9077    9116    
55     1952 8220    8534    7693    8974    7329    7691    8795    8958    8838    7261    7147    7574    7803    7355    7919    8367    8794    9223    9426    
55     1953 8173    8911    7540    9300    7246    7705    8513    9345    9111    7597    6800    7326    7713    7632    7771    7993    8694    8847    9300    
55     1954 8042    8514    7580    8421    7270    7867    8687    8232    7657    8281    7163    6361    6883    8310    8377    8373    8890    8790    9116    
55     1955 8262    8713    7802    8800    7798    7760    8697    8674    8589    8206    7837    7352    7540    7816    7916    8360    8797    8930    9148    
55     1956 8106    8608    7705    8781    7504    7826    8437    8787    8383    7597    7947    6984    7920    7303    8258    7837    8742    8723    8813    
55     1957 8130    8631    7634    8842    7375    7648    8637    8855    8861    7816    7330    6977    6917    7755    8248    8577    8868    8460    8932    
55     1958 8310    8602    7865    8617    7991    7883    8660    8390    8518    8432    7677    7855    7670    7974    7997    8010    8642    9330    9232    
55     1959 7748    8751    7094    9043    7193    6983    7912    8842    9057    7448    7397    6742    6190    6852    7881    7497    7216    9047    8913    
55     1960 8094    8330    7557    8646    7284    7760    8596    8794    8203    7819    7167    6861    7110    7742    8406    8043    8884    8850    9213    
55     1961 8063    8764    7632    8898    7591    7754    8278    8577    8904    8174    6883    7694    7097    7945    8200    7940    8165    8733    8474    
55     1962 8184    8440    7783    8460    8009    7663    8490    8742    8132    8374    7917    7732    6883    8061    8019    8070    8545    8853    8839    
55     1963 7947    8519    7381    8638    7467    7161    8510    8323    8764    7823    7390    7187    6720    6929    7819    8247    8506    8777    8942    
55     1964 8019    8586    7377    8686    7539    7337    8493    9042    8031    8187    7567    6865    7033    7503    7465    7840    8716    8917    9035    
55     1965 8198    8618    7749    8773    7675    7750    8493    8945    8293    7777    7930    7326    7260    8087    7887    8003    8684    8787    9377    
55     1966 8333    8829    7820    9023    7847    7858    8704    9023    8632    8452    8270    6832    7430    8068    8061    8273    8713    9127    9139    
55     1967 8277    8814    7774    8942    7673    7715    8775    9229    8407    8242    7823    6958    7390    7542    8203    8747    8723    8857    9210    
55     1968 8157    8773    7603    9037    7499    7502    8743    9097    8790    7965    6897    7616    7113    7681    7700    8603    8894    8727    8803    
55     1969 8072    8644    7519    8893    7583    7432    8365    9129    8732    7590    7447    7706    7310    7629    7352    7663    8913    8500    8913    
55     1970 8125    8699    7609    8787    8090    7332    8364    8706    8736    8423    8417    7442    6737    7800    7439    7823    8716    8540    8752    
55     1971 7954    8616    7394    8711    7612    7317    8175    8681    8700    8313    7563    6958    7787    7042    7139    7910    7990    8630    8813    
55     1972 7935    8296    7563    8616    7340    7467    8501    8419    8617    7339    7400    7284    7147    7810    7435    8310    8274    8927    8303    
55     1973 8021    8586    7366    8752    7784    7008    8333    9258    8689    8087    8010    7261    6830    7468    6719    7927    8645    8417    8977    
55     1974 7983    8479    7459    8810    7086    7733    8351    8929    8493    7413    6720    7113    7577    7884    7732    7717    8723    8600    8900    
55     1975 7943    8566    7289    8649    7675    7015    8493    8477    8561    8135    7680    7210    6857    7265    6919    7820    8745    8907    8781    
55     1976 7783    8601    6979    8697    7241    6675    8546    8742    8559    7881    7143    6697    6620    6458    6945    8037    8884    8707    8752    
55     1977 8176    8647    7643    8869    7434    7817    8579    9058    8789    7710    7707    6894    7547    7865    8032    7817    8887    9023    8819    
55     1978 8068    8732    7499    8728    7460    7436    8727    8742    8611    8306    7383    6687    7073    7506    7716    8650    8552    8987    8652    
55     1979 8003    8624    7524    8703    7501    7529    8220    8919    8521    8116    7510    6877    7200    7735    7642    8190    7648    8840    8874    
55     1980 8104    8541    7633    8985    7224    7953    8301    9113    8966    7842    7380    6455    7740    8200    7913    8123    8381    8397    8771    
55     1981 8056    8555    7602    8773    7416    7858    8249    9055    8464    8252    6843    7135    7950    7723    7903    8060    8561    8117    8606    
55     1982 7784    8397    7173    8617    7427    7141    7925    8894    8321    7868    7020    7381    7280    7026    7123    7210    8487    8060    8735    
55     1983 7737    8254    7220    8270    7892    6697    8167    8081    7964    8161    7820    7694    6793    6352    6948    7737    8113    8653    8548    
55     1984 8064    8273    7769    8534    7216    7880    8558    8632    8414    7300    6767    7568    8043    7939    7665    8640    8684    8347    8777    
55     1985 7942    8443    7502    8390    7807    7373    8325    8419    7929    8452    7767    7200    7593    7097    7435    7943    8532    8493    8439    
55     1986 7815    8229    7413    8181    7504    7163    8347    8535    7504    7810    7720    6990    6860    7232    7387    8307    8245    8493    8668    
55     1987 7956    8221    7649    8387    7288    7767    8280    8216    8264    7455    7193    7213    7937    7574    7797    8190    7726    8943    9006    
55     1988 7972    8567    7426    8808    7207    7748    8307    8884    8514    8335    6850    6423    7733    7913    7597    8050    8358    8510    8506    
55     1989 7781    8387    7166    8568    7202    7047    8295    8710    8479    7774    7357    6481    6853    6852    7429    8050    8429    8400    8613    
55     1990 7805    8261    7332    8320    7240    7361    8318    8545    7746    7787    7100    6829    7843    7203    7052    7993    7955    9017    8613    
55     1991 7752    8154    7395    8129    7345    7484    8070    7845    7907    7590    7053    7381    7743    7048    7668    7477    8039    8697    8584    
55     1992 7603    8414    6807    8608    7265    6555    7995    8668    8569    7948    7420    6432    5670    6584    7384    7353    8026    8603    8594    
55     1993 7857    8238    7431    8426    7042    7562    8359    7990    8721    7552    6647    6916    7360    7455    7865    8347    8087    8653    8765    
55     1994 7781    8336    7297    8366    7428    7064    8277    8500    7775    8194    7240    6845    7423    6168    7613    8537    7848    8460    8781    
55     1995 7792    8239    7240    8497    7321    6988    8385    8445    8239    7668    7327    6968    7587    6939    6458    8210    8426    8517    8784    
55     1996 7978    8442    7445    8646    7426    7432    8440    8645    8500    7784    6587    7881    7570    7394    7335    7893    8690    8727    8726    
55     1997 7843    8443    7354    8538    7420    7274    8110    8768    8075    7648    6920    7674    7093    7732    6990    7703    8077    8550    8871    
55     1998 8084    8296    7786    8556    7610    7617    8629    8574    8186    7516    8080    7248    7723    7642    7490    8563    8471    8857    8690    
55     1999 7964    8541    7267    8679    7436    7216    8387    8655    8693    7906    7513    6890    7427    7032    7197    7563    8587    9003    9155    
55     2000 8131    8727    7522    8793    7491    7557    8708    8703    8503    8406    7400    6665    7023    7894    7735    8423    8768    8930    9123    
55     2001 8212    8839    7617    9011    7721    7385    8826    9339    8525    8323    7993    6855    7567    7119    7474    8740    8803    8937    8913    
55     2002 8005    8530    7583    8603    7642    7564    8391    8774    8071    7652    7450    7819    7287    7739    7658    7527    8545    9097    8423    
55     2003 7635    8476    6851    8570    6974    6802    8200    9003    8254    7532    6273    7094    6717    7126    6561    7327    8368    8900    8477    
55     2004 8050    8425    7583    8482    7512    7703    8297    8671    8286    7855    7107    7561    7720    7935    7455    7713    8326    8850    9110    
55     2005 7916    8521    7299    8713    7238    7412    8311    8552    8454    7842    6477    7371    6847    7610    7761    7703    8226    9007    9145    
55     2006 7927    8662    7238    8837    7822    6993    8203    8597    8761    8258    8180    7039    6993    6068    7919    7253    8516    8830    8771    
55     2007 7970    8465    7509    8592    7165    7730    8345    8423    8582    7690    6440    7342    7800    7703    7690    8073    8239    8727    8968    
55     2008 7924    8464    7201    8631    7313    7058    8622    8606    8297    7945    7743    6265    6220    7168    7758    8067    8816    8977    9229    
55     2009 7938    8914    7079    9128    7318    7135    8212    9081    9068    8329    6653    6952    7430    7390    6594    7467    8310    8857    9194    
55     2010 8115    8663    7560    8926    7700    7338    8522    8884    8675    8065    7047    7968    7397    6400    8219    8333    8306    8933    9187    
55     2011 7981    8518    7410    8700    6975    7774    8529    9223    7582    7797    6673    6445    7220    7987    8097    8030    8332    9230    9094    
55     2012 7977    8561    7362    8722    7158    7463    8543    8697    8352    7668    7273    6535    7380    7610    7397    7997    8558    9073    9206    
55     2013 8038    8707    -999999 9008    7529    7214    8529    8858    8954    7626    7325    7616    7550    7052    7074    8236    8374    8933    8900    
55     2014 8070    8548    7510    8681    7710    7278    8563    8923    8171    7965    7647    7516    7317    7023    7455    8037    8739    8907    8974    
55     2015 7909    8590    7335    8761    7297    7155    8622    8732    8554    7627    7047    7219    6907    7142    7458    8263    8665    8937    8406    
55     2016 8029    8595    7329    8581    7462    7489    8374    8835    8497    8232    7280    6868    7350    7494    7619    7363    8868    8873    9061    
55     2017 8110    8679    7636    8821    7572    7635    8532    8942    8421    7887    7700    7132    7417    7874    7606    8093    8574    8927    8771    
55     2018 7375    8407    6607    8438    6993    6435    7635    8658    7825    7648    7227    6113    6570    6261    6477    7027    7529    8353    8848    
55     2019 7705    8177    7023    8396    7196    6941    8408    8623    7643    8023    6480    7061    6497    7126    7187    7777    8497    8947    8558    
55     2020 -999999 8272    6912    8456    6528    7059    -999999 8742    8041    6855    5990    6723    6973    7287    6913    7580    8600    -999999 -999999 
