EUROPEAN CLIMATE ASSESSMENT & DATASET (ECA&D), file created on: 16-11-2020
THESE DATA CAN BE USED FOR NON-COMMERCIAL RESEARCH AND EDUCATION PROVIDED THAT THE FOLLOWING SOURCE IS ACKNOWLEDGED: 

Klein Tank, A.M.G. and Coauthors, 2002. Daily dataset of 20th-century surface
air temperature and precipitation series for the European Climate Assessment.
Int. J. of Climatol., 22, 1441-1453.
Data and metadata available at http://www.ecad.eu

FILE FORMAT (MISSING VALUE CODE = -999999):

THIS FILE HOLDS DATA FOR STATION RUSSIAN FEDERATION                       KURSK                                    (STAID:     80)
LATITUDE: dd:mm:ss +51:46:00
LONGITUDE: ddd:mm:ss +036:10:00
ELEVATION: m  246

DATA IS FOR INDEX Mean of daily average relative humidity (RH) with unit 0.01 Relative humidity (%)

01-06 SOUID: Source identifier
08-11 YEAR : YYYY
13-20 ANNUAL DATA VALUES
21-28 WINTER HALF YEAR DATA VALUES
29-36 SUMMER HALF YEAR DATA VALUES
37-44 WINTER (DJF) DATA VALUES
45-52 SPRING (MAM) DATA VALUES
53-60 SUMMER (JJA) DATA VALUES
61-68 AUTUMN (SON) DATA VALUES
69-76 JANUARY DATA VALUES
etc. 
157-164 DECEMBER DATA VALUES

80     1936 7586    -999999 6364    -999999 6889    5910    8619    9348    8193    8277    7420    4987    6303    5100    6339    8123    8665    9067    9268    
80     1937 7881    8815    7028    8793    7547    6905    8390    8374    8732    8787    7190    6652    5907    6955    7823    7630    8397    9143    9016    
80     1938 7388    8788    6146    8877    7729    -999999 7636    8919    8675    8581    8073    6545    6157    4919    -999999 5810    7919    9170    8261    
80     1939 7137    8551    5679    8676    7036    5234    7436    9119    8643    8223    7090    5797    5727    5571    4419    5513    8032    8743    8861    
80     1940 7580    8398    6643    8456    6964    6476    8398    8335    8152    8258    7563    5090    5393    6965    7035    7840    8284    9073    8990    
80     1941 -999999 8714    -999999 8794    8123    7153    -999999 8426    8986    8565    8303    7506    6820    7061    7568    -999999 -999999 -999999 -999999 
80     1942 -999999 -999999 -999999 -999999 -999999 -999999 7567    -999999 -999999 -999999 -999999 -999999 -999999 -999999 -999999 7090    7368    8250    8687    
80     1943 -999999 -999999 6683    -999999 -999999 6695    7355    -999999 -999999 -999999 6477    6806    6007    7494    6561    6723    6545    8823    9074    
80     1944 7732    8567    6833    9057    7501    6976    7496    9294    8786    8900    7813    5800    6310    7594    7003    6483    6971    9050    8810    
80     1945 -999999 -999999 7298    -999999 -999999 7499    8364    -999999 -999999 -999999 7043    6432    6780    7532    8161    7833    8587    8663    9048    
80     1946 7530    8836    6296    8974    6982    5979    8313    8761    9129    8848    6537    5545    4993    6761    6152    7800    8229    8913    8787    
80     1947 7821    8722    6720    8793    7253    6584    8378    8871    8714    8823    7183    5752    6327    5965    7452    7673    8358    9103    9687    
80     1948 7902    9183    6830    9523    7334    6929    8236    9539    9331    9084    6693    6203    6607    7061    7110    7307    8510    8883    8526    
80     1949 7568    8793    6606    8872    6921    7154    7089    9313    8768    8758    7377    4642    7070    7361    7029    6183    6387    8720    9290    
80     1950 -999999 -999999 6922    -999999 7132    7161    8005    -999999 9061    8668    7507    5232    6747    7103    7619    7350    8242    8417    9423    
80     1951 7885    8846    6949    9133    7776    6652    8151    9158    8786    9029    6870    7400    6273    6065    7606    7470    8287    8690    9000    
80     1952 7856    8721    6950    9138    7179    6945    8167    9290    9124    7958    6990    6584    6903    7087    6842    7307    8842    8330    9035    
80     1953 7679    8756    6939    8988    7730    6473    7621    9045    8871    8410    7687    7094    5813    6635    6948    7463    7610    7790    8832    
80     1954 7542    8069    6699    8253    7523    6250    8142    8155    7721    8261    7553    6755    5800    6868    6068    7167    8603    8640    8894    
80     1955 7498    8704    6651    8921    7525    6459    7222    8868    9011    8235    7447    6890    6710    6297    6377    6200    7484    7973    8574    
80     1956 7746    8080    7092    8259    7363    7049    8167    8403    7769    8255    7567    6274    5513    7665    7919    7593    8206    8700    9032    
80     1957 7855    8637    7106    8922    7291    7050    8247    8606    9150    8177    6987    6700    6440    7339    7352    7817    8126    8803    8839    
80     1958 7879    8599    7369    8747    7512    7540    7708    8800    8586    8448    8023    6081    7370    7310    7935    7520    7819    7780    8916    
80     1959 7755    8491    6804    8932    7664    6161    8324    9161    8696    8568    7447    6971    6213    6003    6268    7960    8658    8343    8823    
80     1960 7946    8716    6791    8981    7021    6691    8807    9161    8959    8355    7257    5458    5560    6452    8026    8007    8968    9440    9726    
80     1961 7823    9083    6972    9274    7555    6582    8164    9177    8882    8297    7160    7197    6323    6481    6932    7750    7545    9217    8990    
80     1962 7826    8677    7025    8943    7247    7089    8116    9129    8686    8513    6653    6555    6383    7506    7355    7687    7813    8860    8803    
80     1963 7226    8338    6143    8530    6805    6141    7511    8571    8182    7803    8127    4529    6327    6026    6077    5830    8029    8657    8648    
80     1964 7890    8529    7107    8678    7876    6941    7884    8755    8628    8468    8107    7061    6093    7045    7658    6660    7977    9010    9213    
80     1965 7876    8600    7129    8636    7597    7142    8055    8397    8261    8723    7187    6868    6923    7565    6932    7300    8003    8863    9487    
80     1966 7597    8909    6597    9317    7249    6627    7465    9484    8943    8674    7080    5987    6850    6929    6110    6650    6613    9160    8794    
80     1967 7299    8196    6407    8223    7207    6473    7331    7845    8011    8765    7870    5006    6730    6165    6532    6190    7884    7900    8745    
80     1968 7449    8275    6322    8498    6913    6187    8155    8297    8448    8377    6117    6219    5523    6835    6181    7050    8335    9073    8935    
80     1969 7388    7962    6958    7584    6977    7155    7933    7248    6461    7606    6983    6342    7347    6984    7142    6963    8026    8807    8677    
80     1970 7699    8302    6920    8188    7388    6570    8579    7871    7996    8423    7900    5858    6427    5987    7290    8113    8684    8937    8952    
80     1971 7761    8695    6870    8660    6952    6990    8476    8539    8471    8574    6950    5332    7017    7574    6381    8010    8277    9147    8929    
80     1972 7336    8290    6380    8241    6962    6078    8186    7806    7969    7616    7583    5706    6377    6829    5039    6797    8632    9113    8616    
80     1973 8054    8576    7552    8416    7963    7425    8295    7623    9071    8468    7850    7568    6827    7529    7900    7627    8232    9027    8994    
80     1974 7929    8656    7203    8792    7491    7513    7819    8652    8725    8326    6673    7448    7583    7977    6981    6527    7848    9080    9342    
80     1975 7261    8673    6279    8879    6691    6470    7270    8845    8404    8503    6290    5268    6313    6484    6606    6730    7355    7723    8655    
80     1976 7797    7909    7285    8040    7397    7541    8126    8319    7083    8258    6860    7055    7087    7777    7745    7163    8313    8897    8923    
80     1977 7915    8515    7390    8497    7383    7642    8267    7926    8657    8400    7040    6697    7667    7461    7800    7680    8097    9030    8594    
80     1978 8016    8669    7329    8589    7551    7346    8633    8971    8161    9126    6530    6965    6993    7665    7368    8453    8435    9017    8484    
80     1979 7676    8575    6721    8343    6964    6711    8485    8413    8111    8958    7180    4761    5333    7910    6845    8320    7984    9167    9152    
80     1980 8158    8542    7693    8713    7733    7585    8568    8365    8617    7990    7817    7394    7293    7513    7939    8213    8426    9070    9281    
80     1981 7708    8727    6662    8908    6977    6467    8511    8910    8493    8171    7607    5174    6290    5845    7261    7853    8458    9223    9287    
80     1982 8000    8721    7326    8702    7599    7472    8289    8461    8321    8555    7587    6655    6897    7726    7774    7313    8552    8993    9161    
80     1983 7592    8614    6847    8830    6976    7003    7766    8758    8543    7681    6210    7013    6833    7268    6903    6833    8077    8377    8635    
80     1984 7665    8250    7003    8251    6789    7557    8149    8452    7624    8297    6590    5474    7447    7681    7539    7300    8184    8963    8419    
80     1985 7776    8249    7123    8237    6772    7348    8551    8426    7825    7658    7037    5629    7457    7768    6823    8067    8568    9017    9061    
80     1986 7408    8531    6607    8547    6812    6620    7940    8874    7614    7981    6800    5655    6407    6881    6565    7357    7994    8467    8300    
80     1987 7620    8135    7254    8256    7140    7208    7878    8029    8457    7603    7363    6461    7537    6839    7258    8107    6945    8613    8345    
80     1988 7795    8292    7183    8601    6993    7557    7979    8752    8714    8423    6483    6058    7780    7484    7413    7900    7655    8393    8526    
80     1989 7703    8250    6954    8491    7050    7109    8082    8455    8493    8006    6453    6671    7273    7281    6777    7270    8423    8543    8826    
80     1990 7832    8288    7340    8559    6638    7647    8602    8313    8536    7119    6920    5884    7617    7577    7745    8327    8197    9297    8548    
80     1991 7804    8428    7180    8441    7324    7122    8304    8348    8425    7781    6733    7439    6967    7365    7029    7540    8277    9097    8684    
80     1992 7499    8597    6399    8636    6978    6034    8309    8458    8776    8316    7447    5187    6110    6394    5600    7727    8319    8880    8865    
80     1993 7881    8475    7339    8497    7112    7526    8321    8523    8061    8177    7387    5781    7547    7571    7461    8327    8013    8633    9119    
80     1994 7622    8553    6839    8840    7485    6986    7399    9123    8218    8181    7210    7055    7510    6665    6800    5797    7823    8563    8539    
80     1995 7465    8362    6599    8720    6914    6268    7962    8774    8861    7668    7007    6071    6127    6123    6552    7750    7129    9033    8619    
80     1996 7480    8378    6441    8642    7049    6132    8179    8539    8776    8216    7093    5839    6330    6452    5619    7360    8152    9027    8439    
80     1997 7700    8227    7154    8266    6684    7526    8278    8248    8093    7416    6767    5871    7697    8006    6881    7723    8313    8797    8629    
80     1998 7524    8416    6786    8497    7053    6946    7753    8635    8196    7919    6963    6274    6133    7187    7490    6647    8087    8513    8242    
80     1999 7415    8359    6439    8617    6474    6489    7853    9023    8582    7732    5553    6106    5587    6255    7597    7517    7868    8173    9006    
80     2000 7705    8404    7008    8745    6868    7149    7945    8726    8486    8165    6840    5600    6853    7603    6981    8197    7477    8177    9377    
80     2001 7688    8377    6975    8933    7097    6915    8162    8903    8475    7855    7063    6371    7423    6848    6490    7693    8106    8687    8419    
80     2002 7170    8125    6183    8508    6017    5960    8284    8519    8593    6487    5447    6100    6297    6039    5555    7687    8235    8930    8274    
80     2003 7642    8347    6811    8330    6646    7210    8249    8723    7957    7942    6757    5242    6530    7413    7665    7267    8016    9473    8729    
