EUROPEAN CLIMATE ASSESSMENT & DATASET (ECA&D), file created on: 16-11-2020
THESE DATA CAN BE USED FOR NON-COMMERCIAL RESEARCH AND EDUCATION PROVIDED THAT THE FOLLOWING SOURCE IS ACKNOWLEDGED: 

Klein Tank, A.M.G. and Coauthors, 2002. Daily dataset of 20th-century surface
air temperature and precipitation series for the European Climate Assessment.
Int. J. of Climatol., 22, 1441-1453.
Data and metadata available at http://www.ecad.eu

FILE FORMAT (MISSING VALUE CODE = -999999):

THIS FILE HOLDS DATA FOR STATION RUSSIAN FEDERATION                       SANKT-PETERBURG                          (STAID:     85)
LATITUDE: dd:mm:ss +59:58:00
LONGITUDE: ddd:mm:ss +030:18:00
ELEVATION: m    3

DATA IS FOR INDEX Mean of daily average relative humidity (RH) with unit 0.01 Relative humidity (%)

01-06 SOUID: Source identifier
08-11 YEAR : YYYY
13-20 ANNUAL DATA VALUES
21-28 WINTER HALF YEAR DATA VALUES
29-36 SUMMER HALF YEAR DATA VALUES
37-44 WINTER (DJF) DATA VALUES
45-52 SPRING (MAM) DATA VALUES
53-60 SUMMER (JJA) DATA VALUES
61-68 AUTUMN (SON) DATA VALUES
69-76 JANUARY DATA VALUES
etc. 
157-164 DECEMBER DATA VALUES

85     1936 7796    -999999 7090    -999999 7405    6816    8367    8845    8334    8152    7467    6600    6463    6819    7155    8057    8339    8707    8639    
85     1937 7799    8469    7101    8502    7315    6977    8363    8439    8421    8274    7080    6584    6087    7410    7406    8037    8265    8790    8819    
85     1938 7786    8493    7059    8692    7249    6911    8423    8997    8214    7855    7103    6784    7140    6632    6968    7753    8729    8777    8513    
85     1939 7593    8521    6744    8581    7083    6597    8049    8794    8421    7890    7417    5952    6087    7113    6574    7343    8013    8793    8771    
85     1940 7601    8248    6885    8324    6607    6971    8476    8290    7883    7732    6547    5539    6603    6655    7642    8350    8400    8680    8903    
85     1941 7602    8419    6884    8567    6798    6815    8375    8377    8404    7755    6417    6210    6757    6239    7448    8260    8210    8660    8561    
85     1942 7839    8249    7403    8340    7434    7324    8184    8342    8093    7626    7340    7332    6720    7635    7597    7780    8600    8157    8823    
85     1943 7936    8340    7505    8516    7373    7517    8331    8219    8504    7748    7667    6713    6910    7703    7919    8123    8339    8530    8897    
85     1944 7849    8532    7282    8855    7357    7088    8285    9026    8628    7781    7567    6729    6980    6987    7294    8163    7806    8900    8390    
85     1945 8069    8420    7576    8564    7323    7662    8585    8348    8996    8148    7493    6332    7103    7619    8245    8680    8435    8643    8861    
85     1946 8012    8450    7592    8573    7487    7474    8588    8555    8275    7919    7450    7090    7197    7168    8048    8613    8274    8887    8697    
85     1947 7981    8484    7468    8457    7664    7412    8337    8445    8204    8381    8150    6477    6937    7513    7771    7980    8084    8957    8894    
85     1948 7888    8440    7356    8691    7263    7263    8463    8794    8366    7558    7750    6497    7170    6832    7784    8133    8303    8957    8561    
85     1949 7807    8359    7283    8417    7089    7359    8230    8597    8057    7668    7117    6484    7610    6558    7916    8040    7903    8757    9016    
85     1950 7955    8460    7393    8708    7433    7277    8487    8445    8657    8013    7690    6603    7327    7174    7332    8270    8384    8810    8832    
85     1951 7798    8473    7144    8640    7099    7088    8379    8623    8446    7752    7400    6155    6607    7332    7310    8083    8603    8443    8868    
85     1952 8077    8630    7391    8892    7479    7182    8681    8977    8828    8068    7597    6777    6787    6939    7806    8460    8935    8640    9126    
85     1953 7999    8631    7430    8851    7062    7579    8563    8948    8439    7677    6763    6735    6823    7635    8255    8357    8868    8453    9029    
85     1954 7929    8493    7463    8557    7384    7503    8385    8458    8143    7971    7207    6968    6920    7716    7855    8110    8523    8517    8752    
85     1955 7848    8453    7291    8592    7650    6907    8347    8452    8571    7916    7657    7377    6373    7139    7190    8017    8342    8683    8510    
85     1956 7784    8284    7239    8330    7172    7314    8249    8713    7728    7703    7517    6306    6323    7477    8110    7693    8255    8800    8755    
85     1957 7996    8513    7447    8760    7320    7376    8514    8719    8811    7777    7673    6519    7023    6952    8142    8397    8387    8763    8868    
85     1958 7993    8495    7461    8766    7241    7528    8466    8626    8807    7558    6773    7377    7017    7313    8239    8030    8629    8733    8845    
85     1959 7831    8663    7046    8947    7029    6880    8488    9032    8964    7803    7100    6187    6613    6781    7239    8387    8329    8753    8881    
85     1960 7894    8560    7180    8668    6993    7366    8437    8739    8366    8287    6707    5977    7120    7329    7642    8327    8313    8677    9252    
85     1961 7970    8695    7320    8960    7313    7359    8489    8748    8871    8326    7057    6548    6620    7477    7955    8260    8465    8743    8613    
85     1962 8011    8392    7567    8531    7197    7622    8654    8765    8182    7577    7220    6794    7233    7584    8035    8547    8555    8863    8790    
85     1963 7652    8306    7025    8529    6787    6950    8399    8558    8207    6871    7040    6458    6410    6906    7516    7823    8803    8557    8703    
85     1964 7864    8463    7332    8615    7372    7030    8401    8568    8572    7584    7913    6635    6760    6645    7677    8397    8506    8297    8861    
85     1965 7768    8505    7005    8734    6654    7205    8466    8619    8721    8039    5573    6316    6407    7410    7774    8533    8294    8577    8987    
85     1966 8040    8603    7536    8764    7827    7392    8398    9029    8225    8468    8227    6800    6810    7671    7677    8043    8542    8603    8390    
85     1967 7917    8374    7405    8364    7472    7362    8404    8452    8239    8010    7287    7113    7137    6948    7994    7957    8371    8887    8629    
85     1968 7929    8464    7356    8504    7357    7357    8430    8668    8197    8029    7133    6900    6537    7877    7629    8047    8319    8927    8868    
85     1969 7684    8035    7267    7890    7165    7050    8557    8145    6525    7306    7370    6826    6423    7487    7219    8283    8487    8903    9129    
85     1970 7776    8398    7194    8589    7124    6905    8559    8503    8086    7268    7970    6161    5970    7119    7597    8370    8448    8863    8994    
85     1971 7744    8605    7026    8700    6970    7151    8210    8881    8175    8239    6733    5929    6723    6887    7829    8067    8168    8397    8903    
85     1972 7542    8117    6926    8363    7013    6580    8426    8139    8024    7074    7717    6271    6307    6697    6729    7873    8568    8833    8319    
85     1973 7677    8342    6915    8184    7130    6725    8475    7826    8432    8097    7017    6274    6490    6277    7400    8057    8642    8720    8952    
85     1974 7862    8483    7236    8660    6940    7490    8419    8206    8839    7581    7010    6232    6740    7539    8168    7717    8684    8847    8842    
85     1975 7703    8602    6969    8664    7187    6946    8081    8865    8246    8103    7443    6023    6680    6919    7229    7543    8055    8647    8719    
85     1976 8013    8426    7507    8563    7343    7707    8421    8848    8090    8184    7453    6397    7707    7506    7906    8097    7997    9183    8806    
85     1977 7894    8538    7199    8668    7308    7111    8530    8568    8625    8081    7317    6526    6367    7268    7674    8047    8639    8900    8755    
85     1978 7588    8531    6939    8573    6548    7257    8168    8739    8189    7945    6783    4923    6437    7371    7935    8203    7800    8513    8261    
85     1979 7663    8102    7151    8268    6936    7264    8142    8181    8371    7526    6693    6581    6543    7584    7642    7853    8023    8553    8445    
85     1980 7702    8281    7085    8703    6780    6990    8302    8629    9059    7035    7183    6135    5990    7113    7835    8257    8265    8387    8597    
85     1981 7786    8174    7296    8392    6904    7308    8480    8358    8204    7245    7110    6365    6897    7084    7929    8410    8377    8657    8835    
85     1982 7775    8534    7110    8733    7085    7140    8203    8484    8896    7994    6747    6503    6950    7084    7381    8007    8452    8143    8723    
85     1983 7654    8408    6998    8510    7235    6948    7949    8461    8329    8323    6683    6681    7027    6726    7094    7797    7868    8187    8713    
85     1984 7639    8132    7031    8271    6875    7028    8458    8161    7917    7932    6583    6100    6023    7581    7448    8447    8397    8533    8526    
85     1985 7774    8107    7435    8144    7039    7582    8257    8213    7646    7297    7257    6571    7330    7668    7739    8057    8181    8537    8784    
85     1986 7660    8370    7093    8623    6936    7120    8110    8726    8332    7661    6587    6548    6517    7242    7581    8083    7742    8517    8423    
85     1987 7803    8185    7430    8448    7008    7543    8127    8442    8482    7542    6787    6687    7630    7077    7926    8493    7510    8400    8729    
85     1988 7793    8292    7218    8478    7121    7485    8130    8426    8266    8426    6990    5942    6863    7313    8258    7947    7906    8543    8642    
85     1989 7654    8320    6979    8497    6936    7010    8255    8565    8261    8006    6680    6113    6533    6903    7577    8077    8300    8387    8471    
85     1990 7813    8319    7238    8501    6860    7384    8473    8397    8650    7742    6190    6626    6810    7606    7716    8470    8413    8537    8639    
85     1991 7957    8470    7401    8609    7434    7449    8399    8406    8800    8058    7457    6787    7387    7303    7655    7833    8632    8723    8506    
85     1992 7696    8421    7085    8497    7311    6702    8248    8484    8500    7697    7530    6713    5863    6752    7465    8197    8019    8537    8629    
85     1993 7659    8259    7205    8381    6916    7601    7711    8574    7893    7877    6767    6100    7093    7539    8155    7570    7845    7713    8758    
85     1994 7642    8247    6972    8669    6720    7076    8158    8774    8454    7939    6657    5561    7277    6510    7448    8423    7832    8230    8684    
85     1995 7696    8148    7112    8408    7142    6965    8260    8058    8489    7629    7140    6658    6777    7045    7068    8003    8248    8530    8768    
85     1996 7788    8389    7125    8681    7114    7142    8230    8903    8352    7532    7350    6468    6940    7368    7113    7527    8413    8743    8761    
85     1997 7781    8442    6968    8643    7064    6725    8677    8732    8414    7597    7007    6587    6680    6619    6874    8067    8994    8960    8884    
85     1998 8021    8776    7436    8862    7189    7751    8249    9161    8507    8132    6560    6855    7600    7539    8110    7947    8248    8553    9042    
85     1999 7655    8378    6922    8743    6860    6805    8324    8655    8511    7277    6963    6342    6647    6448    7316    7840    8555    8570    8803    
85     2000 8014    8569    7401    8777    7200    7552    8444    8913    8603    7974    7383    6248    6927    7823    7887    8147    8319    8870    9090    
85     2001 8059    8757    7317    8962    7579    7299    8457    9255    8496    8490    7413    6829    7230    7123    7542    7783    8581    9003    8984    
85     2002 7781    8716    6950    8887    6917    7077    8385    8906    8757    8081    6377    6277    6973    7142    7113    7830    8419    8903    8648    
85     2003 8076    8508    7531    8702    7330    7626    8585    8645    8825    7652    7407    6935    7200    7490    8174    7977    8690    9083    8887    
