EUROPEAN CLIMATE ASSESSMENT & DATASET (ECA&D), file created on: 16-11-2020
THESE DATA CAN BE USED FOR NON-COMMERCIAL RESEARCH AND EDUCATION PROVIDED THAT THE FOLLOWING SOURCE IS ACKNOWLEDGED: 

Klein Tank, A.M.G. and Coauthors, 2002. Daily dataset of 20th-century surface
air temperature and precipitation series for the European Climate Assessment.
Int. J. of Climatol., 22, 1441-1453.
Data and metadata available at http://www.ecad.eu

FILE FORMAT (MISSING VALUE CODE = -999999):

THIS FILE HOLDS DATA FOR STATION CYPRUS                                   AMIANDOS                                 (STAID:     22)
LATITUDE: dd:mm:ss +34:55:59
LONGITUDE: ddd:mm:ss +032:55:00
ELEVATION: m 1360

DATA IS FOR INDEX Mean of daily average relative humidity (RH) with unit 0.01 Relative humidity (%)

01-06 SOUID: Source identifier
08-11 YEAR : YYYY
13-20 ANNUAL DATA VALUES
21-28 WINTER HALF YEAR DATA VALUES
29-36 SUMMER HALF YEAR DATA VALUES
37-44 WINTER (DJF) DATA VALUES
45-52 SPRING (MAM) DATA VALUES
53-60 SUMMER (JJA) DATA VALUES
61-68 AUTUMN (SON) DATA VALUES
69-76 JANUARY DATA VALUES
etc. 
157-164 DECEMBER DATA VALUES

22     1981 -999999 -999999 -999999 -999999 -999999 3433    -999999 8455    7350    6193    4754    4363    3529    3397    3384    3275    4300    -999999 6600    
22     1982 -999999 -999999 4479    -999999 5451    4290    5129    5624    6536    6714    4922    4771    4254    4577    4035    4343    5265    5773    6738    
22     1983 -999999 -999999 -999999 -999999 -999999 4236    4917    -999999 6957    6793    5555    5364    4286    4390    4035    3877    4875    5997    6613    
22     1984 -999999 -999999 4469    -999999 5898    3988    5286    -999999 6704    6984    6761    4032    4127    3635    4206    4253    3958    7690    6065    
22     1985 4744    6015    3714    6539    4459    3317    4751    6803    6771    4932    4147    4287    3770    2743    3397    3867    5281    5100    5930    
22     1986 5223    5963    4130    6652    -999999 3517    5454    7117    6850    5561    -999999 5274    3983    3090    3494    4680    5635    6040    6552    
22     1987 4980    6368    3754    6462    5465    3296    4564    6374    6461    7142    5030    4210    3443    3306    3142    3413    5058    5250    6997    
22     1988 5184    6490    3528    7301    5051    3259    5215    7331    7644    6819    4885    3426    3223    3245    3306    3231    5528    6830    7203    
22     1989 4939    6328    3552    6624    4093    3642    5620    6670    5932    5723    3083    3494    3947    3300    3690    3803    6323    6710    6694    
22     1990 4579    6245    3737    6605    4312    3314    4408    6226    6964    4710    4403    3826    3297    3523    3123    4293    4350    4577    6048    
22     1991 -999999 5812    3777    6647    5022    3542    4645    6937    7029    6110    4900    4048    3761    3432    3448    3076    4545    6375    8566    
22     1992 5284    -999999 4263    -999999 5352    4104    4473    6803    7138    6504    5043    4587    4407    4368    3510    3637    3425    6287    7835    
22     1993 -999999 6351    4063    7397    5600    3330    -999999 6974    7379    6019    4746    5952    3853    3274    2881    3696    3637    6019    6723    
22     1994 5133    -999999 3633    6800    4790    3287    5347    7019    6629    6003    4177    4128    3413    3323    3129    3670    5619    6958    7771    
22     1995 5431    -999999 4389    7278    5501    4058    5297    7184    -999999 6561    5646    4270    3663    4323    4174    4353    5058    6487    7014    
22     1996 5666    6839    -999999 7410    5858    -999999 5159    7813    7376    7323    5660    4497    -999999 3777    3932    4137    5771    5550    7110    
22     1997 5322    6190    4464    6479    5378    4198    5355    5463    6761    6437    5763    3981    4533    3581    4490    4480    5374    6210    7146    
22     1998 -999999 -999999 -999999 6889    -999999 3537    5111    7123    6335    -999999 4693    -999999 4343    3297    2997    4627    4394    6337    7644    
22     1999 -999999 -999999 4621    -999999 5155    4560    5004    7768    -999999 5757    5557    4184    5080    3839    4777    4327    5661    5003    5718    
22     2000 5307    6311    -999999 7016    5739    3118    4978    7748    7522    6271    5710    5182    3620    2510    3259    4319    5416    5097    6993    
22     2001 5205    5857    4147    6765    4958    3429    5585    6786    6514    4545    -999999 4906    3133    2961    4184    4433    5323    7007    7808    
22     2002 5314    -999999 4713    -999999 5675    4135    4963    6959    5107    6126    5817    5087    4187    4100    4119    4920    4784    5190    7374    
22     2003 5214    6414    3892    7250    5063    3538    -999999 6939    7457    6803    4875    3494    4230    3307    3084    4447    4396    5948    7552    
22     2004 4996    6142    3939    7355    4358    3655    5066    7842    6624    4213    4622    4274    3980    2794    4203    3847    4687    6677    6232    
22     2005 -999999 6053    -999999 6674    4793    -999999 5264    6974    6832    5010    4817    4555    4343    3689    -999999 4393    5259    6140    5717    
22     2006 5703    6193    4605    6499    5550    4033    6345    7139    6600    6187    4960    5484    4304    4345    3477    5000    6903    7113    6747    
22     2007 6143    7319    5149    7575    6800    4518    5397    7471    8654    7216    6746    6432    5040    3548    4984    4263    5252    6680    8056    
22     2008 5647    6435    5316    7187    5590    5037    5711    7119    6452    5271    5187    6300    5483    5529    4113    5283    5765    6070    5216    
22     2009 5773    6327    4842    6552    5976    4093    5800    6939    7604    6487    5853    5600    3793    4097    4381    5343    5365    6707    7310    
22     2010 5231    6382    4765    7136    5110    -999999 4560    7252    6821    4923    5403    5013    -999999 4616    3797    4617    5477    3557    6084    
22     2011 5670    5803    5024    6747    5882    4504    5722    7293    6896    5579    6207    5871    5123    4110    4300    4637    6065    6453    5700    
22     2012 -999999 6453    -999999 6744    -999999 -999999 -999999 8087    6352    6006    4610    -999999 -999999 -999999 -999999 -999999 -999999 -999999 -999999 
