EUROPEAN CLIMATE ASSESSMENT & DATASET (ECA&D), file created on: 16-11-2020
THESE DATA CAN BE USED FOR NON-COMMERCIAL RESEARCH AND EDUCATION PROVIDED THAT THE FOLLOWING SOURCE IS ACKNOWLEDGED: 

Klein Tank, A.M.G. and Coauthors, 2002. Daily dataset of 20th-century surface
air temperature and precipitation series for the European Climate Assessment.
Int. J. of Climatol., 22, 1441-1453.
Data and metadata available at http://www.ecad.eu

FILE FORMAT (MISSING VALUE CODE = -999999):

THIS FILE HOLDS DATA FOR STATION IRELAND                                  VALENTIA OBSERVATORY                     (STAID:    123)
LATITUDE: dd:mm:ss +51:56:22
LONGITUDE: ddd:mm:ss -010:13:19
ELEVATION: m    9

DATA IS FOR INDEX Mean of daily average relative humidity (RH) with unit 0.01 Relative humidity (%)

01-06 SOUID: Source identifier
08-11 YEAR : YYYY
13-20 ANNUAL DATA VALUES
21-28 WINTER HALF YEAR DATA VALUES
29-36 SUMMER HALF YEAR DATA VALUES
37-44 WINTER (DJF) DATA VALUES
45-52 SPRING (MAM) DATA VALUES
53-60 SUMMER (JJA) DATA VALUES
61-68 AUTUMN (SON) DATA VALUES
69-76 JANUARY DATA VALUES
etc. 
157-164 DECEMBER DATA VALUES

123    1939 -999999 -999999 -999999 -999999 -999999 -999999 -999999 -999999 -999999 -999999 -999999 -999999 -999999 -999999 -999999 -999999 7887    8553    8203    
123    1940 8319    8196    8327    8257    8190    8366    8341    8081    8503    7971    8390    8216    7870    8455    8758    8257    8387    8377    8568    
123    1941 8363    8408    8334    8507    7866    8676    8426    8458    8493    8174    7520    7894    8620    8684    8723    8553    8213    8520    8506    
123    1942 8299    8324    8255    8236    8059    8476    8401    8203    7971    8503    7587    8071    8027    8623    8765    8433    8487    8280    8581    
123    1943 8333    8346    8329    8399    8104    8479    8476    8332    8271    8113    8290    7916    8437    8335    8665    8333    8723    8363    8213    
123    1944 8209    8252    8176    8299    7830    8321    8225    8735    7924    7539    8370    7600    8207    8494    8258    8133    8129    8417    8690    
123    1945 8385    8376    8375    8503    8120    8496    8503    8174    8661    8216    7987    8152    8320    8655    8506    8623    8435    8453    8465    
123    1946 8161    8263    8214    8304    7661    8496    8322    8077    8379    7787    7960    7245    8243    8581    8655    8607    8168    8197    8061    
123    1947 8209    8030    8326    7857    8152    8446    8376    7723    7779    8232    7967    8252    8220    8787    8323    8393    8206    8533    8061    
123    1948 8276    8126    8347    8053    7916    8523    8571    8268    7814    7865    8177    7716    8367    8703    8494    8630    8632    8450    8184    
123    1949 8221    8312    8224    8273    7940    8368    8299    8535    8082    7968    8123    7735    8170    8339    8590    8387    8281    8230    8200    
123    1950 8250    8274    8227    8292    7859    8493    8358    8339    8343    8258    7683    7629    8413    8481    8584    8570    8410    8093    8203    
123    1951 8168    8211    8094    8223    7740    8261    8459    8387    8064    8090    7323    7794    7990    8374    8410    8663    8461    8253    8184    
123    1952 8166    8181    8210    8145    7972    8393    8175    8274    7966    7939    7943    8032    8277    8403    8497    8097    8155    8273    8126    
123    1953 8349    8240    8298    8336    7955    8477    8460    8523    8361    8016    7460    8374    8147    8623    8652    8510    8416    8457    8629    
123    1954 8259    8286    8195    8324    7792    8410    8525    8258    8061    7881    7747    7748    8343    8455    8429    8447    8794    8327    8594    
123    1955 8120    8192    8183    8281    7685    8390    8187    8210    8014    7200    8140    7729    8593    8371    8213    8060    8313    8183    8419    
123    1956 8228    8169    8302    8154    7998    8422    8370    8255    7762    8058    7813    8116    8347    8581    8335    8617    8303    8193    8329    
123    1957 8213    8277    8172    8164    8074    8366    8302    8174    7971    8661    7710    7839    8043    8597    8448    8380    8445    8077    8168    
123    1958 8339    8211    8374    8313    7962    8563    8519    8474    8296    7810    7897    8177    8290    8735    8655    8473    8435    8650    8165    
123    1959 8165    8235    8155    8098    8047    8298    8120    7942    8196    8029    8063    8048    8040    8403    8442    7920    7929    8517    8448    
123    1960 8222    8133    8280    8165    7978    8405    8389    8210    7814    7871    7887    8174    8220    8545    8445    8400    8458    8307    8310    
123    1961 8229    8374    8266    8394    8082    8373    8286    8487    8386    8297    8410    7548    8347    8335    8435    8533    8229    8097    7677    
123    1962 8061    7956    8069    7960    7702    8191    8282    8281    7918    7535    7917    7661    7810    8290    8461    8267    8352    8227    8003    
123    1963 8152    7977    8304    7642    8210    8364    8405    7274    7650    8332    8197    8100    8063    8497    8523    8440    8568    8203    7932    
123    1964 8284    8154    8377    8042    8066    8521    8414    8252    7934    8019    8080    8100    8400    8594    8565    8517    8377    8350    8203    
123    1965 8191    8045    8390    7949    8041    8438    8279    7942    7675    7697    8090    8339    8510    8239    8568    8593    8242    8003    8355    
123    1966 8292    8227    8327    8337    8072    8466    8236    8232    8432    8113    8187    7919    8663    8403    8339    8460    8219    8030    8526    
123    1967 8303    8149    8375    8277    7890    8578    8452    8277    8000    7826    7850    7994    8437    8681    8613    8673    8352    8333    8571    
123    1968 8198    8258    8141    8255    7971    8265    8384    8381    7783    8103    7897    7910    8233    8255    8306    8243    8687    8210    8335    
123    1969 8259    8247    8302    8202    8028    8383    8404    8452    7779    7974    7930    8177    8083    8552    8503    8553    8574    8080    8397    
123    1970 8314    8202    8440    8264    8114    8462    8490    8445    7918    7768    8167    8410    8063    8590    8719    8680    8403    8390    8174    
123    1971 8271    8259    8223    8209    8009    8279    8479    8258    8193    8135    7747    8135    8027    8297    8506    8617    8529    8290    8500    
123    1972 8176    8228    8237    8225    7970    8522    8035    8068    8100    7877    8030    8003    8287    8616    8655    7810    8042    8253    8355    
123    1973 8281    8158    8270    8398    7684    8588    8431    8445    8393    7487    7547    8013    8407    8594    8758    8287    8468    8537    8432    
123    1974 8224    8280    8222    8239    7893    8422    8304    8106    8171    7961    7690    8023    8040    8771    8442    8347    8155    8417    8548    
123    1975 8182    8185    8166    8288    7879    8278    8337    8342    7939    7694    8330    7629    8113    8216    8500    8210    8445    8353    8397    
123    1976 8172    8285    8105    8295    7998    8248    8176    8197    8290    8032    7583    8365    8710    8310    7739    7923    8245    8357    8319    
123    1977 8294    8287    8244    8354    7984    8398    8301    8277    8479    8065    7823    8058    8207    8594    8387    8387    8558    7950    8735    
123    1978 8473    8395    8466    8512    8166    8700    8630    8377    8414    8323    7890    8277    8283    8929    8874    8520    8781    8583    8403    
123    1979 8468    8397    8569    8300    8284    8693    8589    8065    8446    8113    8330    8410    8463    8835    8774    8590    8719    8453    8419    
123    1980 8467    8519    8443    8619    7935    8704    8536    8594    8859    8090    8030    7687    8660    8632    8819    8837    8410    8367    8652    
123    1981 8506    8490    8544    8511    8423    8701    8416    8523    8343    8629    8113    8516    8563    8794    8742    8523    8303    8427    8571    
123    1982 8407    8409    8363    8531    8088    8425    8579    8597    8414    8145    8020    8097    8303    8448    8519    8793    8477    8470    8600    
123    1983 8438    8416    8473    8313    8365    8625    8469    8558    7725    8603    8077    8406    8673    8519    8684    8473    8487    8447    8526    
123    1984 8388    8315    8348    8351    7820    8671    8618    8065    8469    7910    7587    7955    8853    8513    8652    8527    8706    8617    8806    
123    1985 8456    8531    8537    8467    8271    8693    8515    8365    8204    8461    8117    8229    8443    8813    8816    8797    8577    8170    8442    
123    1986 8369    8253    8451    8139    8195    8642    8497    8510    7393    8339    7807    8426    8523    8984    8416    8537    8539    8413    8439    
123    1987 8370    8349    8445    8272    8205    8671    8311    7981    8411    8319    8430    7874    8633    8671    8706    8357    8335    8240    8494    
123    1988 8508    8359    8507    8352    8333    8665    8537    8390    8159    8519    8373    8106    8483    8681    8826    8567    8632    8410    8919    
123    1989 8275    8467    8251    8482    8080    8395    8384    8468    8014    8313    7917    8006    8270    8342    8568    8400    8645    8097    8216    
123    1990 8281    8313    8259    8284    8046    8455    8345    8310    8332    8271    7850    8010    8303    8368    8690    8323    8419    8290    8194    
123    1991 8325    8278    8381    8131    8263    8653    8247    7906    8311    8552    7870    8355    8363    8781    8806    8083    8323    8333    8197    
123    1992 8381    8352    8339    8346    8179    8465    8432    8477    8366    8419    8247    7874    8350    8697    8345    8523    8181    8600    8497    
123    1993 8215    8338    8287    8386    8062    8471    8063    8232    8432    8103    8247    7842    8560    8494    8361    8223    7919    8050    8142    
123    1994 8316    8120    8268    8127    8097    8479    8474    8016    8232    8371    8013    7903    8493    8700    8245    8253    8287    8887    8397    
123    1995 8350    8445    8336    8493    8210    8380    8429    8616    8464    8035    8460    8142    8260    8616    8261    8277    8677    8323    8077    
123    1996 8108    8154    8097    8071    7793    8272    8309    8381    7734    7710    8107    7574    7860    8542    8400    8093    8452    8377    8045    
123    1997 8163    8228    8074    8113    7909    8249    8330    8203    8089    8194    8087    7452    7793    8423    8516    8167    8271    8553    8203    
123    1998 8213    8174    8256    8027    7953    8525    8297    7694    8200    8135    7697    8019    8520    8639    8416    8233    8290    8367    8348    
123    1999 8231    8237    8319    8207    8139    8333    8379    8068    8204    8148    8063    8203    8287    8432    8277    8650    8068    8430    7958    
123    2000 8330    8236    8336    8187    8029    8510    8437    8387    8217    8361    7603    8110    8437    8484    8606    8767    8352    8197    8416    
123    2001 8257    8184    8320    8243    7971    8415    8668    8135    8171    7829    8217    7874    8167    8442    8629    8593    8613    8800    7632    
123    2002 8345    8259    8415    8002    8052    8776    8308    8287    8096    8126    7823    8200    8547    8874    8900    8120    8339    8463    8332    
123    2003 8106    8069    8214    8048    7698    8507    8178    7968    7821    7481    7427    8177    8183    8839    8487    8140    7974    8427    8310    
123    2004 8158    8031    8203    8078    7855    8214    8455    8219    7679    7568    7913    8087    8277    8139    8229    8580    8232    8560    8406    
123    2005 8288    8353    8329    8352    7986    8662    8135    8361    8282    8277    7843    7832    8567    8865    8552    8307    8116    7983    8455    
123    2006 8123    8099    8225    8119    8147    8198    8197    8197    7661    8135    7850    8445    7897    8410    8277    8457    8142    7993    7958    
123    2007 8084    7973    8149    7968    7799    8333    8279    7903    8050    7800    7757    7839    8203    8348    8442    8300    8358    8177    7835    
123    2008 8095    7923    8228    7848    7549    8549    8423    8052    7645    7465    7490    7690    8177    8610    8848    8537    8310    8427    7871    
123    2009 8155    8090    8201    8009    7922    8317    8251    8006    8164    7777    8090    7903    7723    8406    8803    8263    8494    7987    8226    
123    2010 -999999 8165    -999999 8253    7771    -999999 -999999 8397    8125    7755    7797    7763    -999999 -999999 -999999 -999999 -999999 -999999 -999999 
