EUROPEAN CLIMATE ASSESSMENT & DATASET (ECA&D), file created on: 16-11-2020
THESE DATA CAN BE USED FOR NON-COMMERCIAL RESEARCH AND EDUCATION PROVIDED THAT THE FOLLOWING SOURCE IS ACKNOWLEDGED: 

Klein Tank, A.M.G. and Coauthors, 2002. Daily dataset of 20th-century surface
air temperature and precipitation series for the European Climate Assessment.
Int. J. of Climatol., 22, 1441-1453.
Data and metadata available at http://www.ecad.eu

FILE FORMAT (MISSING VALUE CODE = -999999):

THIS FILE HOLDS DATA FOR STATION RUSSIAN FEDERATION                       KALININGRAD                              (STAID:     77)
LATITUDE: dd:mm:ss +54:42:00
LONGITUDE: ddd:mm:ss +020:37:00
ELEVATION: m   20

DATA IS FOR INDEX Mean of daily average relative humidity (RH) with unit 0.01 Relative humidity (%)

01-06 SOUID: Source identifier
08-11 YEAR : YYYY
13-20 ANNUAL DATA VALUES
21-28 WINTER HALF YEAR DATA VALUES
29-36 SUMMER HALF YEAR DATA VALUES
37-44 WINTER (DJF) DATA VALUES
45-52 SPRING (MAM) DATA VALUES
53-60 SUMMER (JJA) DATA VALUES
61-68 AUTUMN (SON) DATA VALUES
69-76 JANUARY DATA VALUES
etc. 
157-164 DECEMBER DATA VALUES

77     1947 -999999 -999999 7666    -999999 7692    7834    8522    -999999 -999999 8726    7660    6690    7267    7768    8448    8167    8374    9030    9106    
77     1948 8192    8761    7823    8893    7825    7903    8320    9026    8524    8497    7323    7639    7800    7855    8052    8270    8090    8607    8619    
77     1949 8070    8264    7782    8457    7291    8021    8424    8429    8307    7545    7437    6897    7937    8077    8045    8310    7890    9090    8940    
77     1950 8255    -999999 7796    -999999 7830    7659    8845    -999999 8593    8332    8220    6952    7037    7774    8145    8667    8800    9070    8939    
77     1951 7945    8840    7193    8900    7534    7101    8367    8829    8936    8484    7150    6955    6880    7329    7087    7767    8432    8900    8648    
77     1952 8227    8562    7722    8776    7680    7587    8773    8732    8959    7739    8020    7294    7603    7235    7923    8283    8803    9230    8958    
77     1953 7932    8643    7447    8722    7182    7507    8284    8890    8275    7684    6863    6987    7410    7290    7816    8323    8377    8147    9116    
77     1954 8338    8668    7889    8849    8133    7886    8558    8655    8768    8935    8127    7335    7057    8174    8400    8233    8668    8770    8932    
77     1955 8040    8580    7621    8627    7736    7401    8525    8400    8539    8171    7860    7181    7233    7400    7565    8510    8439    8630    8606    
77     1956 8040    8300    7875    8366    7671    7867    8384    8435    8034    7648    8247    7135    7427    7877    8284    8290    8468    8390    8252    
77     1957 7978    8279    7685    8489    7400    7679    8318    8571    8661    7371    7460    7371    7137    7945    7939    8253    8365    8333    8371    
77     1958 8178    8288    7856    8423    7635    7864    8667    8610    8275    7774    7800    7335    7667    7832    8087    8427    8542    9037    8761    
77     1959 7893    8568    7325    8623    7257    7325    8422    8513    8593    7977    7100    6687    7053    7442    7471    8210    8090    8977    8668    
77     1960 8246    8377    7887    8495    7586    8041    8735    8574    8224    7735    7660    7365    7513    8226    8368    8183    9035    8977    9071    
77     1961 8147    8768    7771    8817    7645    7861    8513    8345    9057    8155    6950    7806    7243    8058    8261    8280    8494    8767    8387    
77     1962 8209    8403    7989    8401    8009    7798    8581    8555    8246    7968    7957    8100    7133    8084    8155    8493    8497    8757    8555    
77     1963 8027    8478    7616    8599    7695    7403    8459    8671    8568    7839    7747    7500    7083    7284    7832    8257    8529    8590    8458    
77     1964 8004    8374    7527    8424    7542    7463    8449    8445    8366    7861    7683    7087    7277    7400    7706    8023    8555    8767    8897    
77     1965 8104    8553    7696    8640    7462    7820    8575    8571    8432    8094    7327    6961    7300    7919    8223    8443    8703    8573    8706    
77     1966 8355    8654    7869    8654    8220    7702    8732    8771    8468    8681    8173    7803    7250    7865    7977    8143    8881    9167    9071    
77     1967 8163    8725    7798    8741    7864    7624    8552    8652    8475    8097    7767    7726    7447    7413    8006    8437    8481    8740    8739    
77     1968 8032    8554    7515    8718    7591    7368    8488    8810    8597    7965    7247    7552    7080    7477    7539    8193    8616    8650    8665    
77     1969 7935    8380    7556    8441    7759    7283    8227    8358    8286    7703    7963    7616    7120    7268    7455    7923    8326    8430    8794    
77     1970 8273    8482    7827    8479    8037    7764    8690    8384    8236    8697    8103    7313    7343    7823    8113    8273    8826    8967    9181    
77     1971 7921    8837    7235    8933    7382    7164    8286    9010    8575    8442    7197    6500    7433    7032    7035    8250    8081    8533    9023    
77     1972 8106    8267    7930    8520    7572    7950    8535    8274    8245    7455    7800    7468    7697    7916    8229    8473    8394    8743    8600    
77     1973 8052    8557    7619    8702    7717    7545    8158    8632    8893    8119    7563    7465    7377    7781    7471    8060    8265    8147    8897    
77     1974 7958    8166    7540    8578    6921    7798    8581    8297    8536    6890    6367    7487    7533    8016    7835    7977    9006    8747    8819    
77     1975 7796    8496    7295    8523    7485    7278    8133    8671    8032    7665    7527    7265    7320    7161    7355    7147    8519    8720    8177    
77     1976 7869    8292    7407    8165    7463    7476    8146    8206    8107    8023    7303    7058    7247    7468    7706    7657    7890    8900    8871    
77     1977 8155    8539    7712    8763    7773    7670    8448    8723    8689    8187    7677    7452    7357    7923    7719    8147    8748    8440    8823    
77     1978 8014    8489    7548    8544    7228    7738    8730    8452    8339    8116    7297    6274    7080    7923    8190    8533    8694    8963    8335    
77     1979 7926    8485    7507    8268    7401    7713    8208    8623    7800    8442    7223    6532    6773    8048    8287    8167    7881    8587    8703    
77     1980 8236    8387    7943    8776    7487    8063    8592    8668    8969    7558    7917    7000    7590    8329    8255    8577    8632    8567    8813    
77     1981 8160    8491    7820    8619    7379    8058    8626    8658    8361    7906    7060    7161    8097    7910    8168    8530    8694    8653    8729    
77     1982 7892    8414    7468    8518    7383    7399    8257    8287    8539    7600    7360    7187    7333    7561    7300    8080    8397    8290    8810    
77     1983 7929    8365    7597    8453    7990    7309    8138    8432    8082    8148    7870    7948    7280    7381    7265    7847    7974    8600    8335    
77     1984 8132    8276    7811    8425    7533    7838    8549    8635    8297    7826    7513    7258    7993    7839    7687    8600    8406    8647    8900    
77     1985 8190    8634    7729    8728    7814    7795    8413    8839    8414    8577    7673    7187    7747    7545    8090    8143    8523    8570    8977    
77     1986 7917    8479    7571    8653    7534    7543    8123    8897    8025    7839    7733    7035    7393    7461    7771    8047    7939    8390    8481    
77     1987 7938    8186    7644    8376    7504    7722    8070    8174    8482    7687    7490    7335    7733    7626    7806    7877    7855    8487    8745    
77     1988 7960    8449    7499    8657    7476    7696    8135    8590    8634    8397    7100    6919    7747    7810    7532    7893    7990    8527    8403    
77     1989 7840    8145    7355    8290    7217    7289    8514    8381    8064    7510    7440    6710    7463    6877    7532    8137    8571    8833    8600    
77     1990 -999999 -999999 7146    -999999 -999999 7060    8366    8400    -999999 -999999 6510    6955    7033    7326    6819    8247    8255    8600    8358    
77     1991 7718    8257    7350    8162    7555    7353    7958    7981    8146    8203    7103    7345    7217    7197    7642    7593    7916    8367    7926    
77     1992 7732    8030    7092    8052    7316    6710    8559    7771    8486    7755    7280    6913    6200    6565    7348    8260    8545    8873    8826    
77     1993 7602    8380    7079    8384    6826    7171    8099    8029    8289    7723    6657    6094    6610    7245    7639    8237    8048    8013    8681    
77     1994 7725    8285    7155    8606    7351    6908    8022    8768    8343    7852    7260    6939    7073    6313    7342    8030    8058    7977    8787    
77     1995 7767    8110    7428    8341    7250    7384    8256    8258    7939    7619    6960    7161    7713    7245    7203    8307    8184    8280    8441    
77     1996 8025    -999999 7605    -999999 7605    7553    8375    8689    -999999 7745    7040    8013    7510    7639    7510    7907    8484    8730    8777    
77     1997 8085    8509    7532    8691    7571    7499    8493    8994    8261    7794    7470    7445    7463    7603    7429    7787    8748    8937    9084    
77     1998 8176    8625    7896    8776    7602    8010    8418    8787    8421    7765    7603    7439    8000    7852    8177    8313    8252    8693    8832    
77     1999 7993    8528    7451    8851    7414    7446    8320    8848    8875    7706    7737    6810    7497    7116    7726    7843    8358    8757    8729    
77     2000 8048    8483    7609    8607    7322    7913    8312    8790    8279    7981    7177    6803    7453    8226    8045    7943    7897    9110    8868    
77     2001 7899    8380    7574    8613    7207    7615    8279    8661    8279    7477    7667    6490    7520    7648    7674    8477    8342    8017    8577    
77     2002 7596    8142    6840    8396    6798    6760    8396    8652    7911    7329    6707    6355    6797    7194    6290    7723    8665    8790    8755    
77     2003 7887    8493    7329    8740    7121    7448    8367    8768    8693    7316    6617    7413    6880    7913    7532    7590    8539    8967    8442    
