EUROPEAN CLIMATE ASSESSMENT & DATASET (ECA&D), file created on: 16-11-2020
THESE DATA CAN BE USED FOR NON-COMMERCIAL RESEARCH AND EDUCATION PROVIDED THAT THE FOLLOWING SOURCE IS ACKNOWLEDGED: 

Klein Tank, A.M.G. and Coauthors, 2002. Daily dataset of 20th-century surface
air temperature and precipitation series for the European Climate Assessment.
Int. J. of Climatol., 22, 1441-1453.
Data and metadata available at http://www.ecad.eu

FILE FORMAT (MISSING VALUE CODE = -999999):

THIS FILE HOLDS DATA FOR STATION LITHUANIA                                KAUNAS                                   (STAID:    200)
LATITUDE: dd:mm:ss +54:52:59
LONGITUDE: ddd:mm:ss +023:49:59
ELEVATION: m   77

DATA IS FOR INDEX Mean of daily average relative humidity (RH) with unit 0.01 Relative humidity (%)

01-06 SOUID: Source identifier
08-11 YEAR : YYYY
13-20 ANNUAL DATA VALUES
21-28 WINTER HALF YEAR DATA VALUES
29-36 SUMMER HALF YEAR DATA VALUES
37-44 WINTER (DJF) DATA VALUES
45-52 SPRING (MAM) DATA VALUES
53-60 SUMMER (JJA) DATA VALUES
61-68 AUTUMN (SON) DATA VALUES
69-76 JANUARY DATA VALUES
etc. 
157-164 DECEMBER DATA VALUES

200    1976 -999999 -999999 -999999 -999999 -999999 -999999 -999999 -999999 -999999 -999999 -999999 -999999 -999999 -999999 -999999 -999999 -999999 9130    9077    
200    1977 8204    -999999 7663    8888    7709    7770    8486    8626    8968    8374    8157    6610    7317    8068    7910    7933    8716    8800    9029    
200    1978 8075    8645    7568    8630    7312    7748    8859    8600    8221    8465    7243    6226    7127    7845    8252    8730    8794    9057    8348    
200    1979 7988    8631    7458    8440    7437    7584    8345    8758    8189    8613    7200    6490    6220    8297    8190    8333    7984    8730    8823    
200    1980 8243    8341    7940    8668    7407    8008    8781    8587    8590    7361    7787    7084    7397    8210    8397    8770    8887    8683    9181    
200    1981 8168    8637    7723    8783    7388    7929    8634    8813    8311    7916    7263    6981    7903    7839    8045    8317    8603    8983    9055    
200    1982 7920    8548    7366    8707    7238    7313    8438    8594    8446    7613    7350    6755    7270    7471    7197    8173    8548    8590    9074    
200    1983 7918    8609    7349    8743    7953    6952    8203    8842    8268    8297    7770    7787    7160    7481    6223    7693    8271    8643    8606    
200    1984 8104    8308    7760    8433    7254    7897    8721    8732    7928    7652    6860    7239    7890    8103    7697    8777    8600    8790    8961    
200    1985 8258    8669    7840    8692    7693    8021    8596    8806    8268    8552    7687    6842    7760    8210    8084    8473    8761    8547    9094    
200    1986 8176    8630    7697    8777    7657    7712    8633    9181    7979    8152    7850    6974    7427    7874    7826    8247    8529    9127    8932    
200    1987 8186    8538    7916    8616    7650    8047    8398    8252    8668    7755    7703    7494    8200    7739    8206    8167    7990    9050    9071    
200    1988 8076    8670    7620    8697    7680    7817    8292    8397    8617    8903    7297    6829    7723    7768    7958    8157    8061    8667    8555    
200    1989 8173    8449    7632    8554    7626    7678    8669    8629    8471    8319    7667    6894    7780    7297    7961    8220    8668    9120    9087    
200    1990 8064    8604    7577    8806    6888    7898    8745    8884    8407    7455    6400    6794    7377    8287    8013    8580    8539    9123    8913    
200    1991 8046    8661    7521    8706    7516    7611    8431    8723    8457    8206    7427    6913    7587    7471    7774    7970    8335    8990    8729    
200    1992 7912    8527    7232    8624    7499    6792    8667    8345    8810    7987    7763    6755    6423    6458    7484    8540    8558    8907    8971    
200    1993 7849    8550    7438    8627    6951    7803    8020    8445    8446    7974    6887    5990    6983    8068    8332    8363    8258    7430    9016    
200    1994 7858    8329    7187    8728    7452    6872    8384    9106    7989    8113    7543    6703    7283    6203    7142    8300    8287    8567    9084    
200    1995 8022    8548    7557    8772    7590    7489    8501    8619    8596    8142    7103    7510    7880    7490    7110    8267    8510    8727    8358    
200    1996 7844    8262    7273    8365    7305    7165    8340    8381    8355    7261    6953    7690    7393    7577    6532    7490    8435    9090    8984    
200    1997 7906    8538    7290    8670    7284    7267    8508    8729    8257    7726    7263    6861    7507    7348    6955    7830    8819    8863    8745    
200    1998 8084    8634    7674    8780    7417    7866    8230    8974    8604    7800    7487    6968    7510    7916    8161    8003    8181    8507    8923    
200    1999 7840    8649    6963    9060    7126    7050    8193    9097    9171    8065    7087    6226    7203    6639    7313    7333    8503    8733    8803    
200    2000 7928    8610    7256    8789    6991    7667    8156    8829    8731    8071    6697    6197    6973    8077    7929    7647    7755    9080    9158    
200    2001 8173    8507    7868    8758    7551    8029    8612    8700    8379    7974    8153    6545    7870    8039    8174    8457    8790    8583    8439    
200    2002 7551    8441    6667    8568    6848    6555    8292    8871    8375    7584    6477    6471    6960    6703    6016    7403    8745    8713    8348    
200    2003 8074    8530    7408    8689    7242    7471    8747    8800    8943    7677    6810    7226    7097    7777    7526    8000    8845    9393    8848    
200    2004 8231    8842    7596    8801    7360    7893    8746    9055    8479    8423    6590    7042    7667    7977    8029    8263    8855    9117    9245    
