EUROPEAN CLIMATE ASSESSMENT & DATASET (ECA&D), file created on: 16-11-2020
THESE DATA CAN BE USED FOR NON-COMMERCIAL RESEARCH AND EDUCATION PROVIDED THAT THE FOLLOWING SOURCE IS ACKNOWLEDGED: 

Klein Tank, A.M.G. and Coauthors, 2002. Daily dataset of 20th-century surface
air temperature and precipitation series for the European Climate Assessment.
Int. J. of Climatol., 22, 1441-1453.
Data and metadata available at http://www.ecad.eu

FILE FORMAT (MISSING VALUE CODE = -999999):

THIS FILE HOLDS DATA FOR STATION RUSSIAN FEDERATION                       ARMAVIR                                  (STAID:     72)
LATITUDE: dd:mm:ss +44:58:59
LONGITUDE: ddd:mm:ss +041:07:00
ELEVATION: m  158

DATA IS FOR INDEX Mean of daily average relative humidity (RH) with unit 0.01 Relative humidity (%)

01-06 SOUID: Source identifier
08-11 YEAR : YYYY
13-20 ANNUAL DATA VALUES
21-28 WINTER HALF YEAR DATA VALUES
29-36 SUMMER HALF YEAR DATA VALUES
37-44 WINTER (DJF) DATA VALUES
45-52 SPRING (MAM) DATA VALUES
53-60 SUMMER (JJA) DATA VALUES
61-68 AUTUMN (SON) DATA VALUES
69-76 JANUARY DATA VALUES
etc. 
157-164 DECEMBER DATA VALUES

72     1936 7200    -999999 6370    -999999 6433    6238    7893    7984    8107    6677    6890    5745    7493    5597    5665    6900    8094    8680    8668    
72     1937 7552    8295    6829    8536    7063    6703    7940    8381    8561    7426    7257    6513    6743    5813    7555    7113    8100    8600    8639    
72     1938 7127    8477    6116    8663    7575    5335    7035    8842    8493    8197    7503    7023    6350    4806    4881    6187    6826    8100    8442    
72     1939 7594    7898    6879    8458    6972    6862    8024    8648    8264    7152    6540    7210    7653    6503    6455    6930    8368    8763    8687    
72     1940 7422    8368    6603    8467    7145    6382    7680    8361    8345    7694    7040    6697    6473    6574    6100    6747    7861    8427    8768    
72     1941 7626    8364    6902    8520    7420    6676    8007    8377    8404    8355    6600    7277    6873    6116    7045    7510    7984    8527    8490    
72     1942 -999999 8298    -999999 8363    7602    -999999 -999999 8400    8182    8200    7410    7190    6710    -999999 -999999 -999999 -999999 -999999 -999999 
72     1943 -999999 -999999 6255    -999999 6045    6507    7260    -999999 -999999 6894    5553    5671    6743    7006    5777    6790    6848    8157    8374    
72     1944 7620    7880    7231    8230    7305    7190    7904    8248    8055    7616    6843    7442    7397    7090    7090    7523    7897    8293    7958    
72     1945 7562    8149    6910    8287    7223    6867    7813    8632    8268    7861    7207    6600    7143    6623    6845    7067    8171    8190    8190    
72     1946 7174    8113    6288    8160    7261    5820    7544    8055    8243    7842    6663    7258    6343    5981    5152    6347    8187    8077    8003    
72     1947 7306    8110    6446    8297    6602    6198    8103    8590    8296    7523    6657    5629    4690    6319    7535    7843    8058    8410    8165    
72     1948 7331    8254    6477    8312    6848    6462    7735    8377    8400    8126    5653    6726    7290    6323    5800    7090    7910    8200    8116    
72     1949 7354    8037    6716    8227    6843    6586    7568    8100    8489    7455    7190    5897    7297    7303    5181    7487    7181    8050    8748    
72     1950 7000    8126    5879    8482    6518    5932    7313    8313    8375    8110    5547    5868    5917    5977    5900    6060    8097    7757    8129    
72     1951 7091    7795    6309    7906    6748    6107    7465    7961    7596    7210    6070    6942    6110    5868    6342    6517    7513    8363    8610    
72     1952 7385    8115    6777    8499    6743    7041    7384    8577    8297    7352    5930    6923    7320    6784    7029    6660    7752    7727    8268    
72     1953 7301    7997    6583    8258    6786    6609    7593    8216    8293    7745    6547    6058    6883    6123    6829    7080    7635    8063    8219    
72     1954 7310    8038    6679    8014    7438    6696    7053    8113    7679    8487    7143    6674    6767    7016    6306    6167    7726    7243    8371    
72     1955 7080    7691    6277    7966    7075    5935    7330    8087    7382    7294    7807    6148    5920    5548    6335    5930    7468    8587    8481    
72     1956 7444    8138    6766    8377    7157    6678    7618    8619    8007    7674    6477    7297    6810    7187    6042    6773    7703    8373    8361    
72     1957 6951    8091    5855    8337    6609    5475    7341    8210    8450    7494    5207    7081    5737    5455    5242    6400    7297    8327    8590    
72     1958 7559    8212    6957    8453    7411    6950    7464    8626    8111    8316    7647    6277    7100    6877    6877    6993    7297    8107    8519    
72     1959 7273    8113    6425    8502    7457    5599    7758    8587    8389    7803    6833    7713    5990    5394    5426    7220    8071    7973    7945    
72     1960 7545    7923    7178    8081    6886    7272    7755    8210    8090    7261    6740    6652    7400    6903    7516    7870    7306    8103    8526    
72     1961 7575    8022    6885    8324    7251    6565    8102    8255    8179    7781    6750    7206    7197    6658    5861    7667    7823    8827    8755    
72     1962 7132    8435    6022    8814    6817    5595    7449    8923    8761    7568    6417    6455    5560    5858    5365    6493    7619    8230    8439    
72     1963 7168    8157    6461    8374    7257    6066    7144    8413    8261    7994    7747    6045    6647    6129    5442    6813    7219    7397    8019    
72     1964 7355    7858    6688    8169    7236    6559    7407    8455    8024    8032    6097    7542    6600    5952    7126    6793    7190    8243    8194    
72     1965 7093    7842    6396    8004    6807    6440    7141    7694    8139    7632    6320    6452    6443    6710    6168    6277    7077    8070    8200    
72     1966 7339    7850    6970    8263    7050    7099    6832    8574    7989    7210    7540    6416    7553    6990    6768    6580    6419    7510    8571    
72     1967 7167    7780    6438    8290    6562    6766    7180    8435    7818    7923    5803    5935    6560    6581    7152    6587    7029    7930    8255    
72     1968 7140    7695    6357    8121    6501    6371    7529    8016    8090    6884    6173    6435    6540    5819    6758    6417    7900    8257    8416    
72     1969 6612    7743    5892    7629    6677    5518    6649    7245    7182    7419    6167    6429    5667    5939    4955    6210    6548    7193    8403    
72     1970 6952    7382    6166    8001    6526    5875    7392    7894    7675    6603    6263    6703    6707    4935    6010    6403    7710    8053    8526    
72     1971 6921    7909    5885    8014    6647    5693    7323    7390    8139    7661    5630    6616    6213    5642    5242    5973    7719    8263    8632    
72     1972 7085    7775    6338    7729    6670    6132    7888    7303    7217    7497    6457    6048    6507    6129    5771    7153    8245    8253    8448    
72     1973 7398    8007    6962    8077    7050    6990    7584    7865    7900    7329    6700    7110    7270    6710    7000    6983    7626    8140    8181    
72     1974 7248    7817    6637    7940    7123    6348    7463    7919    7696    7339    6713    7303    6720    6461    5874    6760    7100    8540    8581    
72     1975 7227    8062    6473    8361    7226    6157    7254    8245    8246    7690    6813    7161    6247    6342    5884    6393    7839    7510    8394    
72     1976 7214    7722    6567    7893    6966    6466    7533    7971    7276    7310    6207    7358    6823    5829    6758    6417    7981    8187    8416    
72     1977 7534    8010    7221    8047    7292    7438    7366    7574    8161    7761    7217    6897    7533    7332    7452    6893    7477    7723    8423    
72     1978 7433    7906    7003    8321    7136    6952    7446    8542    7964    7306    7207    6897    7047    6519    7294    7067    7319    7957    8119    
72     1979 6877    7613    6008    7802    6301    5851    7571    7874    7371    7026    6663    5226    4647    6361    6506    6643    7848    8213    8145    
72     1980 7308    7749    6818    7754    7307    6317    7770    7571    7531    7184    7617    7129    7113    5926    5939    7233    7510    8577    8419    
72     1981 7260    7997    6587    8170    6980    6446    7538    8323    7725    7423    6690    6819    6297    6474    6561    6677    7635    8300    8203    
72     1982 7338    8079    6877    8142    7258    7070    6943    8123    8096    8123    6727    6906    6830    7432    6939    6407    6852    7573    8058    
72     1983 7053    7432    6509    7966    6543    6573    7102    7990    7836    6329    6830    6481    6663    6726    6332    6023    7329    7947    8203    
72     1984 7451    7589    7090    7659    7018    7272    7743    8071    6638    7297    7350    6419    7087    6835    7887    6963    7974    8283    8545    
72     1985 7555    8324    6812    8557    7266    6524    7875    8552    8575    8035    7140    6619    7570    6565    5471    7567    7884    8173    8619    
72     1986 6693    7720    5937    7989    6365    5596    6954    7865    7429    6335    6020    6729    6197    5603    5006    6080    6887    7897    8326    
72     1987 7595    7907    7166    8346    7190    7467    7332    8416    8289    7661    6887    7013    8123    7252    7048    6680    6852    8480    8497    
72     1988 7530    7842    7100    8060    7077    7285    7643    7965    7697    7574    6737    6910    7937    7313    6626    7093    7242    8607    8681    
72     1989 7740    8056    7368    8384    7221    7417    8011    8652    7761    7384    7037    7235    7657    7635    6968    7683    8016    8333    8516    
72     1990 7448    7946    7000    8221    6957    6850    7833    8329    7775    6700    6883    7284    7227    6681    6655    7283    7919    8293    8377    
72     1991 7604    8047    7245    8164    7468    7153    7526    8342    7732    7597    7420    7387    7480    7035    6955    7203    7094    8297    8716    
72     1992 7719    8109    7321    8553    7563    7045    7785    8461    8476    7639    7667    7387    7703    7103    6348    7757    7458    8150    8542    
72     1993 7396    7786    7327    8009    7317    7273    7232    7984    7446    7116    7440    7400    7390    7126    7306    7307    6990    7407    7848    
72     1994 6870    7436    6093    7643    6849    5748    7100    8048    6968    7310    6200    7016    6307    5197    5758    6090    7229    7977    8316    
72     1995 7327    7810    6755    8209    6997    6409    7840    8523    7743    7074    7213    6710    6593    6219    6419    7403    7845    8270    7958    
72     1996 7211    7695    6760    7616    6751    6723    7641    7523    7352    7216    6623    6410    7100    6110    6971    7373    7887    7653    8316    
72     1997 7671    7971    7279    8228    7195    7454    7890    8481    7850    7619    6920    7035    7323    7658    7377    7350    8345    7960    8113    
72     1998 7025    8013    6281    8101    7026    6122    6737    8290    7879    7477    6503    7081    7073    5961    5361    5720    6232    8277    8506    
72     1999 7159    7697    6458    8187    6970    6222    7469    8171    7850    7177    6570    7148    5883    5681    7090    6360    7813    8223    7958    
72     2000 7265    7857    6808    8064    6847    6707    7362    8355    7866    6942    6780    6816    7273    6532    6332    7137    7310    7640    8232    
72     2001 7155    7617    6458    8053    7185    5759    7551    7574    8386    6635    7120    7797    7100    5142    5077    6560    7784    8300    8519    
72     2002 7295    7893    6849    8068    6498    7000    7891    8500    7089    7103    6453    5935    7435    6365    7271    7743    7994    7933    7732    
72     2003 7095    7768    6301    7902    6264    6197    7891    8268    7686    6994    6473    5332    5530    6516    6523    7447    7874    8353    8177    
