EUROPEAN CLIMATE ASSESSMENT & DATASET (ECA&D), file created on: 16-11-2020
THESE DATA CAN BE USED FOR NON-COMMERCIAL RESEARCH AND EDUCATION PROVIDED THAT THE FOLLOWING SOURCE IS ACKNOWLEDGED: 

Klein Tank, A.M.G. and Coauthors, 2002. Daily dataset of 20th-century surface
air temperature and precipitation series for the European Climate Assessment.
Int. J. of Climatol., 22, 1441-1453.
Data and metadata available at http://www.ecad.eu

FILE FORMAT (MISSING VALUE CODE = -999999):

THIS FILE HOLDS DATA FOR STATION RUSSIAN FEDERATION                       TAMBOV                                   (STAID:    100)
LATITUDE: dd:mm:ss +52:48:00
LONGITUDE: ddd:mm:ss +041:30:00
ELEVATION: m  127

DATA IS FOR INDEX Mean of daily average relative humidity (RH) with unit 0.01 Relative humidity (%)

01-06 SOUID: Source identifier
08-11 YEAR : YYYY
13-20 ANNUAL DATA VALUES
21-28 WINTER HALF YEAR DATA VALUES
29-36 SUMMER HALF YEAR DATA VALUES
37-44 WINTER (DJF) DATA VALUES
45-52 SPRING (MAM) DATA VALUES
53-60 SUMMER (JJA) DATA VALUES
61-68 AUTUMN (SON) DATA VALUES
69-76 JANUARY DATA VALUES
etc. 
157-164 DECEMBER DATA VALUES

100    1936 -999999 -999999 6185    -999999 6669    5543    8401    -999999 -999999 7563    7383    5113    5553    5248    5829    8063    8684    8447    8916    
100    1937 7426    8614    6528    8642    6775    6811    7554    8468    8532    8623    5783    5887    6360    6768    7290    7070    7271    8330    8765    
100    1938 -999999 8460    5759    8793    7528    5048    7585    8845    8768    8806    8103    5694    5917    4352    4903    5663    8035    9040    -999999 
100    1939 7268    -999999 6031    -999999 7098    5528    7778    8581    8686    8065    7440    5800    5613    5568    5406    6403    8287    8627    8845    
100    1940 7492    8391    6529    8295    7064    6422    8273    7897    8131    8552    7897    4771    5963    6639    6648    7307    8361    9147    8648    
100    1941 7955    8536    7477    8396    8254    6830    8389    8087    8457    8526    8320    7919    6747    6323    7419    8160    8513    8490    8548    
100    1942 7510    8182    7005    8063    7533    6900    7477    7884    7725    7897    7847    6865    7023    6977    6703    6633    7571    8223    8787    
100    1943 7417    8190    6678    8446    7163    6708    7302    8035    8521    8032    7023    6429    5803    7123    7168    6500    7087    8327    8994    
100    1944 7802    8561    7021    9011    7854    6996    7505    9126    8907    8939    7923    6703    6443    7416    7110    6523    7074    8933    8552    
100    1945 -999999 8447    -999999 8769    -999999 7678    8424    9048    8700    8413    7260    -999999 7120    7645    8252    8320    8532    8417    8700    
100    1946 7421    8609    6528    8759    7198    5964    7988    8574    9029    8435    7117    6039    5370    6455    6048    8177    7752    8043    8139    
100    1947 7476    8142    6516    8200    7207    6209    8114    8358    8093    8461    7517    5652    5840    6116    6658    7350    8348    8637    8729    
100    1948 7285    8303    6332    8286    6838    6088    8138    8132    7976    7987    7073    5461    5150    6616    6468    7237    8290    8883    8161    
100    1949 7216    8492    6353    8547    6925    6572    6812    9016    8454    8155    7203    5426    6137    7042    6523    5790    6548    8107    8258    
100    1950 7535    8063    6714    8460    6620    7061    7942    8306    8854    8384    6380    5087    6633    7155    7381    7667    7861    8300    8497    
100    1951 7298    8163    6310    8196    7027    5914    7949    8303    7743    8235    6237    6584    4927    5974    6810    7313    8300    8223    8887    
100    1952 7706    8675    6796    8931    7549    6666    7788    8971    8934    8735    7637    6277    6403    7032    6555    6887    8497    7957    8600    
100    1953 7569    8445    6822    8573    7357    6555    7765    8887    8196    8494    6937    6626    5590    6942    7103    7730    7735    7830    8748    
100    1954 7481    8013    6756    8144    7248    6485    8148    7897    7750    8084    7397    6268    6203    6742    6500    7450    8665    8313    8510    
100    1955 7394    8460    6546    8548    7213    6422    7416    8397    8757    8142    6997    6494    6350    6074    6839    6533    7539    8173    8519    
100    1956 7606    7970    6974    7963    7414    6724    8186    8177    7138    8229    7807    6219    5103    7365    7652    7690    8210    8657    8961    
100    1957 7444    8594    6343    8844    6877    6437    7709    8558    9032    8190    7090    5358    6270    6319    6716    6323    7939    8857    8790    
100    1958 7649    8452    7007    8671    7040    7188    7767    8797    8400    7939    7223    5965    7123    6997    7442    7310    7900    8087    8648    
100    1959 7372    8443    6235    8704    6973    5735    8146    8977    8464    8571    7227    5129    5767    5539    5900    7920    8487    8020    8545    
100    1960 7492    8444    6386    8651    6754    6103    8191    8790    8614    8203    6953    5113    5383    5639    7265    8000    8281    8290    9400    
100    1961 7612    8644    6735    8968    7370    6350    7982    8697    8789    8410    6980    6706    5423    6816    6781    7700    7474    8790    8845    
100    1962 7567    8485    6762    8710    6968    7005    7699    8761    8504    8548    5647    6668    6210    7413    7368    7227    7235    8650    8587    
100    1963 7235    7990    6204    8157    6566    6295    7853    8210    7621    7619    7273    4829    6340    6229    6316    6277    8461    8800    8871    
100    1964 7782    8495    7203    8586    7730    6945    7934    8616    8248    7968    8253    6987    5793    7384    7619    7167    7968    8667    8706    
100    1965 7446    8257    6602    8222    7165    6375    7893    8135    7782    8248    6587    6642    5960    6581    6571    7270    7945    8463    9148    
100    1966 7267    8485    6232    8729    6552    6271    7795    8519    8496    8339    6023    5277    6223    6548    6039    7310    7274    8817    8432    
100    1967 7251    8213    6240    8202    6775    6339    7551    8177    7975    8597    7300    4445    6393    6213    6413    6730    7732    8183    8910    
100    1968 7449    8338    6500    8555    6950    6512    7946    8390    8352    8455    6487    5894    5680    7258    6571    7103    8048    8683    8465    
100    1969 7308    7859    6755    7640    6659    7051    7915    7732    6625    7510    6780    5690    6940    7158    7052    6923    8123    8693    8406    
100    1970 7461    8183    6630    8144    7132    6213    8320    8055    7954    7861    7603    5945    5810    5935    6881    7643    8577    8730    8577    
100    1971 7284    8492    6150    8453    6562    6251    7933    8490    8275    8287    6910    4500    6083    6687    5977    6787    8132    8873    8481    
100    1972 6728    7996    5341    7805    6462    4655    7884    7232    7697    7568    7240    4603    5130    5084    3768    6307    8290    9040    8865    
100    1973 7613    8515    6866    8523    6993    7030    7978    7787    8961    8206    6500    6258    6293    7558    7216    7357    7884    8697    8719    
100    1974 7612    8299    6983    8330    7435    7211    7491    8261    7975    8239    6950    7100    7087    7616    6926    6193    7081    9213    8700    
100    1975 7180    8382    6053    8604    6315    6252    7529    8829    8250    8232    6033    4671    5220    6616    6887    6890    7235    8470    8858    
100    1976 7906    8254    7313    8468    7443    7695    8022    8597    7914    8435    6863    7013    7137    8087    7842    6900    8252    8907    8871    
100    1977 7636    8566    6791    8610    7023    7011    8070    8410    8543    8426    6897    5742    6953    7103    6974    7097    8077    9037    8448    
100    1978 7594    8397    7009    8212    7072    7196    8197    8523    7607    8632    5973    6574    7063    7539    6981    7923    8055    8617    7619    
100    1979 7362    8023    6533    7672    6832    6485    8099    7555    7861    8435    7380    4697    5677    7213    6539    7730    7832    8743    8732    
100    1980 7867    8302    7340    8465    7409    7228    8385    8481    8162    7868    7437    6923    6633    7152    7881    8017    8429    8707    8713    
100    1981 7254    8295    6350    8224    6849    5914    8109    8235    7671    7965    7220    5374    5763    5210    6765    7823    7871    8640    8568    
100    1982 7694    8231    6972    8343    7312    6904    8105    8200    8254    7868    7577    6500    6510    7329    6861    7060    8310    8940    8955    
100    1983 7595    8540    6889    8716    7228    7017    7614    8671    8500    7874    6447    7339    6883    7423    6742    6473    8190    8160    8448    
100    1984 7178    8013    6290    7988    6062    6853    7988    8206    7262    7765    6327    4103    6340    6942    7261    6787    8565    8593    7965    
100    1985 7532    8224    6713    8111    6674    6900    8213    8458    7889    7855    7057    5123    6913    7474    6313    7437    8265    8937    8700    
100    1986 7073    8264    6108    8219    6492    5903    7848    8558    7311    7745    6217    5506    5657    5977    6068    7247    7794    8507    8294    
100    1987 7653    8207    7217    8321    7400    6909    7986    8116    8579    7997    7903    6316    6983    6581    7165    8410    7397    8170    8332    
100    1988 7384    8041    6669    8301    6558    6780    7849    8410    8152    7797    6707    5174    6717    6577    7045    7833    7255    8480    8516    
100    1989 7627    8226    6703    8526    6985    6949    7963    8381    8696    8081    6510    6348    6870    7297    6677    6507    8600    8760    8839    
100    1990 7887    8613    7134    8814    6707    7415    8545    8665    8954    7897    6343    5868    7173    7387    7677    8370    8329    8943    9123    
100    1991 7519    8641    6550    8826    7111    6254    8081    8690    8646    8126    6750    6445    6143    6374    6242    7367    7884    9000    8645    
100    1992 7419    8379    6381    8498    6838    6116    8221    8435    8407    7926    7447    5161    5447    6500    6381    7387    8303    8970    8710    
100    1993 7714    8507    7017    8486    6874    7321    8031    8742    7954    8326    7360    4952    6930    7781    7239    7877    7852    8370    9200    
100    1994 7416    8470    6597    8909    6941    6984    7129    9216    8246    7913    6310    6581    7483    6719    6765    5717    7277    8387    8400    
100    1995 7479    8181    6594    8554    6657    6675    8053    8577    8700    7800    6220    5935    6357    6394    7265    7400    7923    8840    8416    
100    1996 7187    8192    6326    8281    6654    6098    7896    8194    8231    7571    7180    5229    6927    6045    5348    7307    7681    8707    7932    
100    1997 7591    8046    6936    8059    7067    6850    8196    8210    8032    7735    6713    6742    6913    7035    6603    7623    8445    8510    8548    
100    1998 7601    8310    7038    8390    6916    7149    8054    8442    8157    7748    6920    6081    6930    6926    7584    7807    8145    8207    8306    
100    1999 7732    8247    7010    8508    6640    7130    8502    8732    8482    7629    6017    6255    6260    6668    8435    8417    8687    8397    8819    
100    2000 7792    8385    7227    8470    7055    7317    8200    8365    8210    7819    6847    6494    7643    7329    6990    8087    8245    8267    9226    
100    2001 7743    8433    7129    8777    7177    7197    8116    8755    8304    7784    6830    6906    7513    6648    7439    7450    8326    8567    8429    
100    2002 7357    8317    6445    8658    6377    6370    8191    8716    8846    7077    6147    5900    6647    6152    6319    7537    8455    8573    8045    
100    2003 7793    8241    7131    8094    7042    7409    8285    8313    7907    8132    6910    6081    7540    7197    7494    7583    7942    9340    9094    
