EUROPEAN CLIMATE ASSESSMENT & DATASET (ECA&D), file created on: 16-11-2020
THESE DATA CAN BE USED FOR NON-COMMERCIAL RESEARCH AND EDUCATION PROVIDED THAT THE FOLLOWING SOURCE IS ACKNOWLEDGED: 

Klein Tank, A.M.G. and Coauthors, 2002. Daily dataset of 20th-century surface
air temperature and precipitation series for the European Climate Assessment.
Int. J. of Climatol., 22, 1441-1453.
Data and metadata available at http://www.ecad.eu

FILE FORMAT (MISSING VALUE CODE = -999999):

THIS FILE HOLDS DATA FOR STATION RUSSIAN FEDERATION                       UFA                                      (STAID:     89)
LATITUDE: dd:mm:ss +54:43:00
LONGITUDE: ddd:mm:ss +055:49:59
ELEVATION: m  104

DATA IS FOR INDEX Mean of daily average relative humidity (RH) with unit 0.01 Relative humidity (%)

01-06 SOUID: Source identifier
08-11 YEAR : YYYY
13-20 ANNUAL DATA VALUES
21-28 WINTER HALF YEAR DATA VALUES
29-36 SUMMER HALF YEAR DATA VALUES
37-44 WINTER (DJF) DATA VALUES
45-52 SPRING (MAM) DATA VALUES
53-60 SUMMER (JJA) DATA VALUES
61-68 AUTUMN (SON) DATA VALUES
69-76 JANUARY DATA VALUES
etc. 
157-164 DECEMBER DATA VALUES

89     1966 7256    -999999 6586    -999999 6985    6596    7604    7932    8121    7861    7353    5752    6587    6768    6432    6653    7400    8767    7539    
89     1967 7500    8054    6874    7937    7080    7032    7726    8123    8171    8358    6803    6071    6990    7300    6803    7290    7742    8147    8242    
89     1968 7539    7939    7021    7931    7235    6977    7900    7813    7724    7958    7163    6581    6603    7268    7048    7467    7481    8767    8606    
89     1969 7766    8205    7275    8159    7662    7425    7892    8148    7675    8523    7540    6919    6557    8100    7590    6917    8555    8183    8419    
89     1970 7432    7963    7054    7818    6875    7230    7854    7890    7071    7581    7357    5703    6777    7139    7761    7607    8119    7827    8306    
89     1971 7597    8146    6822    8286    6828    7265    7940    8374    8164    8077    6677    5726    6560    7600    7613    6740    8316    8750    8571    
89     1972 7158    8167    6392    7969    6813    6348    7551    7416    7917    8035    7643    4787    6703    6239    6113    6933    7345    8380    8468    
89     1973 7356    7895    6790    8074    6415    7050    7923    7865    7871    7452    6587    5213    6033    7690    7394    7823    7594    8363    8419    
89     1974 7389    8120    6939    8098    7153    7240    7390    7877    7986    8477    6870    6103    7210    7329    7181    6947    6861    8380    7503    
89     1975 6964    7880    5710    7994    6301    5727    7551    8406    8082    8084    6120    4694    5037    5519    6603    6300    7700    8647    8423    
89     1976 7415    7973    6975    8093    6663    7471    7745    8116    7717    7242    7070    5690    6920    7994    7481    6687    8281    8250    7529    
89     1977 -999999 -999999 -999999 -999999 -999999 -999999 -999999 -999999 -999999 -999999 -999999 -999999 -999999 -999999 -999999 -999999 -999999 -999999 -999999 
89     1978 7712    -999999 7279    -999999 7249    7383    8029    8503    8175    8255    7050    6435    7017    7726    7394    8063    7823    8207    7926    
89     1979 7271    7865    6695    7928    6364    6964    7669    7839    8029    7397    6813    4897    6483    7339    7055    7610    7565    7837    8455    
89     1980 7469    7802    6832    8087    6522    6886    8352    7603    8210    7168    6883    5526    6257    6723    7658    7963    8642    8440    8594    
89     1981 7441    8358    6852    8328    7090    6663    8056    8181    8196    8081    7300    5897    5907    6632    7426    7970    7771    8437    7561    
89     1982 7442    7957    6707    8009    6792    6618    8111    8213    8279    7526    6857    5997    6300    6458    7087    7560    8452    8310    8326    
89     1983 7794    8166    7339    8173    7045    7523    8273    8016    8179    7723    7090    6323    7337    7877    7348    8073    8335    8407    8852    
89     1984 7719    8461    7209    8542    6971    7641    8274    8719    8021    8400    6800    5706    7230    7497    8184    7847    8703    8257    7261    
89     1985 7644    7836    7140    7466    6842    7578    8200    7755    7371    7635    7150    5752    7463    7881    7387    7220    8487    8883    8716    
89     1986 7851    8540    7183    8546    7089    7487    8329    8858    8011    8245    6827    6187    7063    7755    7629    7633    8390    8960    8635    
89     1987 7727    8448    7155    8599    7143    6814    8477    8516    8650    7574    8243    5648    5140    7629    7619    8670    8371    8393    8342    
89     1988 7401    8014    6974    8027    6889    6802    7877    8465    7224    7248    7233    6197    6327    6532    7532    8047    7481    8117    8400    
89     1989 7437    7885    6964    8126    6905    6966    7764    8023    7936    7365    7050    6306    6430    6619    7832    7553    7568    8177    8419    
89     1990 7778    8111    7327    8307    6950    7664    8202    8129    8379    8023    6653    6165    7480    7413    8094    8170    8265    8170    8435    
89     1991 7427    8144    6719    8124    6668    6886    8022    7997    7921    8055    6840    5116    6463    6835    7345    7743    7548    8790    8519    
89     1992 7646    8373    7111    8635    7261    7121    7679    8703    8686    8023    7577    6194    6350    7348    7639    7567    7455    8023    8219    
89     1993 7593    7694    7372    7817    6680    7788    7987    8165    6986    7258    7147    5652    7473    7803    8077    8097    8042    7820    8545    
89     1994 7561    8008    7175    8169    6713    7870    7614    8287    7621    7687    6553    5894    7370    8145    8077    6990    7506    8350    8226    
89     1995 7286    8029    6566    8176    6670    6709    7643    7919    8404    7813    5983    6190    6427    6545    7145    7100    7745    8080    8135    
89     1996 7347    7859    6838    8011    6634    6967    7684    8139    7741    7313    7047    5555    7010    6845    7048    7557    7523    7977    8439    
89     1997 7668    8084    7157    8357    7276    7176    7947    8448    8164    7958    7083    6781    6953    7052    7516    7560    8113    8163    8239    
89     1998 7417    8073    6766    8373    6497    7041    7676    8765    8089    7071    7260    5184    6383    7368    7352    7060    7623    8347    8548    
89     1999 7585    8033    6988    8268    6786    6868    8396    8268    7957    7458    6563    6329    6247    6629    7710    8460    8416    8310    8684    
89     2000 7972    8566    7369    8645    7546    7470    8212    8468    8793    8729    7190    6706    7163    7471    7765    7927    8339    8367    8755    
89     2001 7682    8241    7130    8316    7175    7000    8338    8371    7768    7803    6833    6877    7187    6645    7174    8083    8352    8580    8519    
89     2002 7497    8418    6866    8607    6637    7268    7746    8797    8493    7777    5730    6374    7493    6787    7532    7273    7900    8060    7797    
89     2003 7370    7808    7021    7799    6947    7211    7338    8000    7579    7500    6250    7068    7127    7181    7323    7160    6745    8130    8374    
