EUROPEAN CLIMATE ASSESSMENT & DATASET (ECA&D), file created on: 16-11-2020
THESE DATA CAN BE USED FOR NON-COMMERCIAL RESEARCH AND EDUCATION PROVIDED THAT THE FOLLOWING SOURCE IS ACKNOWLEDGED: 

Klein Tank, A.M.G. and Coauthors, 2002. Daily dataset of 20th-century surface
air temperature and precipitation series for the European Climate Assessment.
Int. J. of Climatol., 22, 1441-1453.
Data and metadata available at http://www.ecad.eu

FILE FORMAT (MISSING VALUE CODE = -999999):

THIS FILE HOLDS DATA FOR STATION FRANCE                                   PARIS - MONTSOURIS                       (STAID:     38)
LATITUDE: dd:mm:ss +48:49:18
LONGITUDE: ddd:mm:ss +002:20:16
ELEVATION: m   75

DATA IS FOR INDEX Mean of daily average relative humidity (RH) with unit 0.01 Relative humidity (%)

01-06 SOUID: Source identifier
08-11 YEAR : YYYY
13-20 ANNUAL DATA VALUES
21-28 WINTER HALF YEAR DATA VALUES
29-36 SUMMER HALF YEAR DATA VALUES
37-44 WINTER (DJF) DATA VALUES
45-52 SPRING (MAM) DATA VALUES
53-60 SUMMER (JJA) DATA VALUES
61-68 AUTUMN (SON) DATA VALUES
69-76 JANUARY DATA VALUES
etc. 
157-164 DECEMBER DATA VALUES

38     1890 -999999 -999999 -999999 -999999 6484    6750    -999999 8000    6786    6758    6270    6416    6473    6961    6806    -999999 -999999 -999999 -999999 
38     1891 -999999 -999999 -999999 -999999 -999999 -999999 -999999 -999999 -999999 -999999 -999999 -999999 -999999 -999999 -999999 -999999 -999999 -999999 -999999 
38     1892 -999999 -999999 -999999 -999999 -999999 -999999 -999999 -999999 -999999 -999999 -999999 -999999 -999999 -999999 -999999 -999999 -999999 -999999 -999999 
38     1893 -999999 -999999 -999999 -999999 -999999 -999999 -999999 -999999 -999999 -999999 -999999 -999999 -999999 -999999 -999999 -999999 -999999 -999999 -999999 
38     1894 -999999 -999999 -999999 -999999 -999999 -999999 -999999 -999999 -999999 -999999 -999999 -999999 -999999 -999999 -999999 -999999 -999999 -999999 -999999 
38     1895 -999999 -999999 -999999 -999999 -999999 -999999 -999999 -999999 -999999 -999999 -999999 -999999 -999999 -999999 -999999 -999999 7406    8427    8813    
38     1896 7547    8148    6826    8487    6863    6723    8230    8648    7966    7626    6910    6055    6840    6474    6858    7853    8410    8420    8529    
38     1897 7710    8251    7328    8454    7188    7257    7974    8397    8436    7339    7280    6948    7190    6890    7687    7990    7635    8307    8484    
38     1898 7883    8291    7138    8583    7501    7040    8273    8997    8236    8084    6480    7906    7530    6894    6713    7300    8513    8997    8939    
38     1899 7450    8228    6913    8301    6975    6671    7984    8429    7454    6987    7173    6771    6677    6835    6500    7543    8000    8407    8629    
38     1900 7458    8112    6729    8352    6625    6834    7954    8419    7971    7239    6190    6432    6850    6355    7297    7253    7955    8653    8897    
38     1901 7572    8340    6961    8401    7191    6804    8062    8316    7946    8242    6760    6558    6480    7177    6745    8060    8306    7810    8455    
38     1902 7697    8082    7239    8296    7371    7025    8208    8435    7964    7500    7187    7419    7173    6523    7384    7760    8342    8517    8184    
38     1903 7596    8044    7104    8119    6938    7053    8135    8487    7639    7071    6867    6874    7000    6852    7306    7733    8261    8407    8645    
38     1904 7461    8167    6770    8249    7179    6422    7985    8423    7641    7597    7003    6932    6920    5839    6523    7437    8171    8340    8713    
38     1905 7799    8197    7309    8348    7210    7224    8374    8216    8089    7645    7170    6813    7427    7055    7197    8223    8045    8863    8894    
38     1906 7718    8331    7139    8578    7242    7097    8113    8374    8454    7387    6580    7739    6857    7255    7171    7207    8442    8680    8490    
38     1907 7779    8134    7268    8244    7143    7173    8467    8129    8100    6977    7197    7258    7383    7135    7006    7640    8974    8770    8800    
38     1908 7936    8527    7423    8433    7612    7251    8358    8345    8134    8119    7153    7548    7310    7168    7277    8093    8484    8493    9097    
38     1909 7642    8383    7059    8418    6636    7492    8295    8542    7529    8074    5863    5945    7480    7790    7206    8077    8439    8363    8361    
38     1910 7928    8201    7540    8404    7153    7725    8343    8581    8257    7216    7050    7190    7770    7739    7668    7827    8713    8477    8668    
38     1911 7278    8247    6367    8264    6885    6225    7766    8310    7768    7510    6363    6765    6903    6000    5794    6393    8158    8733    8658    
38     1912 7675    8354    7131    8512    6921    7413    7833    8745    8107    7716    5960    7055    7320    7274    7642    7517    7710    8277    8748    
38     1913 7830    8033    7483    8249    7392    7303    8559    8703    7193    7494    7260    7419    7317    7555    7039    8320    8713    8640    8248    
38     1914 7786    8301    7319    8216    7098    7547    8242    8103    8304    7806    6527    6942    7363    7574    7697    7803    8506    8407    8419    
38     1915 7644    8130    7182    8280    6890    7254    8132    8135    8286    7048    6767    6852    6923    6900    7929    7717    8426    8243    8532    
38     1916 7999    8271    7531    8347    7578    7389    8521    8426    8066    7919    7260    7545    7303    7368    7494    8223    8623    8713    9035    
38     1917 7903    8394    7555    8417    7335    7672    8446    8129    8050    7790    7077    7129    7397    7590    8019    8113    8432    8793    8326    
38     1918 7772    8266    7302    8294    7868    6772    8035    8435    8104    7510    8373    7739    6240    6781    7277    7403    8248    8447    8716    
38     1919 7604    8324    6909    8441    7200    6820    8026    8474    8100    7942    7250    6410    6153    7600    6684    7357    8016    8707    8577    
38     1920 7669    8159    7295    8299    7290    7187    7985    8294    8007    7361    7627    6894    7040    7348    7168    7710    7974    8270    8358    
38     1921 7105    7805    6498    8071    6709    6168    7424    8274    7529    6416    6587    7119    6233    5519    6755    6780    7587    7900    8571    
38     1922 7462    7894    6851    8150    6749    6814    8123    8400    7407    7452    6927    5874    6580    6784    7071    7900    7887    8590    8668    
38     1923 7722    8250    7157    8521    7396    7000    7993    8403    8489    7497    7190    7494    7267    7223    6519    7257    8277    8437    8661    
38     1924 7712    8122    7205    8381    6843    7179    8301    8590    7859    6903    6720    6903    6953    6977    7600    8080    8403    8417    9123    
38     1925 7652    8371    7167    8683    7182    7090    7952    8706    8171    7387    6897    7252    6140    7368    7732    7587    7935    8333    8313    
38     1926 7641    8088    7142    8410    7111    7135    7903    8532    8382    7068    7193    7074    7313    7177    6919    7180    7881    8650    8384    
38     1927 7740    8219    7261    8413    6815    7521    8290    8713    8114    7577    6753    6113    7140    7668    7742    8160    8058    8660    8210    
38     1928 7375    8059    6633    8152    6995    6457    7756    8590    7621    7206    6927    6848    6700    6106    6571    6657    8303    8290    8668    
38     1929 7274    7809    6769    7919    6564    6843    7922    7874    7139    6529    6443    6716    7073    6668    6797    6923    8323    8507    8281    
38     1930 7735    8043    7409    8021    7242    7352    8248    8416    7296    7377    7100    7245    7190    7429    7432    8060    8413    8267    8542    
38     1931 7545    7953    7309    8272    6785    7375    7902    8235    8014    6265    7000    7097    6730    7384    7990    7637    7613    8467    8142    
38     1932 7513    7725    7097    7971    6876    6870    8105    8597    7121    6394    6960    7277    6547    6987    7065    7743    8013    8563    8852    
38     1933 7172    8009    6513    8303    6478    6392    7836    8190    7821    6613    5913    6890    6507    6403    6271    7090    7871    8547    7994    
38     1934 7424    8025    6618    8117    6787    6411    8182    8390    7950    7406    6683    6268    6310    5877    7042    7550    8329    8663    8652    
38     1935 7426    8120    6883    8159    7048    6614    8002    8074    7707    7274    7197    6677    7060    6258    6539    7607    7855    8550    8361    
38     1936 7508    8010    7089    8130    6812    7209    7816    8416    7576    7290    6920    6229    6763    7590    7258    7780    7300    8387    8584    
38     1937 7552    7992    6962    8331    7241    6659    7931    8348    8032    7316    7177    7229    6560    6723    6690    7400    8087    8300    8777    
38     1938 7247    7895    6635    8258    6446    6457    8051    8374    7554    6255    6440    6642    5830    6845    6674    7370    8077    8703    8210    
38     1939 7467    8064    6831    8149    6817    6813    8055    8329    7882    7187    6803    6461    6107    6981    7329    7293    8397    8463    8371    
38     1940 7343    8033    6747    8243    6701    6609    7901    7987    8379    6635    7047    6432    6223    7110    6481    7197    8232    8263    8181    
38     1941 7526    8004    6967    8262    6522    7122    8108    8416    8182    6774    6670    6126    7147    6655    7565    7660    7894    8777    8516    
38     1942 7522    8190    6772    8234    6621    6901    8333    8023    8157    7790    5320    6710    6330    7268    7087    7890    8661    8437    8581    
38     1943 7452    8126    6758    8332    6577    6673    8200    8358    8029    6694    6190    6835    6563    6284    7168    7510    8548    8530    8732    
38     1944 7336    8131    6615    8280    6334    6711    8077    8581    7476    6887    6577    5545    6500    6839    6787    7467    8390    8363    8610    
38     1945 7386    8222    6597    8568    6633    6230    8205    8774    8293    6913    6153    6816    6133    5665    6890    7937    7939    8750    8439    
38     1946 7521    8111    7011    8122    7130    6903    7942    8100    7796    7632    6290    7442    6917    6552    7242    7617    7865    8347    8448    
38     1947 7181    8131    6379    8402    6763    6240    7395    8374    8382    7400    6220    6652    6437    6287    6003    6680    7135    8377    8310    
38     1948 7611    7746    7256    8098    6689    7432    8214    8490    7452    6716    6667    6684    7487    7068    7742    7897    7974    8780    8377    
38     1949 7384    8023    6592    8128    6718    6184    8343    8406    7543    7032    6233    6874    6433    5581    6545    7913    8471    8640    8942    
38     1950 7897    8351    7437    8511    7342    7257    8470    8606    7929    7484    7307    7235    7120    7068    7577    8330    8419    8663    9019    
38     1951 7894    8427    7462    8650    7316    7402    8284    8535    8368    7558    6843    7532    7503    6877    7829    8190    8206    8457    8855    
38     1952 7526    8373    6726    8526    7022    6464    8185    8477    8228    8006    6440    6600    6060    6042    7277    7947    8155    8453    8635    
38     1953 7627    8006    7091    8490    6515    7230    8266    8906    7868    6019    7000    6542    7427    7271    7000    7323    8381    9090    8729    
38     1954 7598    8292    7041    8254    6666    7278    8232    7852    8175    7542    5983    6452    7140    7190    7500    7980    8329    8383    8677    
38     1955 7499    8165    6850    8517    6491    6975    7999    8700    8136    6768    6053    6639    6933    7055    6935    7483    8113    8397    8803    
38     1956 7635    7973    7230    8186    6518    7462    8386    8423    7272    6797    6643    6119    7403    7526    7455    8253    8387    8517    8810    
38     1957 7594    8277    7042    8439    6886    7002    8218    8490    7971    7468    6547    6632    6663    7139    7194    8083    8465    8097    8384    
38     1958 7879    8145    7471    8403    7102    7538    8457    8416    8411    7123    6687    7484    7427    7252    7932    8037    8590    8740    8484    
38     1959 7172    8315    6296    8296    7160    6138    7138    8232    8157    7687    7177    6616    6147    5674    6594    5567    7316    8527    8429    
38     1960 7696    7925    7233    8077    6884    7371    8410    8165    7607    7503    6823    6323    6987    7368    7745    8160    8606    8457    8590    
38     1961 7485    8179    6919    8384    6998    6643    8164    8400    8139    6887    7493    6629    6790    6542    6603    7490    8619    8367    7926    
38     1962 7293    7845    6862    7704    6979    6603    8002    7958    7179    6974    7007    6958    6063    6781    6948    7413    7926    8670    7632    
38     1963 7652    7796    7289    7596    7142    7218    8349    7729    7407    7403    7197    6829    7417    6426    7819    8070    8484    8490    8552    
38     1964 7480    8311    6779    8424    7155    6565    7855    8668    8028    7632    7053    6777    6787    6442    6474    7163    8103    8290    8355    
38     1965 7604    7977    7257    8070    7151    7077    8120    8581    7189    7281    7160    7013    6780    7135    7306    8157    8113    8090    8394    
38     1966 7691    7976    7278    8187    7265    7068    8221    8065    8093    7119    7567    7119    6807    7210    7181    7793    8484    8377    8510    
38     1967 7510    8063    6972    8151    6888    6803    8203    8300    7589    7084    6667    6906    6830    6403    7177    7860    8265    8483    8555    
38     1968 7769    8131    7261    8332    6865    7320    8508    8345    8079    7068    6233    7274    7087    7035    7829    8093    8684    8740    8745    
38     1969 7583    8295    7104    8323    7030    7053    8047    8416    7754    7390    6377    7303    6860    7171    7123    7780    8132    8227    8445    
38     1970 7576    8179    7087    8320    7315    6995    7789    8652    7814    7768    7350    6829    6867    6861    7252    7373    8003    7983    8155    
38     1971 7419    7864    6897    8081    6875    6988    7564    8339    7714    6977    6427    7206    7347    6435    7194    6770    7645    8273    8697    
38     1972 7573    7973    7258    8508    6951    7212    7792    8610    8197    6442    7137    7281    7030    7197    7403    7497    7500    8390    8232    
38     1973 7394    7799    6956    8230    6728    6845    7767    8326    8121    6274    6787    7126    6587    7187    6752    7293    7994    8007    8319    
38     1974 7545    8025    7036    8083    7150    6948    8097    8126    7775    7906    6603    6923    6920    6977    6945    7853    8148    8287    8087    
38     1975 7534    8041    6995    7973    7379    6627    8176    8335    7446    7894    7090    7145    6387    6694    6794    7873    8261    8390    8077    
38     1976 7025    7847    6142    7985    6233    5724    8019    7797    8086    6503    6057    6132    5403    5977    5781    7520    8235    8293    8558    
38     1977 7569    8080    7138    8282    6980    7275    7891    8274    7986    7132    6687    7113    7407    7129    7294    7197    8384    8077    8165    
38     1978 7615    8086    7201    8254    7148    7282    7792    8384    8211    7306    7000    7132    7180    7332    7329    7223    7819    8333    8161    
38     1979 7596    8043    7009    8069    7257    6928    8091    7958    8089    7910    6820    7026    7117    6461    7213    7427    8565    8267    8323    
38     1980 7464    8119    6987    8127    6862    7116    7769    8100    7948    7503    6400    6668    7010    7390    6945    7507    7923    7873    8297    
38     1981 7664    7900    7364    7992    7517    7290    7887    8087    7550    7635    7080    7823    7287    7423    7161    7403    8310    7933    8229    
38     1982 7549    7834    6984    8001    6496    7103    8447    8139    7596    6777    6023    6671    6903    6781    7619    7903    8787    8640    8729    
38     1983 7728    8288    7473    8187    7776    7064    8014    8255    7511    7742    7797    7790    7240    6745    7213    8077    7810    8163    8390    
38     1984 7793    7967    7235    8166    7050    7097    8689    8358    7721    7352    6087    7681    6807    6642    7832    8347    8926    8787    8935    
38     1985 7853    8343    7587    8177    7464    7689    8297    8484    6996    7816    6863    7694    7647    7490    7929    7887    8429    8570    8329    
38     1986 7573    8068    7058    7916    7303    6808    8232    8113    7239    7665    7370    6877    6783    6777    6861    7703    8461    8523    8477    
38     1987 7856    8141    7411    8248    6961    7552    8623    7858    8425    7142    6673    7058    7863    7400    7403    8080    8848    8933    8645    
38     1988 7891    8384    7499    8260    7346    7421    8557    8448    7648    7752    6860    7410    7490    7555    7219    8470    8606    8593    8616    
38     1989 7495    8480    6820    8748    7130    6572    7653    9103    8500    7468    7623    6316    6583    6597    6535    7297    7726    7933    8332    
38     1990 7040    7837    6023    8234    6227    5859    7804    8694    7618    6703    6477    5510    6873    5287    5448    6607    8042    8757    8539    
38     1991 7753    8255    7151    8482    6871    7286    8446    8555    8339    7326    6353    6916    7543    7432    6890    7777    8719    8833    8387    
38     1992 8308    8489    7930    8397    7727    8067    8782    8419    8383    8194    7630    7355    8367    7884    7961    8403    8626    9323    9177    
38     1993 7581    8757    6998    9103    7596    6347    7705    9019    9114    7335    8087    7381    6537    6516    5994    7510    7790    7813    8006    
38     1994 7327    7736    6748    7958    6808    6437    8009    8065    7786    6961    6613    6842    6317    6274    6716    7740    7716    8580    8361    
38     1995 7344    7930    6733    8101    6899    6350    7985    8010    7914    7019    7400    6294    6563    6455    6039    7697    8239    8010    8548    
38     1996 7221    8039    6453    8379    6645    6215    7795    8652    7907    6868    5840    7200    5960    6181    6497    7023    8013    8340    8165    
38     1997 7266    7995    6559    8140    6525    6834    7511    8377    7850    7219    5547    6777    7180    6732    6600    6503    7358    8677    8390    
38     1998 7350    7809    6818    8031    6865    6460    8023    7935    7739    6777    7647    6197    6570    6690    6123    7730    8213    8120    8523    
38     1999 7455    8047    6901    8157    7209    6586    7979    8152    7757    7490    7373    6768    6720    6365    6677    7530    8135    8267    8261    
38     2000 7402    7880    6891    8032    6952    6632    7984    8071    7745    6806    7033    7019    6273    7094    6516    7413    8077    8457    8329    
38     2001 7294    8102    6613    8067    7016    6270    8068    8106    7732    7884    7000    6165    5717    6684    6390    7740    8465    7987    7681    
38     2002 7281    7777    6649    7780    6554    6767    7740    8190    7436    6881    5667    7087    6433    6681    7177    6813    7681    8727    8568    
38     2003 6893    7753    6139    7991    6240    5991    7531    8187    7136    6190    5737    6777    6340    6045    5600    6333    7600    8657    8123    
38     2004 7179    7736    6562    7813    6583    6537    7645    8242    7024    6755    6593    6400    6243    6529    6829    6773    7984    8167    8565    
38     2005 7252    7976    6633    8103    6957    6478    7663    8213    7471    7413    6987    6471    6253    6758    6416    6923    7823    8237    8055    
38     2006 7305    7911    6656    8033    6989    6420    7726    7965    8086    7329    6407    7213    6137    5919    7194    7053    7981    8137    8268    
38     2007 7149    7790    6686    7888    6512    6883    7397    7748    7621    6977    5530    6997    7090    6487    7077    6920    7652    7610    8077    
38     2008 7341    7727    6732    7893    6914    6659    7819    8113    7462    7426    6957    6361    6570    6310    7094    7113    7965    8373    8348    
38     2009 7303    7959    6696    8204    7029    6370    7633    8187    8064    6842    7000    7245    6713    6439    5968    6823    7745    8327    8345    
38     2010 6828    7755    6073    8099    5985    6014    7326    8194    7721    6213    5563    6165    6020    5590    6432    6667    7177    8140    8116    
38     2011 6737    7582    5898    7991    5518    6137    7409    7958    7889    6261    5353    4935    5997    5990    6419    6707    7190    8337    7897    
38     2012 6933    7279    6430    7281    6446    6329    7657    7371    6528    6335    6593    6413    6993    6303    5713    6593    8019    8347    7984    
38     2013 7147    7832    6453    7940    6591    6249    7777    8265    7532    6835    5937    6981    6690    6129    5942    7050    8006    8267    8145    
38     2014 7443    7857    6919    8151    6720    6914    7935    8474    7800    6455    6623    7077    6543    6939    7248    7067    8110    8623    8361    
38     2015 6982    7947    6199    8071    6487    5841    7653    8152    7661    6768    5937    6739    5667    5668    6184    7003    7819    8130    8087    
38     2016 6784    7685    6415    7799    6733    6168    6936    7919    7362    6784    6593    6816    7247    5681    5613    6580    7271    6947    6635    
38     2017 7252    7274    6614    7402    6578    6520    7879    7745    7871    7219    5980    6516    6107    6519    6919    7637    7952    8047    8535    
38     2018 7058    7977    6201    8156    6811    5965    7348    8452    7407    7416    6497    6510    6657    5335    5926    6310    7194    8547    8477    
38     2019 7005    7726    6157    7927    6497    5926    7757    8045    7186    6881    6067    6529    6480    5255    6061    6573    8181    8503    8300    
38     2020 -999999 -999999 -999999 -999999 -999999 -999999 -999999 -999999 -999999 -999999 -999999 -999999 -999999 -999999 -999999 -999999 -999999 -999999 -999999 
