EUROPEAN CLIMATE ASSESSMENT & DATASET (ECA&D), file created on: 16-11-2020
THESE DATA CAN BE USED FOR NON-COMMERCIAL RESEARCH AND EDUCATION PROVIDED THAT THE FOLLOWING SOURCE IS ACKNOWLEDGED: 

Klein Tank, A.M.G. and Coauthors, 2002. Daily dataset of 20th-century surface
air temperature and precipitation series for the European Climate Assessment.
Int. J. of Climatol., 22, 1441-1453.
Data and metadata available at http://www.ecad.eu

FILE FORMAT (MISSING VALUE CODE = -999999):

THIS FILE HOLDS DATA FOR STATION GREECE                                   CORFU                                    (STAID:     59)
LATITUDE: dd:mm:ss +39:37:00
LONGITUDE: ddd:mm:ss +019:55:00
ELEVATION: m   11

DATA IS FOR INDEX Mean of daily average relative humidity (RH) with unit 0.01 Relative humidity (%)

01-06 SOUID: Source identifier
08-11 YEAR : YYYY
13-20 ANNUAL DATA VALUES
21-28 WINTER HALF YEAR DATA VALUES
29-36 SUMMER HALF YEAR DATA VALUES
37-44 WINTER (DJF) DATA VALUES
45-52 SPRING (MAM) DATA VALUES
53-60 SUMMER (JJA) DATA VALUES
61-68 AUTUMN (SON) DATA VALUES
69-76 JANUARY DATA VALUES
etc. 
157-164 DECEMBER DATA VALUES

59     1955 7260    -999999 6715    -999999 7233    6121    7786    8213    7629    7284    7423    6997    6003    5939    6416    7540    7939    7873    7894    
59     1956 6955    7675    6381    7632    7178    6073    6970    7713    7266    7348    7180    7006    6473    5997    5761    5883    7426    7587    7823    
59     1957 6957    7517    6505    7666    7273    5825    7314    7235    7968    7110    7370    7342    5907    5939    5632    6860    7581    7493    7142    
59     1958 7039    7514    6448    7527    7334    5691    7387    7532    7946    7432    7387    7184    5957    5719    5406    7067    7297    7800    7829    
59     1959 7027    7442    6690    7232    7485    6061    7407    7016    6811    7852    7287    7310    6517    5932    5748    7380    7123    7727    7623    
59     1960 7004    7485    6433    7536    7270    5707    7432    7461    7524    7461    7463    6890    5927    5494    5706    7160    7471    7663    7871    
59     1961 6658    7352    6168    7422    6864    5548    6980    7432    6914    6729    7263    6613    6077    5316    5268    6517    6848    7580    7387    
59     1962 6719    7252    6135    7310    6901    5570    7160    7794    6689    7171    7120    6419    5720    5739    5255    6590    7300    7587    7248    
59     1963 6927    7302    6504    7234    7221    5957    7214    7013    7464    7226    7383    7058    6543    5665    5681    6733    7148    7763    7523    
59     1964 6808    7230    6378    6974    7220    6033    6955    6571    6817    7545    7097    7013    6337    5458    6313    6063    7306    7483    7681    
59     1965 6698    7288    6198    7332    6803    5727    6956    7287    6996    6955    7017    6445    5710    5716    5755    6567    6819    7487    7645    
59     1966 6999    7290    6493    7517    7043    5999    7396    7010    7936    6910    7253    6974    6350    5848    5810    6750    7787    7637    7813    
59     1967 6816    7380    6425    7358    6793    5880    7418    7203    7025    6790    6933    6661    6227    5526    5900    7340    7397    7517    7319    
59     1968 6889    7272    6483    7198    6875    6209    7232    6787    7507    7129    7130    6374    6507    5413    6716    6790    7339    7563    7471    
59     1969 6970    7558    6380    7513    7125    5912    7257    7403    7682    7903    6653    6803    5997    5568    6174    7103    7013    7663    7729    
59     1970 7001    7472    6525    7801    6818    6205    7300    8084    7568    6790    7360    6323    6143    6210    6261    6880    7226    7797    7426    
59     1971 6762    7313    6245    7359    6736    5678    7169    7523    7104    6800    7090    6329    5873    5494    5674    7053    7097    7360    7787    
59     1972 7158    7412    6734    7565    7199    6333    7603    7113    7810    7329    7640    6642    6117    6584    6290    7157    7610    8043    7610    
59     1973 7054    7664    6481    7620    6984    6114    7355    7584    7671    7477    7100    6377    6013    6203    6123    7097    7306    7663    8084    
59     1974 7087    7554    6610    7611    7293    6011    7597    7526    7182    7532    7447    6906    6277    5642    6123    7307    7316    8177    7642    
59     1975 7102    7546    6720    7463    7255    6347    7288    7781    6914    7406    6830    7516    6283    6294    6461    6930    7284    7650    7829    
59     1976 7316    7481    7004    7520    7409    6623    7744    7500    7210    7403    7590    7239    6613    6619    6635    7343    7829    8057    7758    
59     1977 7075    7779    6463    7860    6948    6142    7637    8061    7750    7223    6883    6735    6173    6084    6171    6743    8094    8060    6971    
59     1978 7062    7557    6657    7343    7274    6113    7238    7161    7957    7155    7623    7055    6380    5710    6258    6947    7087    7687    7829    
59     1979 7060    7486    6734    7518    7450    6309    7124    7413    7289    7600    7457    7294    6397    5990    6542    6740    7100    7533    7381    
59     1980 7408    7368    7201    7343    7465    6902    7814    7213    7441    7548    7243    7597    6870    6829    7006    7663    7832    7947    7713    
59     1981 7253    7664    6821    7401    7468    6357    7660    6616    7925    7984    7220    7194    6547    5894    6635    7463    7952    7557    8103    
59     1982 7305    7629    6931    7740    7203    6629    7678    7916    7143    7055    7483    7081    7163    6152    6590    7150    7858    8020    8052    
59     1983 7368    7696    7022    7633    7171    6989    7663    7758    7032    7400    7373    6745    7210    6581    7184    7057    7768    8160    8123    
59     1984 7297    7978    6856    8112    7566    6288    7544    7948    8276    7619    7937    7155    6437    5532    6900    7210    7842    7570    7203    
59     1985 7019    7552    6509    7357    7323    5937    7257    7774    7064    7813    7287    6868    6100    5913    5803    7117    6735    7937    7829    
59     1986 7202    7757    6624    7939    7466    6283    7218    7819    8193    8074    7173    7142    6617    6284    5958    6587    7452    7607    7594    
59     1987 6879    7411    6393    7573    6739    6039    7195    7668    7446    6710    6630    6874    6063    5803    6252    6743    7503    7327    7561    
59     1988 6923    7362    6416    7584    6802    5945    7345    8135    7017    6606    7080    6729    6327    5494    6026    6873    7587    7567    7642    
59     1989 6941    7387    6489    7363    6841    6171    7319    7358    7061    7081    6660    6777    6550    6065    5910    6993    7261    7703    7887    
59     1990 7310    7535    6800    7692    7168    6311    7960    7742    7421    7190    7337    6984    6380    6184    6371    7573    7952    8357    8255    
59     1991 7736    8124    7531    8021    8123    7185    7863    7897    7900    8371    8203    7797    7380    7326    6855    7643    7923    8020    7548    
59     1992 7592    7783    7403    7685    7755    7182    7778    8103    7383    7703    8017    7555    7220    7094    7232    7313    8026    7987    7458    
59     1993 7092    7564    6626    7452    7078    6236    7373    7800    7012    7006    6920    7303    6417    5977    6319    6830    7497    7787    8203    
59     1994 7284    7754    6784    7808    7367    6097    7926    7742    7443    7826    7207    7065    6103    5816    6371    8177    7494    8123    8071    
59     1995 7436    7862    7103    7984    7517    6658    7518    7855    8032    7623    7393    7532    6360    6752    6852    7737    7448    7370    8306    
59     1996 7375    7768    6881    7976    7547    6424    7636    7735    7879    7861    7683    7100    6433    6384    6455    7257    7642    8010    8090    
59     1997 6959    7565    6450    7667    6671    6248    7236    7868    6975    6765    7337    5932    6130    5935    6674    6720    7277    7710    8187    
59     1998 7102    7636    6542    8203    6793    5974    7634    8371    8036    6277    7153    6961    6297    5574    6061    7237    7813    7847    7690    
59     1999 7391    7785    6725    7774    7440    6191    7740    8087    7521    7729    7367    7223    6513    5974    6097    7207    7635    8380    8971    
59     2000 6969    7852    6340    8078    6892    5783    7585    7935    7276    6897    7047    6739    6063    5600    5694    6930    7806    8010    7652    
59     2001 6934    7591    6473    7459    7126    5988    7277    7777    6893    7355    7047    6974    6060    5616    6290    6870    7519    7433    7358    
59     2002 7281    7509    6896    7599    7232    6417    7755    7847    7600    7313    7460    6929    6240    6458    6548    7767    7584    7920    7768    
59     2003 6937    7424    6450    7417    6615    6233    7509    7655    6764    6806    6790    6255    6397    6055    6252    6980    7581    7963    7739    
59     2004 7000    7535    6620    7387    7216    6293    7154    7240    7162    7506    7333    6813    6650    5819    6423    6707    7768    6967    7616    
