EUROPEAN CLIMATE ASSESSMENT & DATASET (ECA&D), file created on: 16-11-2020
THESE DATA CAN BE USED FOR NON-COMMERCIAL RESEARCH AND EDUCATION PROVIDED THAT THE FOLLOWING SOURCE IS ACKNOWLEDGED: 

Klein Tank, A.M.G. and Coauthors, 2002. Daily dataset of 20th-century surface
air temperature and precipitation series for the European Climate Assessment.
Int. J. of Climatol., 22, 1441-1453.
Data and metadata available at http://www.ecad.eu

FILE FORMAT (MISSING VALUE CODE = -999999):

THIS FILE HOLDS DATA FOR STATION RUSSIAN FEDERATION                       TROIсKO-PECHORSKOE                      (STAID:    101)
LATITUDE: dd:mm:ss +62:42:00
LONGITUDE: ddd:mm:ss +056:12:00
ELEVATION: m  134

DATA IS FOR INDEX Mean of daily average relative humidity (RH) with unit 0.01 Relative humidity (%)

01-06 SOUID: Source identifier
08-11 YEAR : YYYY
13-20 ANNUAL DATA VALUES
21-28 WINTER HALF YEAR DATA VALUES
29-36 SUMMER HALF YEAR DATA VALUES
37-44 WINTER (DJF) DATA VALUES
45-52 SPRING (MAM) DATA VALUES
53-60 SUMMER (JJA) DATA VALUES
61-68 AUTUMN (SON) DATA VALUES
69-76 JANUARY DATA VALUES
etc. 
157-164 DECEMBER DATA VALUES

101    1936 7479    -999999 6487    -999999 6487    6127    8809    8632    8107    7277    6083    6087    5073    6348    6926    8410    9045    8963    8794    
101    1937 7535    8539    6694    8536    6764    6478    8441    8665    8107    7632    6300    6345    5683    6852    6874    8110    8674    8530    8648    
101    1938 -999999 8542    6989    8621    7124    6950    -999999 8926    8254    8194    6970    6203    6327    6652    7852    7940    8494    -999999 -999999 
101    1939 -999999 -999999 7343    -999999 -999999 7079    8818    -999999 -999999 -999999 7608    6887    6393    7077    7745    8400    8858    9193    8616    
101    1940 7666    8367    7101    8124    7265    6693    8615    7768    7979    7790    7550    6465    5867    6681    7506    8560    8348    8947    8561    
101    1941 7820    8338    7211    8389    7115    6952    8879    8329    8264    7590    6723    7019    7070    6545    7245    8693    8874    9070    8471    
101    1942 7873    8549    7344    8506    7243    7267    -999999 8548    8496    7845    7427    6465    6977    7023    7794    8403    -999999 8197    8452    
101    1943 -999999 -999999 7120    8143    6940    6864    -999999 7919    8050    7113    7203    6513    6267    6368    7939    8447    8816    -999999 9439    
101    1944 -999999 -999999 7670    -999999 -999999 7638    -999999 -999999 -999999 -999999 7797    6771    7370    7065    8471    8573    9077    -999999 -999999 
101    1945 -999999 -999999 7432    -999999 -999999 7093    8792    -999999 -999999 -999999 7407    7274    6283    7474    7497    8660    8965    8747    8868    
101    1946 -999999 8692    7024    8772    7215    6839    -999999 8894    8532    8135    7013    6490    6547    6400    7561    8153    8641    -999999 -999999 
101    1947 -999999 -999999 7276    -999999 -999999 6966    -999999 -999999 -999999 -999999 7604    6939    5973    7029    7865    8277    9214    -999999 -999999 
101    1948 -999999 -999999 7547    -999999 -999999 7824    -999999 -999999 -999999 -999999 7337    6245    7370    8148    7939    8233    9313    -999999 -999999 
101    1949 7927    -999999 7302    -999999 7025    7279    8630    8977    8404    7387    7003    6684    7193    6971    7671    8307    8810    8767    8987    
101    1950 7992    8606    7491    8594    7193    7528    8833    8271    8518    8281    6827    6461    6887    7665    8013    9103    8913    8480    8510    
101    1951 7800    8209    7220    8150    6952    7045    8796    8335    7546    7413    7080    6368    6643    7497    6981    8777    8884    8723    9332    
101    1952 8097    8825    7484    8969    7570    7234    8798    9010    8538    8439    7210    7048    6427    6977    8271    8977    8684    8737    8842    
101    1953 7932    8648    7080    8639    7298    6860    8779    8742    8300    8555    6220    7084    5620    7242    7677    8613    8797    8927    9365    
101    1954 7905    8675    7268    8883    7005    7121    8934    8768    8479    7703    6730    6574    6763    6790    7797    8973    9006    8820    8506    
101    1955 7795    8456    7241    8469    6989    7305    8612    8732    8136    7516    6620    6819    6690    7390    7816    8100    8745    8987    8000    
101    1956 7950    8404    7469    8278    7134    7471    8699    8713    8110    7871    7080    6448    5830    8168    8361    8910    8623    8567    8687    
101    1957 7782    8358    7105    8540    6803    7114    8637    8503    8418    7361    6857    6194    7103    6935    7303    8267    9090    8540    8865    
101    1958 7778    8567    7142    8738    6867    7217    8566    8777    8554    7574    6040    6961    6350    7177    8097    8200    8832    8657    8135    
101    1959 7743    8266    7137    8267    6866    6880    8922    8539    8111    7323    6897    6381    5977    6800    7835    8947    8671    9157    8316    
101    1960 7426    8399    6532    8274    6460    6293    8568    8329    8169    7765    6163    5442    6217    5781    6881    8757    8581    8367    8700    
101    1961 7796    8536    7094    8673    7349    6818    8393    8742    8568    8258    6887    6887    6187    6177    8071    8360    8603    8210    8623    
101    1962 7625    8237    6935    8334    6593    7051    8646    8316    8036    7616    6360    5797    6573    6884    7681    8330    8694    8913    8329    
101    1963 7466    8190    6780    8109    6265    7015    8545    7881    8118    7219    5777    5784    6320    6694    8010    8090    8842    8693    8194    
101    1964 7718    8186    7198    7953    7347    6708    8684    8026    7617    7726    7580    6742    5943    6523    7632    8793    8790    8463    8774    
101    1965 7854    8513    7219    8619    7118    7208    8508    8587    8482    7974    6417    6942    5983    7206    8394    8343    8803    8367    8735    
101    1966 7802    8236    7375    8127    7229    7214    8745    8042    7546    7858    7580    6261    6423    7177    8016    8813    8545    8883    8474    
101    1967 7852    8338    7244    8348    7042    7247    8733    8381    8171    7577    6807    6735    6343    7235    8132    8197    8761    9240    8642    
101    1968 7747    8513    7431    8330    7201    7529    8133    7965    8386    8097    6967    6532    6407    7865    8281    8520    7868    8020    8065    
101    1969 7636    7635    7296    7628    6771    7518    8509    7394    7404    7048    6687    6574    7027    7239    8274    7970    8681    8870    8439    
101    1970 7528    8140    6970    8132    6637    6948    8434    7816    8143    6916    6727    6271    6070    6826    7919    8003    8758    8530    8387    
101    1971 7722    8121    7286    8082    6947    7233    8656    8297    7507    7200    7090    6555    6850    6813    8023    8400    8768    8797    8355    
101    1972 7498    8073    6989    7795    6890    6766    8512    7361    7659    7497    6987    6190    6117    6581    7581    8497    8677    8357    8477    
101    1973 7646    8247    6907    8232    6615    7001    8737    7884    8346    7755    6257    5823    6210    7123    7645    8390    8810    9010    8542    
101    1974 7684    8399    7190    8167    7265    7042    8445    7910    8036    8074    7237    6484    5897    7077    8116    8323    8635    8370    8048    
101    1975 7691    8141    7161    8210    6670    7297    8444    8513    8054    7223    6643    6142    6423    7361    8077    8317    8510    8503    8532    
101    1976 7578    7999    7184    8212    6391    7388    8353    8194    7890    6377    6227    6565    7067    7184    7903    8153    8113    8800    8484    
101    1977 7742    8222    7173    8240    6890    7348    8576    8252    7957    7719    6433    6503    6210    7416    8381    8070    8632    9023    8287    
101    1978 7734    8414    7291    8250    6783    7666    8530    8513    7918    8084    6790    5474    6947    7526    8503    8517    8426    8650    7477    
101    1979 7670    7876    7315    7538    6762    7589    8452    7632    7500    7561    6443    6271    7003    7558    8187    8423    8590    8337    8500    
101    1980 7511    8019    7161    8154    6515    7250    8235    7794    8169    6745    6417    6381    6120    7397    8197    8437    7968    8310    8219    
101    1981 7700    7945    7089    8210    6100    7439    8937    8326    8071    6800    5680    5806    6433    7571    8281    8750    8939    9123    8629    
101    1982 7931    8527    7437    8374    7232    7573    8519    8097    8400    7981    7450    6271    7577    7342    7800    8213    8361    8987    8758    
101    1983 8062    8507    7514    8589    7138    7672    8904    8623    8364    7952    7327    6142    7563    7474    7974    8637    9310    8753    8652    
101    1984 7764    8333    7478    8336    6522    7780    8585    8568    7752    6939    6550    6077    7420    7771    8139    8927    8394    8440    8200    
101    1985 7900    7971    7698    7910    7260    7637    8676    8110    7368    7274    7737    6784    6630    7871    8377    8793    8781    8450    8574    
101    1986 7891    8255    7539    8254    7004    7740    8779    8371    7771    7545    6780    6681    6597    8319    8268    8570    8835    8930    7994    
101    1987 7805    8174    7602    7900    7262    7613    8402    7665    8057    7577    7340    6871    6473    8271    8058    8583    8523    8097    8152    
101    1988 7546    7838    7046    8019    6464    6933    8624    8074    7817    6371    6667    6361    6233    6897    7645    8480    8784    8603    8626    
101    1989 7658    8295    7055    8319    6679    7102    8634    8058    8268    7439    5993    6584    6210    7345    7723    8460    8623    8820    8390    
101    1990 7887    8404    7405    8353    7270    7439    8442    8048    8650    7932    6740    7119    7087    7374    7845    8263    8571    8487    8571    
101    1991 7425    8225    6911    8273    6782    6934    7992    8132    8100    7487    6803    6055    6300    7213    7268    7833    8084    8057    7810    
101    1992 7556    7855    7051    7924    6814    6891    8467    7871    8103    7229    6673    6535    5827    6852    7961    8450    8623    8323    8232    
101    1993 7573    8078    7177    8139    6670    7273    8184    8219    7946    7119    6777    6116    6963    6781    8065    8377    8077    8100    8371    
101    1994 7720    7913    7421    7896    6852    7796    8269    8052    7196    7619    6553    6374    6970    8106    8284    8223    8239    8347    8597    
101    1995 7831    8248    7384    8609    6774    7626    8509    8461    8786    7116    6573    6626    6907    7481    8468    8233    8565    8727    8097    
101    1996 7932    8150    7544    8191    6648    7976    8786    8661    7790    7055    6400    6481    7707    7842    8371    8463    8881    9010    8510    
101    1997 7915    8418    7556    8112    7586    7532    8614    7681    8150    8271    7023    7445    6890    7574    8110    8277    8961    8593    8003    
101    1998 7653    8052    7410    7977    6885    7493    8229    8471    7400    6835    6967    6855    7100    7235    8132    8170    8648    7853    8123    
101    1999 7721    7966    7301    7961    7063    7168    8555    7719    8050    7406    6603    7165    6543    7284    7658    8543    9039    8067    8571    
101    2000 7787    8386    7189    8431    6972    7352    8438    8048    8690    7910    6537    6455    7007    6977    8061    8097    8832    8373    8474    
101    2001 7825    8243    7335    8057    7140    7516    8576    8126    7518    8068    6617    6719    6720    7126    8677    8133    8765    8823    8545    
101    2002 -999999 8645    7274    8693    6920    7460    -999999 8465    9111    8210    5623    6884    6850    7110    8400    8760    8568    -999999 8016    
101    2003 7821    -999999 7309    8122    7071    7443    8444    8210    8143    7813    6797    6594    7283    6958    8084    8147    8326    8863    8655    
