EUROPEAN CLIMATE ASSESSMENT & DATASET (ECA&D), file created on: 16-11-2020
THESE DATA CAN BE USED FOR NON-COMMERCIAL RESEARCH AND EDUCATION PROVIDED THAT THE FOLLOWING SOURCE IS ACKNOWLEDGED: 

Klein Tank, A.M.G. and Coauthors, 2002. Daily dataset of 20th-century surface
air temperature and precipitation series for the European Climate Assessment.
Int. J. of Climatol., 22, 1441-1453.
Data and metadata available at http://www.ecad.eu

FILE FORMAT (MISSING VALUE CODE = -999999):

THIS FILE HOLDS DATA FOR STATION NETHERLANDS                              EELDE                                    (STAID:    164)
LATITUDE: dd:mm:ss +53:07:24
LONGITUDE: ddd:mm:ss +006:35:04
ELEVATION: m    5

DATA IS FOR INDEX Mean of daily average relative humidity (RH) with unit 0.01 Relative humidity (%)

01-06 SOUID: Source identifier
08-11 YEAR : YYYY
13-20 ANNUAL DATA VALUES
21-28 WINTER HALF YEAR DATA VALUES
29-36 SUMMER HALF YEAR DATA VALUES
37-44 WINTER (DJF) DATA VALUES
45-52 SPRING (MAM) DATA VALUES
53-60 SUMMER (JJA) DATA VALUES
61-68 AUTUMN (SON) DATA VALUES
69-76 JANUARY DATA VALUES
etc. 
157-164 DECEMBER DATA VALUES

164    1906 -999999 -999999 7749    -999999 7770    7793    8592    -999999 -999999 8240    7120    7945    7973    7506    7906    8037    8748    8987    8865    
164    1907 8104    8688    7485    8757    7257    7821    8608    8871    8511    8142    6860    6755    7830    7623    8010    7833    8929    9050    8852    
164    1908 8155    8783    7746    8787    7786    7858    8174    8755    8752    8368    7350    7626    7660    7887    8019    7923    8203    8393    8926    
164    1909 8212    8510    7723    8722    7279    8066    8744    8877    8325    8316    7140    6377    7647    8229    8310    8647    8790    8793    9087    
164    1910 8287    8831    7787    9079    7664    7855    8619    9248    8882    8187    7313    7481    7627    8226    7706    8370    8668    8817    8939    
164    1911 7922    8763    7080    8871    7630    6848    8227    9035    8614    8490    7397    6997    6900    7039    6606    7560    8452    8663    9339    
164    1912 8229    8761    7667    8987    7614    7810    8637    8719    8897    8500    6967    7355    7847    7313    8271    8250    8703    8957    8987    
164    1913 8079    8605    7616    8716    7382    7816    8488    8774    8350    7848    6957    7326    7380    8255    7800    7963    8555    8943    8784    
164    1914 8107    8622    7518    8621    7514    7759    8515    8574    8493    8381    7077    7071    7800    7723    7755    7683    8797    9057    8887    
164    1915 8170    8792    7546    8817    7601    7685    8520    8839    8714    8461    7360    6974    6820    7755    8452    7900    8813    8837    9110    
164    1916 8333    8833    7900    8852    7992    7975    8490    8845    8583    8794    7807    7371    7737    7974    8206    8310    8361    8803    9200    
164    1917 7938    8543    7337    8757    7272    7279    8593    8474    8579    7852    7627    6348    6457    7329    8026    8247    8600    8933    8829    
164    1918 8242    8666    7663    8793    7732    7511    8743    8961    8568    8103    8253    6855    7047    7442    8029    8373    8829    9023    9439    
164    1919 8193    8901    7605    9080    7460    7912    8547    8913    8868    8332    7737    6319    7380    8423    7916    7863    8887    8880    8829    
164    1920 8074    8638    7761    8737    7796    7552    8127    8858    8510    7861    8213    7326    6530    7910    8184    8397    7919    8073    9100    
164    1921 7720    8386    7001    8806    7195    6965    8044    8823    8461    7939    6840    6794    6997    6752    7148    7483    8290    8350    8800    
164    1922 8017    8398    7511    8500    7303    7701    8475    8232    8464    8258    7093    6552    7317    7713    8061    8337    8235    8860    9106    
164    1923 8357    8651    7958    8889    7857    7943    8802    9058    8461    8174    7207    8168    8283    7542    8016    8540    8903    8960    8968    
164    1924 8346    8758    7913    8768    8023    7786    8701    8790    8531    8390    8010    7668    7563    7477    8310    8457    8829    8813    9306    
164    1925 8225    8808    7632    8971    7702    7527    8777    9097    8461    8310    7563    7229    7067    7329    8171    8440    8700    9193    9148    
164    1926 8404    8882    7996    9151    7929    7857    8684    9116    9193    7981    7930    7877    7823    7771    7974    8613    8481    8963    9187    
164    1927 8398    8864    7969    9097    7965    8003    8705    9265    8811    8474    8140    7287    7797    8000    8206    8397    8735    8983    8713    
164    1928 7894    8536    7264    8751    7235    7266    8208    9100    8417    7274    7260    7171    6960    7171    7658    7357    8481    8777    9100    
164    1929 7894    8612    7274    8542    7717    7268    8196    8752    7693    8784    7470    6890    7457    6974    7381    7493    8465    8620    8713    
164    1930 8110    8523    7591    8677    7776    7313    8496    8748    8557    8039    7600    7684    6600    7529    7787    8337    8474    8677    9287    
164    1931 8123    8659    7681    9060    7592    7629    8386    8974    8904    7665    7563    7548    7340    7755    7784    8093    8197    8873    8832    
164    1932 8036    8392    7633    8754    7473    7483    8438    9097    8303    7061    7583    7777    7020    7594    7819    7993    8610    8707    8858    
164    1933 7954    8454    7477    8623    7413    7521    8415    8690    8289    7561    7330    7345    7083    7906    7558    7627    8594    9020    8455    
164    1934 8069    8686    7383    8729    7617    7418    8291    9119    8600    8332    7437    7077    7153    7442    7652    7537    8397    8937    9161    
164    1935 7858    8570    7283    8771    7348    7209    8235    8903    8193    7803    7827    6429    7330    7416    6884    7847    8219    8640    8839    
164    1936 8178    8578    7736    8860    7886    7567    8387    8987    8748    8048    7937    7674    7047    7813    7826    8113    8248    8803    8903    
164    1937 8269    8569    7879    8688    8043    7749    8508    8423    8743    8319    8377    7445    7370    7868    7997    8230    8403    8893    9200    
164    1938 7995    8641    7361    8867    7327    7363    8637    8955    8400    7981    7307    6694    7127    7716    7239    8100    8735    9073    8635    
164    1939 7983    8707    7334    8806    7486    7207    8356    9113    8654    8039    7510    6910    6643    7371    7587    7987    8300    8783    8929    
164    1940 8129    8586    7674    8566    7762    7791    8467    8323    8438    8742    7523    7013    7480    7719    8165    8150    8497    8753    8745    
164    1941 8026    8618    7435    8674    7651    7345    8390    8445    8850    8445    7507    6997    7037    6835    8152    8093    8432    8643    8926    
164    1942 7999    8539    7351    8621    7247    7504    8613    8413    8514    8306    6630    6784    7010    7739    7748    8187    8790    8857    9013    
164    1943 8024    8551    7499    8781    7197    7525    8589    8797    8507    7348    7597    6658    7553    7277    7745    8190    8619    8957    9097    
164    1944 8098    8613    -999999 8723    7465    7623    8612    8803    8238    7948    7550    6900    7473    7803    7580    8068    8800    8870    9035    
164    1945 8274    8826    7793    9088    7960    7637    8496    9074    9161    8052    8183    7652    7297    7335    8268    8027    8519    8940    8842    
164    1946 8083    8606    7630    8651    7532    7683    8519    8403    8714    8239    7067    7274    7533    7477    8032    8397    8287    8880    8739    
164    1947 7643    8368    6929    8203    7336    6884    8043    8361    7436    8429    7237    6339    6867    7003    6781    7370    7929    8833    9103    
164    1948 7911    8466    7409    8675    7426    7446    8297    9123    7738    8035    7273    6965    7280    7377    7674    7890    8265    8737    8548    
164    1949 8007    8437    7515    8586    7505    7502    8398    8690    8511    7887    7280    7342    7350    7681    7471    7970    8355    8870    8706    
164    1950 8111    8466    7716    8507    7748    7528    8590    8339    8471    8071    7383    7777    7117    7768    7687    8560    8232    8990    8955    
164    1951 8474    8803    8090    9091    8026    8127    8595    9316    8993    8358    7843    7871    7800    8248    8323    8447    8271    9077    9171    
164    1952 8570    8822    8152    9140    8016    8195    8834    9126    9121    8197    8057    7797    7993    8197    8387    8487    8797    9220    9484    
164    1953 8671    9134    8192    9334    8301    8225    8851    9358    9143    8806    8037    8052    8253    8197    8226    8390    8994    9163    9448    
164    1954 8455    8942    8092    8878    7992    8351    8745    8426    8746    8865    7810    7297    8077    8377    8590    8403    8997    8827    9055    
164    1955 8529    8842    8140    8904    8195    8073    8911    8829    8821    8523    8167    7894    8020    8039    8158    8573    8974    9183    9194    
164    1956 8554    8885    8254    8957    8091    8317    8875    8958    8703    8297    8067    7910    8067    8413    8465    8603    9048    8967    9145    
164    1957 8537    8968    8098    9080    7958    8161    8953    9013    9082    8565    7733    7568    7533    8384    8545    8817    9061    8977    9187    
164    1958 8641    8905    8295    9024    8248    8328    8905    9081    8782    8332    8160    8248    8103    8277    8597    8373    8984    9357    9394    
164    1959 8183    9103    7554    9266    8028    7470    8085    9074    9336    8503    8110    7474    7090    7632    7674    7337    7735    9193    9113    
164    1960 8540    8666    8107    8999    7800    8220    9053    8932    8948    8110    7577    7706    7683    8252    8706    8707    9287    9157    9403    
164    1961 8604    9149    8255    9264    8340    8153    8840    9113    9279    8668    8437    7919    7767    8197    8484    8730    8848    8940    8913    
164    1962 8492    8762    8180    8790    8268    8076    8838    9000    8421    8419    8237    8148    7553    8313    8345    8473    8871    9170    8926    
164    1963 8467    8831    8099    8763    8226    8039    8768    8600    8764    8658    8000    8013    7610    8003    8490    8473    8871    8957    9168    
164    1964 8306    8796    7838    8912    7897    7877    8586    9071    8469    8223    8020    7452    7730    8016    7881    7933    8729    9090    9052    
164    1965 8384    8722    8125    8840    8114    7970    8609    9026    8400    8016    8360    7974    7843    8194    7868    8523    8616    8687    9094    
164    1966 8376    8746    8019    8882    8149    8009    8570    8742    8804    8535    8523    7400    7723    8223    8071    8183    8655    8870    8823    
164    1967 8181    8560    7839    8636    7715    7779    8589    8910    8125    7948    7650    7545    7553    7694    8084    8517    8448    8807    8877    
164    1968 8377    8568    8037    8813    7678    8065    8944    8874    8679    7739    7347    7939    7973    7955    8265    8743    9103    8980    8929    
164    1969 8415    8863    7991    9010    8046    7971    8540    9123    8975    8084    7790    8255    7737    8148    8019    7980    8952    8673    9252    
164    1970 8462    8961    7985    9162    8278    7795    8689    9184    9039    8665    8417    7758    6933    8303    8119    8370    8855    8837    9084    
164    1971 8283    8847    7798    9018    7778    7900    8408    9232    8707    8352    7770    7213    8010    7684    8010    8120    8274    8833    9219    
164    1972 8400    8660    8130    9064    7929    8150    8562    8874    9100    7690    8013    8087    7907    8381    8155    8227    8329    9137    8935    
164    1973 8612    8819    8343    9034    8248    8334    8777    9165    9000    8377    7857    8497    8250    8561    8187    8700    8868    8760    9129    
164    1974 8627    8886    8219    9024    8171    8225    9042    9116    8807    8623    7953    7929    7980    8500    8187    8763    9152    9207    9310    
164    1975 8600    9087    8178    9144    8513    7978    8807    9177    8925    8739    8550    8252    7720    8474    7732    8340    8800    9280    9229    
164    1976 8084    8781    7410    9048    7378    7193    8842    8900    9014    7494    7277    7361    7147    7106    7326    8260    9223    9030    8916    
164    1977 8715    8917    8378    9020    8121    8492    9026    9232    8900    8203    8403    7765    8390    8303    8781    8633    9332    9103    9535    
164    1978 8633    9148    8272    9241    8322    8193    8998    9258    8896    8735    8130    8094    7837    8306    8426    8837    9006    9150    8923    
164    1979 8737    8952    8455    8999    8314    8549    8945    9106    8964    8568    8220    8152    8350    8623    8668    8713    8671    9460    9365    
164    1980 8754    9167    8367    9377    8166    8533    8918    9432    9331    8765    8320    7419    8737    8629    8239    8887    9068    8793    9455    
164    1981 8787    9163    8387    9346    8476    8536    8768    9432    9129    9087    8047    8281    8560    8739    8310    8380    8945    8973    9552    
164    1982 8707    9037    8325    9227    8327    8266    9067    9319    8764    8642    8127    8206    8370    8103    8329    8823    9268    9103    9423    
164    1983 8596    9140    8181    9157    8780    7797    8753    9142    8879    9000    8843    8500    7660    7819    7906    8370    8694    9197    9155    
164    1984 8727    8961    8571    9192    8201    8647    8842    9239    9183    8319    7773    8497    8663    8826    8452    9213    8800    8513    9248    
164    1985 8570    8764    8280    8799    8259    8322    8947    8939    8146    8871    7993    7903    8220    8252    8490    8830    8961    9050    9132    
164    1986 8376    8830    8030    8798    8032    8013    8812    9129    8061    8581    7963    7548    7863    8097    8074    8643    8868    8923    8726    
164    1987 8625    8669    8437    8622    8205    8509    8953    8368    8789    8361    7900    8345    8590    8206    8732    8850    8877    9133    9361    
164    1988 8681    9099    8214    9168    7935    8557    9093    9284    8838    9087    7730    6981    8443    8745    8477    8923    9158    9197    9310    
164    1989 8465    9075    7963    9221    7976    7887    8853    9400    8925    8452    8307    7181    7353    8068    8223    8660    8816    9083    9148    
164    1990 8609    8887    8230    9002    8022    8243    9190    9216    8604    8435    7947    7681    8497    8152    8090    9037    8948    9593    9132    
164    1991 8721    9071    8410    9011    8600    8387    8868    9019    8868    8865    8050    8868    8930    8113    8135    8370    8900    9333    9210    
164    1992 8584    9138    7959    9254    8171    7859    8938    9290    9262    8845    8453    7223    7333    7939    8287    8533    8974    9307    9587    
164    1993 8772    9029    8490    9220    8161    8642    9116    8816    9261    8258    8237    7990    8250    8874    8790    8790    9174    9383    9471    
164    1994 8632    8957    8364    8886    8387    8215    9043    9113    7986    8532    8330    8297    8270    7932    8445    8923    8745    9470    9497    
164    1995 8562    9001    8225    9199    8092    8165    8924    9052    9032    8229    8293    7761    8650    8026    7835    8817    8935    9020    9161    
164    1996 8405    8828    7973    8908    7942    7963    8930    8652    8910    8300    7207    8297    7843    8010    8032    8437    9103    9243    8829    
164    1997 8441    8910    8026    8830    8139    8003    8704    8932    8718    8626    7610    8165    7853    8261    7890    8370    8558    9190    9126    
164    1998 8768    8809    8619    8916    8375    8580    9160    8842    8764    8384    8637    8113    8710    8603    8432    9243    8910    9337    9274    
164    1999 8556    9138    8099    9254    8273    8057    8736    9155    9343    8835    8380    7606    8047    7958    8165    8460    8694    9057    9035    
164    2000 8531    8884    8177    8943    8138    8203    8889    9071    8707    8732    7940    7735    7873    8513    8213    8787    8910    8970    8913    
164    2001 8655    8963    8213    9080    8176    8127    9081    9345    8971    8668    8167    7694    7997    8113    8268    9060    8994    9193    9413    
164    2002 8500    8857    8240    8966    8108    8282    8821    9087    8336    8077    7933    8306    8107    8155    8577    8353    8684    9430    8929    
164    2003 8169    8713    7729    8728    7651    7707    8647    8732    8500    8006    6827    8094    7750    7852    7519    8323    8565    9057    8810    
164    2004 8296    8638    7833    8745    7652    7989    8603    8926    8483    7990    7447    7513    7857    8187    7919    8073    8623    9113    9413    
164    2005 8392    8848    7957    8962    7940    8029    8725    8758    8689    8487    7460    7858    7410    8310    8348    8337    8642    9200    9190    
164    2006 8262    8904    7728    9040    7922    7658    8507    8932    8993    8484    8113    7174    7423    6887    8655    8130    8706    8677    9023    
164    2007 8443    8705    8104    8966    7680    8298    8790    8729    9164    7977    7177    7871    8243    8390    8258    8680    8803    8887    9177    
164    2008 8337    8708    7789    8810    7558    7930    8965    8865    8359    8142    7577    6955    7297    8019    8455    8427    9100    9363    9465    
164    2009 -999999 -999999 7946    -999999 8084    7942    8658    9210    -999999 8703    7747    7790    7760    8213    7848    8320    8639    9017    9171    
164    2010 8355    8831    7813    9064    7764    7742    8851    9094    8914    8168    7217    7890    7573    7284    8365    8547    8758    9250    9226    
164    2011 8353    8908    7898    9110    7493    8187    8747    9339    8729    8142    7200    7129    7837    8258    8455    8503    8500    9247    8913    
164    2012 8319    8737    7889    8733    8038    7851    8601    8729    8545    8494    8023    7597    7837    7952    7765    8173    8665    8963    9094    
164    2013 8246    8580    7986    8793    7630    8007    8634    8784    8471    7506    7380    7997    7953    8000    8065    8520    8387    9003    8906    
164    2014 8282    8554    7944    8692    7940    7771    8749    8829    8304    7887    8117    7823    7617    7658    8032    8430    8861    8953    8874    
164    2015 8386    8769    7991    8873    7890    7917    8909    8916    8825    8194    7863    7613    7733    7913    8100    8733    9042    8947    8787    
164    2016 8384    8791    7985    8769    7921    8205    8527    8961    8545    8455    7963    7345    8290    8084    8245    7990    8742    8843    9145    
164    2017 8384    8710    8013    8854    7841    7987    8835    8858    8529    8132    7803    7587    7620    8197    8132    8743    8710    9057    9245    
164    2018 7915    8604    7454    8718    7484    7360    8236    8823    8018    7729    7777    6955    7867    6665    7565    7933    8100    8680    8903    
164    2019 7996    8461    7399    8619    7532    7291    8622    8694    8221    8152    6907    7516    7327    7100    7448    8100    8687    9077    8732    
164    2020 -999999 8517    7491    8689    6977    7697    -999999 9065    8241    7300    6547    7071    7590    7955    7542    8237    8694    -999999 -999999 
