EUROPEAN CLIMATE ASSESSMENT & DATASET (ECA&D), file created on: 16-11-2020
THESE DATA CAN BE USED FOR NON-COMMERCIAL RESEARCH AND EDUCATION PROVIDED THAT THE FOLLOWING SOURCE IS ACKNOWLEDGED: 

Klein Tank, A.M.G. and Coauthors, 2002. Daily dataset of 20th-century surface
air temperature and precipitation series for the European Climate Assessment.
Int. J. of Climatol., 22, 1441-1453.
Data and metadata available at http://www.ecad.eu

FILE FORMAT (MISSING VALUE CODE = -999999):

THIS FILE HOLDS DATA FOR STATION RUSSIAN FEDERATION                       MOSKVA VDNX                              (STAID:     87)
LATITUDE: dd:mm:ss +55:49:59
LONGITUDE: ddd:mm:ss +037:37:00
ELEVATION: m  147

DATA IS FOR INDEX Mean of daily average relative humidity (RH) with unit 0.01 Relative humidity (%)

01-06 SOUID: Source identifier
08-11 YEAR : YYYY
13-20 ANNUAL DATA VALUES
21-28 WINTER HALF YEAR DATA VALUES
29-36 SUMMER HALF YEAR DATA VALUES
37-44 WINTER (DJF) DATA VALUES
45-52 SPRING (MAM) DATA VALUES
53-60 SUMMER (JJA) DATA VALUES
61-68 AUTUMN (SON) DATA VALUES
69-76 JANUARY DATA VALUES
etc. 
157-164 DECEMBER DATA VALUES

87     1948 -999999 -999999 -999999 -999999 -999999 7068    8290    -999999 -999999 -999999 -999999 -999999 6763    7203    7229    8100    8100    8677    7765    
87     1949 7568    8092    7137    7998    6795    7440    7759    8571    7621    7790    6623    5965    6893    7535    7874    7930    7090    8280    8632    
87     1950 7689    7979    7231    8332    6868    7438    8125    8010    8357    7548    6987    6074    6903    7203    8190    8033    8126    8217    8661    
87     1951 7503    8177    6826    8277    7016    6654    8076    8445    7664    7900    6670    6468    5913    6571    7455    7877    8281    8063    8694    
87     1952 7819    8474    7070    8780    7080    7234    8222    8919    8724    8165    6683    6381    6613    7529    7539    7670    8871    8103    8613    
87     1953 7733    8307    7240    8458    6947    7284    8257    8735    7979    7503    6693    6635    6223    7290    8303    8277    8432    8057    8635    
87     1954 7627    8149    7080    8301    7255    6732    8269    8129    8121    7513    7413    6845    6403    6665    7116    8057    8435    8310    8548    
87     1955 7572    8315    6987    8417    7374    6799    7801    8277    8425    7906    7563    6658    6647    6916    6829    7327    8065    8003    8306    
87     1956 7641    7926    7268    8062    7145    7233    8021    8297    7548    7316    7430    6697    6083    7568    8010    7807    8090    8163    8645    
87     1957 7753    8267    7253    8596    7014    7299    8203    8561    8579    7590    7033    6419    7087    7094    7710    8193    7935    8490    8419    
87     1958 -999999 -999999 -999999 -999999 -999999 -999999 -999999 -999999 -999999 -999999 -999999 -999999 -999999 -999999 -999999 -999999 -999999 -999999 -999999 
87     1959 -999999 -999999 -999999 -999999 -999999 -999999 8280    -999999 -999999 -999999 -999999 -999999 -999999 6652    6716    8163    8219    8460    8700    
87     1960 7695    8333    7001    8622    6563    7092    8431    8784    8366    7477    6173    6026    6363    6739    8152    8557    8248    8493    8961    
87     1961 7416    8287    6820    8467    6589    6928    7992    8477    7907    7606    6147    6000    6180    7168    7413    8007    7771    8207    8123    
87     1962 7647    7891    7321    8040    6949    7509    8133    8213    7757    7271    6583    6981    6843    7865    7797    7833    8029    8540    8039    
87     1963 7211    7711    6752    7709    6134    7021    8000    7816    7225    6597    6430    5384    7063    6919    7081    7663    8352    7973    8042    
87     1964 7355    7749    6918    7844    6997    6534    7962    7842    7634    6648    7517    6842    5987    6326    7271    7577    8229    8070    8329    
87     1965 7399    7898    6902    7957    6584    6976    8026    7810    7707    7229    5860    6639    6667    7171    7081    7987    7945    8150    8539    
87     1966 7447    8070    6950    8118    7047    7027    7819    8123    7646    7977    7130    6035    6450    7055    7558    7480    7623    8360    7935    
87     1967 7357    7899    6772    7811    6972    6687    7770    7748    7743    7984    7357    5587    6340    6348    7361    7670    7577    8070    8532    
87     1968 7414    7952    6734    8278    6432    6935    7990    8313    7969    7255    5957    6068    5670    7603    7490    7583    7729    8667    8639    
87     1969 7411    7847    6980    7893    6652    7062    8008    7923    7036    7035    6950    5981    6893    7129    7158    7793    7610    8633    8777    
87     1970 7587    8140    7055    8399    6875    7022    8282    8477    7893    7442    7220    5974    6823    6887    7348    8110    8368    8367    8165    
87     1971 7461    7997    6978    7970    6351    7309    8162    8187    7514    7345    6457    5255    7250    7471    7203    8267    7987    8237    8377    
87     1972 7155    7745    6567    7797    6568    6380    8009    7613    7372    6874    6743    6094    6517    6335    6294    7450    8165    8407    8032    
87     1973 7459    7890    7049    7837    6943    6997    7935    7177    8350    7268    7230    6342    6240    6968    7758    7760    7768    8283    8442    
87     1974 7599    8029    7130    8268    6815    7439    7866    8271    8071    7348    5997    7074    6713    7852    7729    7373    7690    8540    8513    
87     1975 7384    8131    6796    8319    6589    6971    7704    8474    7932    7632    6107    6013    6307    6955    7629    7760    7445    7917    8439    
87     1976 7730    7919    7305    8142    7050    7688    8016    8271    7686    7742    6443    6945    7390    7677    7987    7367    8090    8590    8526    
87     1977 7645    8205    7219    8372    7014    7277    8038    8171    8425    7461    6813    6761    6997    7329    7497    7917    7690    8520    8219    
87     1978 7572    8053    7166    8071    6804    7414    8116    8345    7604    7910    6187    6297    7020    7368    7842    8280    7852    8227    7916    
87     1979 7500    8083    6783    8067    6676    6940    8066    8235    8046    8223    6333    5461    5697    7710    7374    8117    7571    8527    8713    
87     1980 7643    7883    7483    8031    7092    7527    7997    7819    7528    7139    7010    7126    6787    7768    8003    8190    7787    8020    8510    
87     1981 7384    7909    6744    8216    6302    6685    8345    8300    7796    7035    6190    5677    6293    6161    7587    8583    8035    8427    8558    
87     1982 7618    8070    7164    8231    6870    7265    8130    8016    8107    7294    6757    6555    6830    7210    7742    7893    8348    8140    8548    
87     1983 7548    8107    7174    8286    6984    7398    7688    8335    7939    7313    7237    6410    7290    7723    7177    7217    7716    8130    8119    
87     1984 7604    7785    7197    7736    6668    7543    8359    7768    7293    7665    6327    6003    7347    7555    7723    8237    8290    8553    8471    
87     1985 7733    8164    7387    8287    6940    7632    8069    8335    8029    7306    7003    6513    7643    7881    7371    7923    7977    8310    8529    
87     1986 7628    8052    7170    8314    6745    7270    8249    8726    7621    7113    7517    5629    6903    7239    7655    8110    8084    8560    8400    
87     1987 7835    8192    7608    8354    7185    7624    8201    8358    8300    7474    7133    6945    7583    7423    7865    8717    7619    8287    8374    
87     1988 7711    8204    7182    8503    6807    7525    7987    8677    8455    7829    6460    6119    7313    7313    7942    7950    7916    8097    8481    
87     1989 7840    8070    7441    8296    7120    7623    8315    8319    8064    7545    6983    6826    7580    7342    7945    7977    8429    8537    8545    
87     1990 7828    8282    7421    8456    6770    7617    8544    8403    8414    7384    6640    6281    7057    7761    8016    8777    8165    8703    8390    
87     1991 7900    8159    7510    8382    6959    7643    8510    8316    8446    6981    6727    7161    7610    7258    8061    8247    8661    8617    8755    
87     1992 7642    8559    6842    8704    7191    6610    8186    8726    8628    7974    7257    6345    6283    6435    7100    7650    8219    8687    8439    
87     1993 7890    8210    7562    8238    6817    8025    8315    8619    7593    7661    6913    5881    7580    8139    8342    8530    8097    8327    8958    
87     1994 7980    8334    7633    8659    7288    7742    8354    8952    8004    7632    6960    7261    7937    7406    7890    8357    8119    8593    8652    
87     1995 7864    8396    7372    8661    7418    7249    8232    8752    8571    7710    7370    7174    7127    7158    7458    7953    7997    8753    8400    
87     1996 7551    8020    7060    8163    6676    7132    8289    8210    7859    6916    6590    6519    7007    7248    7135    7870    8068    8937    8281    
87     1997 -999999 8150    -999999 8218    6864    -999999 8724    8258    8104    7274    6493    6813    -999999 7019    7768    8353    8887    8927    8703    
87     1998 7866    8397    7533    8423    7038    7758    8325    8587    7932    7316    6747    7042    6937    7919    8390    8140    8348    8487    8516    
87     1999 7668    8354    7008    8687    6885    6813    8327    9048    8475    7268    6703    6677    5903    6871    7635    8253    8248    8483    8490    
87     2000 7906    8172    7427    8345    6720    7758    8554    8310    8228    7284    6877    6003    7013    7961    8274    8437    8568    8657    9265    
87     2001 8099    8617    7699    8936    7538    7699    8464    8974    8529    7703    7157    7742    7787    7616    7697    8200    8477    8713    8619    
87     2002 7362    8302    6601    8544    6443    6614    8078    8652    8343    7023    6117    6181    6813    6229    6806    7477    8416    8330    8032    
87     2003 7757    7798    7458    7853    6472    7803    8736    8106    7375    6503    6560    6355    7667    7442    8297    8440    8581    9193    8552    
