EUROPEAN CLIMATE ASSESSMENT & DATASET (ECA&D), file created on: 16-11-2020
THESE DATA CAN BE USED FOR NON-COMMERCIAL RESEARCH AND EDUCATION PROVIDED THAT THE FOLLOWING SOURCE IS ACKNOWLEDGED: 

Klein Tank, A.M.G. and Coauthors, 2002. Daily dataset of 20th-century surface
air temperature and precipitation series for the European Climate Assessment.
Int. J. of Climatol., 22, 1441-1453.
Data and metadata available at http://www.ecad.eu

FILE FORMAT (MISSING VALUE CODE = -999999):

THIS FILE HOLDS DATA FOR STATION RUSSIAN FEDERATION                       SMOLENSK                                 (STAID:     97)
LATITUDE: dd:mm:ss +54:45:00
LONGITUDE: ddd:mm:ss +032:04:00
ELEVATION: m  236

DATA IS FOR INDEX Mean of daily average relative humidity (RH) with unit 0.01 Relative humidity (%)

01-06 SOUID: Source identifier
08-11 YEAR : YYYY
13-20 ANNUAL DATA VALUES
21-28 WINTER HALF YEAR DATA VALUES
29-36 SUMMER HALF YEAR DATA VALUES
37-44 WINTER (DJF) DATA VALUES
45-52 SPRING (MAM) DATA VALUES
53-60 SUMMER (JJA) DATA VALUES
61-68 AUTUMN (SON) DATA VALUES
69-76 JANUARY DATA VALUES
etc. 
157-164 DECEMBER DATA VALUES

97     1944 -999999 -999999 7590    -999999 7666    7657    8488    -999999 -999999 8237    7732    7110    7470    7539    7955    7747    8245    9480    8797    
97     1945 8557    9015    7957    9141    7929    8042    9031    9335    9307    8971    7810    7003    7310    8174    8619    8827    9197    9063    9100    
97     1946 -999999 9051    -999999 9057    7923    -999999 -999999 9097    8964    8877    7613    7268    -999999 8123    -999999 -999999 -999999 -999999 -999999 
97     1947 8332    -999999 7723    -999999 7785    7889    8689    9026    8771    8984    8020    6358    7560    7571    8526    8330    8555    9262    -999999 
97     1948 -999999 -999999 -999999 -999999 7736    -999999 -999999 -999999 -999999 -999999 7327    7197    7627    7490    -999999 -999999 -999999 9212    -999999 
97     1949 -999999 -999999 7850    -999999 7655    8192    8403    -999999 -999999 8570    7910    6610    7813    8358    8394    8023    8032    9167    9261    
97     1950 8361    8713    7939    8903    7780    8055    8709    8339    9132    8403    8047    6900    7840    7919    8400    8547    8755    8823    9300    
97     1951 8291    9007    7596    9173    8095    7368    8558    8939    9293    8955    7807    7513    7137    7410    7552    8170    8513    8993    9271    
97     1952 8501    8889    8016    9249    7764    8062    8901    9371    9097    8103    7833    7358    7857    7810    8513    8737    9281    8673    9387    
97     1953 -999999 -999999 8152    -999999 8065    8123    8620    -999999 -999999 8510    8190    7500    7723    8032    8600    8877    8823    8153    9323    
97     1954 8303    8527    7959    8613    7938    7872    8890    8419    8043    8345    8173    7303    7123    8148    8319    8690    9042    8933    9065    
97     1955 8206    8909    7646    8966    8067    7421    8568    8977    8843    8587    8227    7394    6880    7897    7468    8017    8903    8773    8542    
97     1956 8195    8397    7952    8303    8039    7739    8504    8690    7634    7800    8507    7826    7163    7726    8310    8180    8613    8717    9132    
97     1957 8336    8736    7983    9024    7711    8007    8775    8890    9054    8039    7657    7435    7683    7832    8494    8803    8687    8837    8684    
97     1958 8214    8557    7854    8669    7724    7855    8522    8606    8721    7832    8127    7226    7360    7658    8532    8223    8716    8620    8981    
97     1959 7732    8623    7045    8762    7479    6586    8269    8665    8629    8126    7410    6900    6733    6326    6703    8240    8184    8387    8565    
97     1960 8105    8368    7495    8607    7133    7635    8807    8748    8500    7835    7047    6513    7033    7571    8281    8527    8887    9003    9310    
97     1961 8122    8849    7580    8966    7599    7540    8632    8813    8754    8326    7217    7242    6917    7587    8097    8417    8481    9003    8642    
97     1962 8256    8599    7871    8637    7762    7927    8677    8777    8475    8219    7670    7394    7420    8235    8110    8393    8858    8773    8742    
97     1963 7912    8430    7405    8440    7383    7385    8447    8542    7993    7639    7763    6758    7233    7245    7671    7780    8716    8837    8768    
97     1964 7939    8523    7372    8647    7505    7100    8475    8706    8455    7665    7980    6887    6460    7174    7645    8097    8503    8823    8890    
97     1965 7887    8386    7455    8377    7251    7517    8391    8255    7943    7874    7003    6868    7190    7503    7848    8323    8355    8497    8968    
97     1966 7988    8477    7453    8548    7759    7272    8469    8416    8229    8377    8027    6881    6847    7668    7287    8027    8365    9020    8739    
97     1967 8093    8627    7593    8482    8032    7558    8338    8374    8318    8929    8223    6948    7323    7142    8200    7737    8632    8637    8655    
97     1968 7877    8393    7366    8344    7493    7414    8304    8416    7934    8061    7440    6977    6693    7877    7648    7543    8455    8910    8539    
97     1969 7875    8012    7709    7756    7374    7836    8523    7700    6950    7445    7763    6926    7813    7690    8003    8073    8516    8980    8587    
97     1970 7942    8422    7420    8360    7423    7259    8646    8261    8218    7968    7913    6403    6953    7148    7665    8470    8723    8743    8877    
97     1971 8074    8647    7549    8690    7417    7602    8647    8903    8246    8355    7393    6503    7650    7674    7484    8620    8539    8787    8758    
97     1972 7937    8133    7626    8088    7248    7704    8758    7587    7907    7229    7400    7119    7507    8190    7410    8133    9097    9033    8642    
97     1973 8038    8414    7767    8131    7584    7862    8489    7255    8536    7955    7333    7455    7557    7900    8119    8233    8513    8720    8919    
97     1974 8271    8541    7783    8763    7340    8097    8758    8587    8786    7748    6613    7635    7673    8345    8258    8143    8848    9280    9339    
97     1975 8330    9012    7849    9092    7926    7954    8462    9155    8750    8681    7980    7119    8050    7826    7990    8147    8552    8683    9048    
97     1976 8342    8677    7944    8688    8132    8054    8532    8810    8172    8765    7890    7732    7863    7900    8394    7880    8345    9377    8955    
97     1977 8226    8668    7828    8699    7740    7917    8599    8326    8829    8213    7840    7171    7267    8003    8461    8223    8471    9107    8848    
97     1978 8252    8787    7691    8740    7670    7749    8918    9061    8264    8929    7120    6942    7533    7700    8006    8860    8874    9020    8697    
97     1979 7996    8747    7402    8601    7517    7352    8459    8752    8329    8781    7270    6494    6160    8010    7848    8627    7835    8937    8913    
97     1980 8202    8378    7909    8611    7585    7923    8635    8455    8455    7697    7540    7516    7150    8190    8403    8643    8652    8610    9100    
97     1981 7996    8429    7502    8619    7003    7512    8957    8661    8039    7477    7050    6484    7403    6816    8313    8977    9190    8697    8852    
97     1982 8070    8582    7618    8636    7424    7727    8445    8587    8450    7706    7523    7045    7197    7977    7990    7970    8694    8663    9045    
97     1983 7859    8449    7447    8527    7509    7511    8069    8484    8000    7774    7550    7203    7330    8045    7152    7400    8165    8640    8558    
97     1984 8043    8262    7692    8149    7232    8062    8670    8194    7666    8323    6343    7000    7960    8281    7942    8623    8587    8803    8758    
97     1985 8195    8454    7796    8437    7454    7865    8895    8629    7868    8035    7810    6529    7660    7971    7958    8880    8810    8997    9174    
97     1986 8020    8687    7538    8750    7273    7673    8620    9081    7914    8081    7420    6323    7560    7565    7890    8500    8261    9110    8539    
97     1987 8013    8414    7725    8554    7124    7949    8362    8329    8821    7487    6757    7116    7800    7671    8371    8633    7484    8997    8774    
97     1988 8086    8519    7610    8733    7228    8065    8332    8806    8610    8465    6937    6274    8197    7887    8116    8270    8139    8593    8755    
97     1989 8124    8479    7649    8610    7479    7912    8486    8587    8475    8326    7397    6713    8017    7729    7994    8063    8677    8710    8829    
97     1990 8008    8474    7522    8698    6649    7915    8785    8697    8554    7394    6263    6277    7320    8242    8165    8860    8400    9107    8855    
97     1991 8271    8602    7878    8731    7788    7799    8699    8613    8725    7942    7157    8245    7930    7513    7958    8460    8526    9117    9094    
97     1992 8020    8915    7056    8996    7548    6854    8637    8865    9031    8874    7463    6303    7007    6477    7084    8047    8874    8983    9274    
97     1993 8175    8804    7798    8842    7524    8042    8377    8961    8232    8448    7637    6490    7377    8439    8290    8563    8265    8307    9065    
97     1994 7969    8506    7453    8786    7536    7358    8311    9119    8107    8129    7293    7177    7577    6810    7694    8190    8165    8583    8787    
97     1995 8009    8434    7516    8688    7467    7376    8601    8587    8689    7819    7287    7290    7243    7306    7574    8407    8261    9147    8561    
97     1996 7822    8218    7252    8255    6905    7268    8775    8155    8034    7168    6370    7161    7387    7716    6706    8180    8752    9393    8855    
97     1997 8145    8580    7665    8624    7199    7828    8912    8658    8332    7494    7087    7013    8023    7723    7745    8417    9090    9223    8961    
97     1998 8198    8632    7992    8768    7370    8315    8456    8977    8321    7210    7057    7832    7793    8442    8694    8103    8652    8607    8655    
97     1999 7908    8602    7217    8921    6752    7496    8397    9329    8764    7619    6513    6116    7000    7494    7977    8207    8419    8563    8929    
97     2000 8159    8480    7668    8682    7248    7972    8644    8668    8434    7868    7593    6294    7303    8439    8152    8233    8410    9297    9232    
97     2001 8021    8613    7631    8773    7292    7845    8445    8932    8089    7687    7090    7094    7790    7639    8103    8070    8545    8717    8494    
97     2002 7445    8340    6575    8637    6171    6805    8326    8910    8493    6910    5310    6265    7160    6706    6561    7457    8758    8750    8132    
97     2003 8059    8292    7577    8358    6973    7816    8836    8710    8218    7194    7017    6710    7363    7448    8623    8297    8710    9507    8932    
