EUROPEAN CLIMATE ASSESSMENT & DATASET (ECA&D), file created on: 16-11-2020
THESE DATA CAN BE USED FOR NON-COMMERCIAL RESEARCH AND EDUCATION PROVIDED THAT THE FOLLOWING SOURCE IS ACKNOWLEDGED: 

Klein Tank, A.M.G. and Coauthors, 2002. Daily dataset of 20th-century surface
air temperature and precipitation series for the European Climate Assessment.
Int. J. of Climatol., 22, 1441-1453.
Data and metadata available at http://www.ecad.eu

FILE FORMAT (MISSING VALUE CODE = -999999):

THIS FILE HOLDS DATA FOR STATION NORWAY                                   GLOMFJORD                                (STAID:    188)
LATITUDE: dd:mm:ss +66:49:00
LONGITUDE: ddd:mm:ss +013:58:59
ELEVATION: m   39

DATA IS FOR INDEX Mean of daily average relative humidity (RH) with unit 0.01 Relative humidity (%)

01-06 SOUID: Source identifier
08-11 YEAR : YYYY
13-20 ANNUAL DATA VALUES
21-28 WINTER HALF YEAR DATA VALUES
29-36 SUMMER HALF YEAR DATA VALUES
37-44 WINTER (DJF) DATA VALUES
45-52 SPRING (MAM) DATA VALUES
53-60 SUMMER (JJA) DATA VALUES
61-68 AUTUMN (SON) DATA VALUES
69-76 JANUARY DATA VALUES
etc. 
157-164 DECEMBER DATA VALUES

188    1959 -999999 -999999 -999999 -999999 -999999 -999999 -999999 -999999 -999999 -999999 -999999 -999999 -999999 -999999 -999999 -999999 7248    5630    5335    
188    1960 6901    6297    7207    6080    6446    7740    6886    6803    6103    6629    5783    6903    8523    6994    7729    7310    7494    5833    6648    
188    1961 7608    7020    7838    7058    7185    8317    7701    7523    6996    7587    6710    7242    7930    8471    8539    8113    7432    7567    7129    
188    1962 7881    7359    8092    7376    7266    8455    8331    7203    7839    7035    7850    6932    8053    8635    8665    8417    8771    7790    7390    
188    1963 7447    7627    7484    7523    6773    7584    7562    8313    6796    6626    7130    6574    6843    8123    7761    8470    7261    6963    8429    
188    1964 7927    7656    8003    8270    7257    8064    8369    8377    7986    6916    7460    7400    7983    7945    8261    8980    7981    8160    7700    
188    1965 7795    7861    7968    7734    7328    8490    8081    7200    8364    7819    6683    7461    7903    8981    8568    8177    8855    7187    6358    
188    1966 7861    7264    8297    6688    7339    8675    8702    7094    6604    7419    6710    7868    7707    9265    9023    9167    8955    7977    6432    
188    1967 8237    7895    8450    7413    7560    9060    8538    7865    8000    8155    7837    6697    8880    9132    9161    9003    8626    7983    7503    
188    1968 -999999 8038    8739    7686    8421    9155    -999999 7561    8014    8539    8980    7761    8680    9484    9287    8233    -999999 7267    7152    
188    1969 6785    -999999 6945    6347    6086    7299    7403    6077    5754    6319    5783    6145    6887    7558    7439    7847    7513    6847    7158    
188    1970 7024    6826    7185    6737    6374    7546    7166    6471    6564    6377    6610    6142    7260    7748    7619    7733    7397    6360    7961    
188    1971 7218    7016    7451    7369    6417    7808    7480    7619    6436    6248    6533    6474    7290    7774    8342    8283    7274    6890    7374    
188    1972 7280    6916    7492    6952    6603    7685    7946    6500    6983    6481    6807    6529    6647    8032    8342    8583    7819    7440    7190    
188    1973 7554    7384    7592    7292    6988    8064    7815    7181    7529    7158    7033    6774    7303    8090    8774    7547    7771    8130    7352    
188    1974 -999999 7284    -999999 7102    6884    7827    -999999 6884    7068    6506    7843    6332    6827    8197    8426    -999999 5968    5633    5632    
188    1975 7283    5926    7680    5969    6605    8135    7676    5884    6436    6045    6307    7455    7880    8245    8271    7890    7661    7477    7777    
188    1976 7273    7332    7597    7459    6483    8047    7513    7239    7355    6487    6890    6084    7097    8216    8797    8490    6829    7243    6581    
188    1977 7374    6927    7671    6631    6941    8014    7891    6400    6943    7577    6130    7090    7753    8171    8110    8760    7606    7317    6606    
188    1978 7066    6886    7234    6770    6179    7664    7720    6787    6932    6084    6443    6019    7233    7668    8077    7963    7765    7430    6403    
188    1979 7270    6928    7672    6721    6602    8005    7487    6729    7064    6206    6803    6803    8110    8245    7665    8413    7132    6927    7158    
188    1980 7092    6947    7267    7065    6711    7249    7321    6955    7083    6435    6773    6926    7130    7258    7355    8170    7177    6620    7226    
188    1981 6822    6671    7370    6789    6125    8058    6936    6723    6379    5874    7070    5461    7073    8526    8542    7537    6510    6777    5387    
188    1982 7106    6335    7500    6209    6677    7776    7263    6642    6639    6100    7227    6723    7047    8187    8071    7730    6806    7267    6819    
188    1983 7209    6770    7553    6888    6246    8291    7233    6777    7086    5913    6410    6419    7790    8290    8777    7603    6884    7223    7329    
188    1984 6966    6700    7583    6589    6415    8582    6505    6323    6083    6335    6360    6548    7840    9206    8674    6813    6800    5893    6629    
188    1985 7052    6400    7350    6600    6177    7640    7643    7142    5968    5910    6757    5884    7450    7671    7794    8570    7910    6440    7055    
188    1986 -999999 6817    -999999 6797    6350    -999999 7144    5968    7429    6148    6060    6832    7877    -999999 7074    7340    7006    7090    5777    
188    1987 6682    6420    6963    6356    5914    7283    6641    6652    6668    5371    6303    6081    7157    7506    7181    7557    5887    6503    7342    
188    1988 6761    6116    7139    6240    6311    7368    7289    5884    5441    5610    6960    6384    7497    7216    7397    7397    7168    7307    6861    
188    1989 7127    7049    7292    7108    6624    7507    7435    7555    6886    6513    6173    7171    6910    8168    7423    7877    7406    7023    6384    
188    1990 6827    6757    7013    6416    6804    7434    6484    6471    6389    6842    6113    7435    6690    7768    7819    6183    6661    6600    6852    
188    1991 6955    6455    7184    6296    6373    7710    7377    6694    5239    6571    5323    7190    6613    8184    8297    7423    7484    7220    7013    
188    1992 6776    7106    6884    7053    6434    7287    6266    6877    7283    6774    5740    6765    6380    7890    7561    6917    6142    5743    7197    
188    1993 6985    6723    7213    7098    6699    7464    7096    7058    7032    7161    6140    6777    7477    7226    7690    7963    7397    5917    5977    
188    1994 7168    6460    7404    6410    6425    7932    7562    6629    6646    6194    6453    6629    7907    8345    7542    7540    7684    7457    6968    
188    1995 7440    7063    7689    6921    6514    8372    7820    6619    7204    6471    6617    6458    8063    8326    8716    7937    7787    7737    7345    
188    1996 7154    7012    7433    6815    6449    7714    7796    6894    6166    6113    7113    6142    7577    8106    7455    8227    7700    7463    6884    
188    1997 7201    7191    7228    7049    6861    7090    7665    7877    6314    6832    7233    6529    5820    7684    7726    8370    7771    6850    7297    
188    1998 7203    7101    7373    7116    6667    7688    7329    7026    7014    6632    6183    7171    6853    7968    8216    7803    7455    6723    7329    
188    1999 7336    6971    7466    7153    6412    8105    7758    7148    6964    6197    6840    6213    7237    8358    8694    7427    8210    7623    7084    
188    2000 7488    7509    8060    7276    7329    8637    6577    7558    7179    7384    6960    7632    8323    8561    9016    7830    6277    5633    7445    
188    2001 7331    6365    7822    6836    6516    8347    7799    6716    6293    5794    6373    7377    7773    8687    8561    8123    8016    7250    6913    
188    2002 7150    7288    7437    7119    6686    7598    7126    7277    7171    7090    6773    6197    6907    7984    7881    8887    6771    5733    7116    
188    2003 7108    6819    -999999 7014    6811    -999999 7090    6729    7218    7348    6280    6787    -999999 7242    7848    7810    7148    6310    7235    
188    2004 7031    6699    7157    6832    6350    7437    7523    6016    7272    6239    5987    6813    7257    7603    7445    7823    6916    7850    7187    
188    2005 7214    7100    7325    7010    6749    7626    7520    7397    6386    6819    6523    6897    7407    7523    7942    7647    7190    7733    7035    
188    2006 6905    6832    7124    6827    5858    7599    7221    6529    6925    5619    5657    6290    7827    7700    7277    7997    7084    6587    7387    
188    2007 7096    6753    7198    6828    6701    7220    7708    6894    6136    6368    7067    6681    6903    6823    7923    7800    7832    7487    7177    
188    2008 6771    6895    6948    6697    6155    7304    7122    6284    6624    5968    5980    6513    7240    7400    7271    7270    6910    7193    6606    
188    2009 6727    6501    7070    6399    6296    7024    7391    6290    6289    5716    6620    6561    7040    6739    7294    8187    7829    6143    6010    
188    2010 -999999 6618    -999999 6298    -999999 -999999 -999999 6603    6279    6794    -999999 -999999 -999999 -999999 -999999 -999999 -999999 -999999 -999999 
188    2011 -999999 -999999 -999999 -999999 -999999 -999999 -999999 -999999 -999999 -999999 -999999 -999999 -999999 -999999 -999999 -999999 -999999 -999999 -999999 
188    2012 -999999 -999999 -999999 -999999 -999999 -999999 -999999 -999999 -999999 -999999 -999999 -999999 -999999 -999999 -999999 -999999 -999999 -999999 -999999 
188    2013 -999999 -999999 -999999 -999999 -999999 -999999 -999999 -999999 -999999 -999999 -999999 -999999 -999999 -999999 -999999 -999999 -999999 -999999 -999999 
188    2014 -999999 -999999 -999999 -999999 -999999 -999999 -999999 -999999 -999999 -999999 -999999 -999999 -999999 -999999 -999999 -999999 -999999 -999999 -999999 
188    2015 -999999 -999999 -999999 -999999 -999999 -999999 -999999 -999999 -999999 -999999 -999999 -999999 -999999 -999999 -999999 -999999 -999999 7254    7194    
188    2016 6866    -999999 7072    6771    6307    7478    6804    6048    7093    6494    6163    6258    7150    7594    7681    7577    6758    6080    7490    
188    2017 6801    6740    6709    7103    6257    7159    6858    7310    6446    6306    6193    6268    6527    7290    7639    6300    6923    7350    6997    
188    2018 6854    6515    7099    6210    6337    7422    7453    6132    5425    6184    6710    6129    7640    7042    7590    7503    7419    7437    6958    
188    2019 6839    7010    6789    6912    6118    7211    7058    7100    6654    6471    5430    6432    7280    7126    7229    7223    7152    6797    7139    
188    2020 -999999 7007    6947    7089    6783    6860    -999999 7200    6917    6826    7017    6513    5990    7055    7506    7593    6627    -999999 -999999 
