EUROPEAN CLIMATE ASSESSMENT & DATASET (ECA&D), file created on: 16-11-2020
THESE DATA CAN BE USED FOR NON-COMMERCIAL RESEARCH AND EDUCATION PROVIDED THAT THE FOLLOWING SOURCE IS ACKNOWLEDGED: 

Klein Tank, A.M.G. and Coauthors, 2002. Daily dataset of 20th-century surface
air temperature and precipitation series for the European Climate Assessment.
Int. J. of Climatol., 22, 1441-1453.
Data and metadata available at http://www.ecad.eu

FILE FORMAT (MISSING VALUE CODE = -999999):

THIS FILE HOLDS DATA FOR STATION NORWAY                                   HOPEN                                    (STAID:    187)
LATITUDE: dd:mm:ss +76:30:00
LONGITUDE: ddd:mm:ss +025:04:00
ELEVATION: m    6

DATA IS FOR INDEX Mean of daily average relative humidity (RH) with unit 0.01 Relative humidity (%)

01-06 SOUID: Source identifier
08-11 YEAR : YYYY
13-20 ANNUAL DATA VALUES
21-28 WINTER HALF YEAR DATA VALUES
29-36 SUMMER HALF YEAR DATA VALUES
37-44 WINTER (DJF) DATA VALUES
45-52 SPRING (MAM) DATA VALUES
53-60 SUMMER (JJA) DATA VALUES
61-68 AUTUMN (SON) DATA VALUES
69-76 JANUARY DATA VALUES
etc. 
157-164 DECEMBER DATA VALUES

187    1956 9120    -999999 9140    -999999 9118    9325    8975    8852    8979    9213    9170    8974    9133    9397    9439    8713    9016    9193    9339    
187    1957 9179    9121    9243    9219    8918    9405    9278    9058    9264    8874    8993    8890    9140    9539    9529    9357    9568    8900    9039    
187    1958 8960    9037    9083    9016    8708    9347    8886    9129    8864    8700    8850    8577    9233    9565    9239    9027    8906    8723    8697    
187    1959 8960    8609    9197    8510    8617    9428    9192    8235    8607    8487    8697    8671    9110    9606    9558    9530    9123    8927    8948    
187    1960 9058    8931    9331    8757    9153    9489    8811    9052    8238    9252    9123    9084    9363    9613    9487    9310    7903    9250    9000    
187    1961 9184    8862    9337    9057    8965    9703    9031    9094    9079    8881    8887    9126    9580    9829    9697    8880    9429    8770    8929    
187    1962 9101    8936    9255    8978    8851    9427    9085    9023    8982    8484    9127    8952    9480    9668    9135    9167    8810    9287    9103    
187    1963 9229    8826    9490    8724    9050    9640    9510    8584    8461    8690    9003    9455    9747    9532    9645    9553    9777    9190    9052    
187    1964 9505    9490    9662    9410    9518    9763    9257    9516    9679    9726    9453    9374    9567    9881    9835    9860    9177    8737    9248    
187    1965 8930    8847    9192    8929    8642    9370    9034    8832    8682    8387    8987    8565    9100    9439    9561    9503    8571    9043    8500    
187    1966 8907    8704    9052    8584    8785    9388    8647    8403    8879    8855    9127    8384    9377    9519    9268    8640    8752    8547    9139    
187    1967 8844    8714    9057    8732    8722    9350    8785    8226    8843    8787    8523    8848    9317    9461    9271    8907    8626    8827    8503    
187    1968 9030    8749    9302    8742    8896    9570    8908    8832    8900    8816    8940    8932    9323    9661    9716    9227    8658    8847    8500    
187    1969 9303    8764    9401    8896    8741    9579    9778    9023    9193    8406    8687    9129    9163    9671    9890    9847    9674    9817    9139    
187    1970 8802    9036    8916    8523    8872    9111    8867    8065    8350    9129    8813    8671    9030    9406    8894    8673    9055    8867    8639    
187    1971 8738    8726    8813    8822    8173    9298    8481    8523    9357    7981    8023    8510    8940    9648    9294    8430    8394    8623    9168    
187    1972 8788    8762    8904    8952    8612    9124    8618    8958    8714    8710    8420    8700    9027    9158    9184    8927    7994    8953    8716    
187    1973 9195    8716    9228    8810    8785    9568    9324    8768    8961    8939    8910    8510    9573    9584    9548    9243    9168    9567    9565    
187    1974 9194    9468    9447    9459    9612    9597    8523    9597    9189    9700    9413    9716    9857    9823    9119    8743    8565    8260    8332    
187    1975 8081    8243    8399    8157    8028    8655    7934    8148    7971    8155    8000    7929    8433    8887    8639    8500    7519    7797    6990    
187    1976 8015    7640    8150    7425    8050    8359    7907    7574    7731    8239    7730    8171    8463    8342    8274    7910    7771    8043    7919    
187    1977 7830    7868    7852    8013    7513    8063    7864    8255    7850    7374    7540    7626    7837    8116    8229    7750    7694    8153    7532    
187    1978 7506    7562    7615    7370    7426    7786    7504    7358    7204    7413    7287    7574    7280    7858    8203    7460    7426    7630    7335    
187    1979 -999999 7355    -999999 7230    7143    -999999 -999999 7148    7204    7384    6850    7187    7497    7758    -999999 -999999 8800    8820    8726    
187    1980 9138    8904    9232    8884    8943    9441    9211    8865    9072    9152    8967    8713    9410    9597    9316    9390    9123    9123    8939    
187    1981 8936    8936    9068    8940    8566    9288    9045    8745    9157    8555    8703    8445    9053    9358    9445    9400    8945    8793    8658    
187    1982 8835    8652    8925    8424    8505    9252    9136    8155    8464    8884    8470    8161    8933    9629    9184    9167    9042    9203    8703    
187    1983 8839    8801    8754    8708    8161    9092    9257    8803    8607    8442    8173    7868    8817    9287    9165    9210    9274    9287    9119    
187    1984 -999999 -999999 9010    -999999 8860    9182    8836    -999999 9328    8832    9020    8732    8880    9597    9058    8760    8948    8797    8916    
187    1985 8983    8864    8991    8958    8702    9176    8874    8858    9114    8571    8853    8687    9203    9326    9000    8877    8503    9253    9574    
187    1986 8735    8884    8742    9010    8405    9179    8541    9390    7964    8539    7673    8981    9220    9406    8913    8220    8587    8813    9006    
187    1987 8778    8938    8796    9037    9082    8745    8599    8916    9204    9123    9070    9052    8663    8974    8594    8413    8671    8710    7974    
187    1988 8572    8363    8781    8267    8303    9101    8621    8306    8538    8003    8333    8574    8767    9265    9261    8460    8881    8513    7958    
187    1989 8539    8295    8686    8097    8241    8914    8570    8216    8118    8071    8397    8261    8703    9213    8819    8713    8429    8573    8923    
187    1990 8723    8828    8584    9097    8083    8968    8698    9126    9257    8694    8143    7413    8867    9168    8868    9053    8497    8550    9084    
187    1991 8851    8746    8860    8831    8527    9207    8964    8503    8914    8935    8163    8471    9257    9142    9223    8893    9010    8987    8716    
187    1992 8652    8775    8789    8662    8565    8865    8531    8855    8397    8668    8950    8090    8800    8448    9345    9113    7594    8917    8665    
187    1993 8712    8437    8823    8420    8440    9297    8598    8374    8200    8868    7810    8623    8953    9303    9623    8593    8203    9010    8919    
187    1994 9148    8900    9226    8954    9208    9252    9087    8877    9079    9332    9193    9097    9170    9529    9055    9310    8887    9070    9174    
187    1995 9001    8942    9300    8983    8848    9498    8777    8632    9161    8755    8967    8826    9493    9516    9484    9517    7994    8847    8861    
187    1996 8825    8739    8786    8978    8293    9107    9055    8994    9086    8681    8273    7926    9377    8919    9032    9207    8865    9100    8481    
187    1997 9120    8843    9112    8591    9066    9224    9331    8477    8839    9306    9077    8816    8663    9458    9532    9110    9255    9630    9245    
187    1998 9076    9352    9179    9268    9258    9393    8647    9284    9275    9426    9360    8990    9163    9539    9471    8533    8539    8873    8465    
187    1999 8722    8698    8842    8626    8722    9009    8527    8642    8786    8897    8537    8726    8853    9071    9097    8753    8106    8737    8465    
187    2000 8731    8580    8721    8658    8624    8832    8820    8771    8745    8671    8447    8748    8670    8858    8961    8627    8961    8867    8439    
187    2001 8680    8687    8911    8596    8574    9076    8375    8587    8779    8506    8633    8584    8883    9165    9174    9023    8087    8023    8719    
187    2002 8647    8395    8742    8664    8364    9097    8560    8561    8718    8281    8690    8132    9027    9035    9226    8337    8668    8673    8426    
187    2003 8613    8474    8778    8439    8335    9128    8677    8110    8818    8187    8353    8465    8850    9326    9200    8450    8748    8830    8042    
187    2004 8582    8396    8980    8074    8735    9186    8088    8148    8028    8568    8763    8874    9283    9352    8926    8677    7935    7657    8735    
187    2005 8597    8306    8726    8603    8351    9079    8442    8626    8432    8442    8127    8477    9100    8887    9252    8500    8045    8767    8461    
187    2006 8559    8353    8793    8326    8515    9109    8245    8387    8107    8319    9070    8174    8947    9277    9097    8190    7877    8680    8565    
187    2007 8615    8526    8792    8542    8528    9114    8422    8581    8475    8977    8163    8432    9177    9239    8929    8803    8390    8073    8123    
187    2008 8707    8362    8814    8416    8483    8874    8844    8461    8683    8452    8487    8510    8667    9042    8906    9270    8526    8747    8745    
187    2009 8935    8839    8945    8876    8724    9177    9046    8887    9007    9135    8270    8752    8870    9206    9445    9110    8632    9410    8494    
187    2010 8902    8802    9125    8756    8875    9066    8741    8961    8818    8516    8987    9126    9013    9297    8887    9440    8723    8060    8981    
187    2011 8976    8697    9203    8900    8773    9367    8810    8900    8811    8700    9023    8603    9057    9532    9503    9497    8516    8427    9126    
187    2012 8816    8752    9011    8910    8796    9186    8644    8884    8707    8842    8703    8839    9177    9297    9084    8960    8697    8273    8316    
187    2013 8539    8441    9056    8390    8752    9167    7937    8245    8632    8494    8860    8906    8987    9223    9287    9067    7345    7420    8013    
187    2014 8508    8019    8551    8494    7966    8987    8413    8484    9039    7890    7923    8084    8910    9184    8865    8327    8565    8343    8519    
187    2015 8786    8511    9093    8437    8748    9309    8762    8458    8321    8835    8617    8787    9203    9223    9497    9223    8577    8490    8168    
187    2016 8694    8500    8955    8437    8702    8995    8778    8435    8728    8616    8283    9194    8787    9361    8829    9260    8897    8173    7761    
187    2017 8671    8232    8888    7913    8399    9153    8889    7842    8161    8548    8383    8265    9067    9323    9068    9223    8890    8553    8694    
187    2018 8642    8521    8955    8581    8425    9190    8529    8690    8336    7948    8280    9042    8930    9381    9252    8820    8571    8193    8219    
187    2019 8684    8308    8944    8229    8560    9051    8680    8490    7950    8387    8637    8658    8827    9261    9058    9217    8348    8487    8835    
187    2020 -999999 8457    9104    8503    8538    9427    -999999 8194    8479    8403    8147    9052    9210    9635    9429    9127    8490    -999999 -999999 
