EUROPEAN CLIMATE ASSESSMENT & DATASET (ECA&D), file created on: 16-11-2020
THESE DATA CAN BE USED FOR NON-COMMERCIAL RESEARCH AND EDUCATION PROVIDED THAT THE FOLLOWING SOURCE IS ACKNOWLEDGED: 

Klein Tank, A.M.G. and Coauthors, 2002. Daily dataset of 20th-century surface
air temperature and precipitation series for the European Climate Assessment.
Int. J. of Climatol., 22, 1441-1453.
Data and metadata available at http://www.ecad.eu

FILE FORMAT (MISSING VALUE CODE = -999999):

THIS FILE HOLDS DATA FOR STATION GERMANY                                  HAMBURG BERGEDORF                        (STAID:     46)
LATITUDE: dd:mm:ss +53:28:50
LONGITUDE: ddd:mm:ss +010:14:34
ELEVATION: m   35

DATA IS FOR INDEX Mean of daily average relative humidity (RH) with unit 0.01 Relative humidity (%)

01-06 SOUID: Source identifier
08-11 YEAR : YYYY
13-20 ANNUAL DATA VALUES
21-28 WINTER HALF YEAR DATA VALUES
29-36 SUMMER HALF YEAR DATA VALUES
37-44 WINTER (DJF) DATA VALUES
45-52 SPRING (MAM) DATA VALUES
53-60 SUMMER (JJA) DATA VALUES
61-68 AUTUMN (SON) DATA VALUES
69-76 JANUARY DATA VALUES
etc. 
157-164 DECEMBER DATA VALUES

46     1912 8273    -999999 7745    -999999 7673    7864    8720    8629    8900    8581    6980    7435    7677    7503    8406    8467    8558    9140    9013    
46     1913 8021    8543    7545    8596    7163    7857    8486    8561    8171    7800    6830    6848    7177    8055    8316    8023    8497    8937    9019    
46     1914 8122    8624    7566    8654    7584    7770    8570    8577    8336    8361    7097    7277    7533    7761    8006    7707    9000    8990    8800    
46     1915 8148    8837    7436    8873    7484    7539    8587    8990    8825    8423    7510    6519    6020    7945    8603    7993    8932    8823    9184    
46     1916 8525    8950    8113    8973    8137    8293    8664    8961    8759    9023    7670    7703    8157    8300    8419    8427    8716    8847    9303    
46     1917 7965    8712    7202    8833    7259    7135    8769    8500    8682    8223    7553    6010    6297    7177    7903    8287    8784    9237    8977    
46     1918 8594    8957    8084    9043    8025    8112    8978    9252    8886    8606    8740    6752    7117    8239    8948    8717    8903    9317    9668    
46     1919 8465    9166    7809    9392    7730    8071    8819    9310    9179    8626    7987    6587    7390    8413    8387    8093    9039    9317    9290    
46     1920 8383    8939    8190    9157    8112    7982    8275    9255    8910    7835    8500    8013    7173    7974    8771    8700    7974    8160    9326    
46     1921 8076    8519    7496    9012    7577    7543    8251    9065    8607    7981    7690    7065    7487    7413    7729    7603    8287    8860    9161    
46     1922 -999999 8717    7905    8918    7772    7936    -999999 8884    8686    8426    7973    6923    7253    8235    8297    8760    8606    -999999 -999999 
46     1923 8602    -999999 8272    -999999 8134    8316    8911    9171    8854    8539    7367    8471    8330    7874    8745    8833    8781    9123    9135    
46     1924 8408    8679    8161    8756    7988    8121    8704    8687    8424    7919    8127    7923    7893    7845    8616    8563    8835    8710    9345    
46     1925 8325    8825    7757    8973    7727    7779    8867    8990    8543    8497    7453    7223    7563    7348    8419    8543    8803    9257    9265    
46     1926 8575    9045    8148    9286    7995    8217    8819    9161    9446    8381    7707    7887    8110    8168    8371    8643    8819    8993    9265    
46     1927 8544    8854    8266    8997    7980    8420    8948    9200    8475    8342    8163    7442    8153    8194    8903    8747    8961    9137    8803    
46     1928 8248    8604    7800    8807    7340    7854    8851    9206    8383    7139    7570    7319    7667    7765    8126    8360    9006    9180    9258    
46     1929 -999999 8853    -999999 8686    -999999 -999999 8393    8868    7850    8871    7630    -999999 -999999 -999999 -999999 7363    8823    8980    8803    
46     1930 -999999 -999999 7963    -999999 8003    7677    8889    -999999 -999999 8097    7943    7968    7037    7648    8326    8853    8774    9043    9394    
46     1931 8405    8890    8066    9217    7704    8218    8592    9171    9071    7906    7630    7574    7973    8439    8235    8543    8342    8900    9116    
46     1932 8269    8534    7943    8832    7720    7750    8892    9235    8097    7500    7790    7871    7303    7855    8077    8760    8997    8917    8806    
46     1933 8132    8586    7676    8648    7550    7693    8604    8626    8496    7677    7427    7542    7393    7897    7781    8010    8697    9103    8948    
46     1934 8118    8862    7307    8976    7651    7293    8436    9071    8900    8465    7330    7148    7000    7081    7790    7490    8677    9133    9361    
46     1935 8084    8702    7586    8953    7265    7726    8549    9048    8396    7577    7773    6461    7717    7674    7787    8133    8577    8937    8968    
46     1936 8424    8769    7985    8952    8168    7801    8743    9013    8869    8265    8127    8113    6933    8271    8171    8273    8797    9157    9087    
46     1937 8538    8841    8186    8824    8254    8162    8849    8274    9143    8626    8393    7748    7813    8294    8368    8503    8935    9107    9294    
46     1938 8174    8854    7539    9017    7436    7636    8766    9203    8504    8058    7413    6835    7427    8174    7300    8093    8913    9287    8900    
46     1939 8191    8865    7614    8946    7633    7563    8687    9184    8732    8177    7977    6755    6720    7768    8174    8293    8832    8930    8777    
46     1940 8173    8667    7802    8548    7867    7800    8464    8503    8352    8597    7663    7335    7180    8006    8194    8430    8200    8770    8842    
46     1941 8109    8466    7663    8610    7474    7838    8454    8281    8718    8023    7587    6816    7350    7574    8574    8077    8587    8693    9065    
46     1942 8082    8562    7531    8699    7259    7677    8733    8358    8671    8013    6883    6868    7143    8065    7806    8417    8813    8967    9010    
46     1943 8043    8459    7704    8819    6905    7925    8463    8797    8632    6568    7603    6568    7973    7671    8132    8300    8077    9023    9248    
46     1944 8221    8648    7611    8940    7630    7648    8703    9026    8517    7997    7310    7574    8000    7939    7016    7837    8958    9307    9177    
46     1945 8399    8945    7985    9088    7800    8153    8687    9042    9039    8165    7713    7519    7713    8345    8387    8220    8706    9133    8842    
46     1946 8170    8642    7646    8624    7551    7655    8764    8371    8664    8152    7320    7174    7860    7371    7742    8433    8668    9193    9139    
46     1947 7975    8767    7319    8703    7363    7543    8338    8768    8150    8639    7270    6177    7223    7910    7487    7857    8071    9097    9055    
46     1948 8322    8619    7984    8874    7549    8218    8738    9106    8431    7958    7050    7623    7763    8410    8468    8573    8774    8867    8816    
46     1949 8075    8570    7646    8663    7555    7673    8400    8494    8682    7806    7460    7397    7683    7813    7523    8007    8155    9047    8890    
46     1950 8147    8556    7654    8632    7900    7352    8722    8497    8496    8261    7973    7468    6873    7555    7613    8453    8619    9097    8884    
46     1951 8077    8728    7559    8869    7492    7600    8341    8935    8779    8071    7227    7171    7277    7735    7777    8167    7735    9140    8961    
46     1952 8182    8408    7714    8838    7061    7935    8789    8971    8566    7110    6890    7177    7830    7777    8194    8417    8742    9210    9316    
46     1953 8171    8863    7549    9180    7338    7654    8548    9171    9039    7729    7010    7265    7640    7523    7800    8057    8710    8873    9281    
46     1954 8112    8548    7701    8472    7362    8005    8691    8313    7754    8290    7107    6681    7287    8290    8416    8413    8865    8790    9081    
46     1955 8123    8630    7643    8673    7561    7638    8660    8639    8261    8113    7460    7106    7507    7658    7745    8397    8845    8733    9016    
46     1956 7966    8475    7582    8618    7310    7721    8309    8584    8228    7435    7620    6884    7680    7271    8210    7840    8497    8583    8777    
46     1957 8009    8499    7486    8734    7297    7464    8514    8710    8714    7739    7217    6932    6900    7374    8100    8397    8745    8393    8923    
46     1958 8232    8559    7759    8720    7750    7779    8618    8729    8486    8065    7587    7594    7470    7839    8019    8040    8610    9203    9148    
46     1959 7692    8682    6999    8917    7328    6828    7814    8713    8886    7568    7650    6777    6393    6700    7377    7103    7258    9100    8874    
46     1960 8096    8280    7604    8609    7218    7810    8642    8674    8255    7545    7120    6987    7097    7881    8429    8093    8945    8877    9219    
46     1961 8207    8771    7804    8880    7770    7789    8576    8610    8804    8177    7260    7855    7230    7855    8265    8340    8484    8907    8723    
46     1962 -999999 8582    7908    8603    8047    7814    -999999 8823    8229    8303    8007    7829    7107    8165    8148    8180    -999999 -999999 -999999 
