EUROPEAN CLIMATE ASSESSMENT & DATASET (ECA&D), file created on: 16-11-2020
THESE DATA CAN BE USED FOR NON-COMMERCIAL RESEARCH AND EDUCATION PROVIDED THAT THE FOLLOWING SOURCE IS ACKNOWLEDGED: 

Klein Tank, A.M.G. and Coauthors, 2002. Daily dataset of 20th-century surface
air temperature and precipitation series for the European Climate Assessment.
Int. J. of Climatol., 22, 1441-1453.
Data and metadata available at http://www.ecad.eu

FILE FORMAT (MISSING VALUE CODE = -999999):

THIS FILE HOLDS DATA FOR STATION GREECE                                   LARISSA                                  (STAID:     62)
LATITUDE: dd:mm:ss +39:39:00
LONGITUDE: ddd:mm:ss +022:27:00
ELEVATION: m   73

DATA IS FOR INDEX Mean of daily average relative humidity (RH) with unit 0.01 Relative humidity (%)

01-06 SOUID: Source identifier
08-11 YEAR : YYYY
13-20 ANNUAL DATA VALUES
21-28 WINTER HALF YEAR DATA VALUES
29-36 SUMMER HALF YEAR DATA VALUES
37-44 WINTER (DJF) DATA VALUES
45-52 SPRING (MAM) DATA VALUES
53-60 SUMMER (JJA) DATA VALUES
61-68 AUTUMN (SON) DATA VALUES
69-76 JANUARY DATA VALUES
etc. 
157-164 DECEMBER DATA VALUES

62     1955 6699    -999999 5589    -999999 6777    4726    7644    8429    7111    7213    7403    5735    4877    4339    4968    6267    8206    8440    7529    
62     1956 6845    8107    5815    8220    7022    5123    6914    8745    8328    7361    6730    6965    5790    4629    4971    5837    6648    8267    7935    
62     1957 6473    7341    5387    7514    6596    4452    7308    7629    6921    6632    6643    6513    4457    4500    4400    5837    7700    8373    8100    
62     1958 6385    7726    5203    7541    6839    3990    7165    7629    6825    7661    6977    5884    4030    4113    3829    6447    6713    8350    8216    
62     1959 6702    7479    5780    7378    7171    4874    7324    7526    6286    7697    7133    6681    5183    4813    4635    6273    7345    8353    8458    
62     1960 6740    7811    5842    7789    7380    4682    7145    7703    7166    7819    7403    6919    5163    4390    4506    6723    6945    7773    8394    
62     1961 6544    7481    5617    7817    6579    5029    6784    8006    6968    6761    7030    5961    5190    4887    5016    5650    6939    7757    8387    
62     1962 6605    7724    5148    8060    6533    4416    7432    8552    7154    7500    6677    5426    4530    4432    4290    5573    8013    8690    8445    
62     1963 6825    8018    5838    8016    7432    4817    7212    7684    7907    7381    7477    7439    5313    4677    4477    5677    7926    8010    8016    
62     1964 6858    7710    6145    7355    7285    5707    6962    6852    7186    8245    6787    6806    6317    5487    5335    6163    6845    7880    8400    
62     1965 6520    7642    5616    7942    7089    4795    6460    8032    7336    7335    7270    6668    4767    4845    4771    5393    6439    7550    7881    
62     1966 6612    7343    5663    7601    6763    4975    7027    7671    7214    7300    6930    6065    5437    4287    5216    6093    6687    8313    8194    
62     1967 6874    7622    6111    7887    6786    5580    7247    7713    7739    7119    6883    6358    5327    5665    5742    6710    7048    7990    8261    
62     1968 6621    7737    5560    8059    6764    4923    6734    8039    7866    7235    6827    6232    5683    4165    4945    5553    6848    7797    8319    
62     1969 6443    7857    5150    8100    6823    4228    6477    8135    7818    8219    6600    5642    4397    3987    4306    6020    6155    7267    8852    
62     1970 6586    7620    5427    8293    6533    4980    6791    8542    7400    7471    6200    5916    5437    4813    4706    5520    7206    7633    8216    
62     1971 6757    7931    5751    8323    6993    5037    6712    8616    8118    7806    7407    5781    4973    4984    5152    6257    6542    7343    8203    
62     1972 7113    7821    6179    8640    7073    5398    7338    8868    8862    7161    7777    6303    4797    5826    5552    6847    7697    7460    8268    
62     1973 6692    7914    5489    8298    6420    4870    7025    8719    7864    7458    6323    5474    4653    4842    5106    6567    7074    7433    8845    
62     1974 6496    7877    5402    8296    7213    4385    6604    8052    7957    7894    7680    6081    5010    3800    4365    5543    6165    8120    7445    
62     1975 6444    7119    5614    7146    6489    5280    6653    7371    6564    7029    5980    6442    5480    4700    5668    5413    6742    7800    8110    
62     1976 6633    7417    5824    7585    6904    5237    6951    6932    7721    7232    6660    6813    5067    4961    5677    5767    7268    7807    7719    
62     1977 6232    7516    4922    7599    6133    4232    6957    7752    7296    7242    5977    5174    4473    4023    4206    5727    7045    8097    7852    
62     1978 6410    7536    5320    7750    6574    4305    6984    7761    7625    6865    7153    5723    4293    4074    4548    6183    7042    7723    8042    
62     1979 6867    7592    5899    7892    7178    5025    7356    7819    7807    7145    7180    7210    4967    4758    5348    5947    7945    8157    8174    
62     1980 6817    7966    5916    7945    7418    5020    7024    8000    7641    7865    7367    7023    5380    4381    5310    6073    7097    7900    7800    
62     1981 6521    7710    5503    7898    6893    4750    6452    8045    7843    7597    6937    6148    4863    4174    5216    5713    6394    7250    8158    
62     1982 7083    7494    6265    7944    7609    5258    7522    7958    7693    7523    8107    7213    5530    4813    5439    6533    7710    8317    8223    
62     1983 6568    7663    5635    7690    6197    5413    6801    7526    7282    6906    6353    5335    5517    5390    5335    5907    6410    8100    8806    
62     1984 6830    7956    5793    8466    7371    4860    6904    8023    8576    7865    7903    6361    4833    4019    5726    5957    6594    8173    8023    
62     1985 6568    7716    5266    7787    6860    4609    6997    8297    6961    8190    6380    5994    4603    4687    4535    5413    7300    8267    8171    
62     1986 6662    8012    5437    8026    7047    4834    6846    7661    8268    8439    6373    6306    4807    4919    4774    5453    6935    8147    7955    
62     1987 6894    7775    5613    7964    7030    4839    7447    7810    8146    7703    7107    6284    4760    4519    5235    5797    7955    8573    8916    
62     1988 6432    8178    5131    8496    6710    4192    6463    8819    7700    7087    7213    5845    4270    3855    4455    5187    6326    7880    8587    
62     1989 6307    7429    5290    7729    6313    4802    6510    7671    6843    7226    5897    5803    4787    5045    4574    5650    6481    7400    8313    
62     1990 6068    6927    4951    7462    5468    4410    6752    7568    6404    5361    5737    5316    4080    4113    5026    5450    6826    7977    8955    
62     1991 6905    7976    6125    8336    7457    5410    7055    8026    7993    8081    7670    6626    4927    5461    5826    6257    6619    8303    7168    
62     1992 6172    6852    5581    6805    6135    5141    6348    7019    6190    5816    6440    6158    5317    5506    4606    5477    6381    7187    7958    
62     1993 6144    7100    5027    7509    6238    4268    6607    7319    7221    6548    5677    6471    4200    4058    4545    5210    6123    8503    7926    
62     1994 6533    7740    5247    8278    6598    4588    6767    8513    8407    7058    7010    5739    4090    4674    4984    4997    7435    7847    7752    
62     1995 6427    7590    5438    7787    6065    5223    6469    8258    7304    6926    6100    5171    4550    5323    5774    5710    6587    7107    8332    
62     1996 6945    7715    5667    8260    6873    4995    7347    8352    8086    7829    7083    5713    4230    4729    6000    6267    7690    8073    9297    
62     1997 6725    7946    5630    8436    6177    5286    7201    8761    7121    6655    6677    5216    5147    4735    5971    6063    6965    8583    8829    
62     1998 6607    7934    5536    8479    6508    4753    6988    8723    7821    6694    5970    6842    5560    3787    4939    6150    6948    7867    8077    
62     1999 6571    7600    5578    7949    6386    4927    7090    8242    7482    6981    6517    5665    4497    4955    5316    6543    6781    7957    7981    
62     2000 6072    7278    4739    7479    5946    4009    6857    7035    7417    6526    6187    5132    3930    3758    4335    5123    7552    7873    8045    
62     2001 5947    7473    4980    7904    5838    4464    5612    8568    7014    5752    6053    5716    3777    4594    5000    4727    5674    6433    8065    
62     2002 6767    6819    5958    7464    6547    5022    7832    7784    6446    6461    7333    5871    4333    5055    5655    7547    7468    8493    8748    
62     2003 6776    7920    5738    8239    6551    5182    7308    8448    7443    6894    6663    6100    5447    4687    5419    6147    7181    8600    8335    
62     2004 6601    7660    5742    7684    6778    5080    6838    7910    6745    7161    7067    6116    5700    4597    4965    6060    7206    7237    8445    
