EUROPEAN CLIMATE ASSESSMENT & DATASET (ECA&D), file created on: 16-11-2020
THESE DATA CAN BE USED FOR NON-COMMERCIAL RESEARCH AND EDUCATION PROVIDED THAT THE FOLLOWING SOURCE IS ACKNOWLEDGED: 

Klein Tank, A.M.G. and Coauthors, 2002. Daily dataset of 20th-century surface
air temperature and precipitation series for the European Climate Assessment.
Int. J. of Climatol., 22, 1441-1453.
Data and metadata available at http://www.ecad.eu

FILE FORMAT (MISSING VALUE CODE = -999999):

THIS FILE HOLDS DATA FOR STATION ICELAND                                  STYKKISHOLMUR                            (STAID:     67)
LATITUDE: dd:mm:ss +65:04:26
LONGITUDE: ddd:mm:ss -022:44:00
ELEVATION: m   13

DATA IS FOR INDEX Mean of daily average relative humidity (RH) with unit 0.01 Relative humidity (%)

01-06 SOUID: Source identifier
08-11 YEAR : YYYY
13-20 ANNUAL DATA VALUES
21-28 WINTER HALF YEAR DATA VALUES
29-36 SUMMER HALF YEAR DATA VALUES
37-44 WINTER (DJF) DATA VALUES
45-52 SPRING (MAM) DATA VALUES
53-60 SUMMER (JJA) DATA VALUES
61-68 AUTUMN (SON) DATA VALUES
69-76 JANUARY DATA VALUES
etc. 
157-164 DECEMBER DATA VALUES

67     1949 8260    -999999 8169    -999999 7836    8373    8487    8458    8236    8165    7783    7558    8117    8687    8306    8563    8613    8280    8339    
67     1950 8116    8237    8068    8108    7858    8313    8149    8129    7829    8194    7470    7897    8260    8242    8435    8090    8123    8237    8442    
67     1951 8197    8248    8131    8357    8186    8009    8229    8203    8432    8068    7920    8561    8020    7894    8113    8270    8277    8137    8481    
67     1952 8316    8274    8337    8337    8324    8179    8513    8110    8428    8216    8417    8342    8037    8352    8145    8737    8390    8417    8226    
67     1953 8287    8342    8209    8297    8183    8285    8313    8148    8539    8355    8050    8139    8190    8345    8316    8210    8287    8443    8435    
67     1954 8233    8348    8172    8338    8191    8286    8180    8497    8054    8345    8107    8119    8077    8339    8435    7943    8348    8243    8255    
67     1955 8006    8154    8032    8111    7829    8150    8122    8023    8050    8000    8120    7377    7943    8139    8361    8260    7913    8200    7710    
67     1956 8021    7945    8021    7895    7874    8015    8269    7600    8407    7877    7960    7787    7773    8216    8048    8340    8213    8257    7810    
67     1957 7954    8007    7904    7860    7837    8024    8040    8029    7729    7984    7910    7619    7760    8019    8284    7823    8268    8020    7971    
67     1958 8054    7994    8085    7963    7755    8228    8297    7929    7993    7784    8177    7319    8243    8187    8255    8347    8129    8420    7887    
67     1959 8065    8091    8090    7962    8032    8139    8044    7823    8200    8106    7890    8094    7867    8274    8268    8133    8110    7887    8132    
67     1960 8058    8052    8049    8085    8091    8022    8062    8229    7879    8061    8323    7897    8157    7826    8087    8017    8242    7920    8055    
67     1961 8042    8062    8054    8030    8112    8017    8105    7890    8157    8110    8133    8094    7340    8345    8345    8047    8042    8230    7768    
67     1962 8060    8035    8005    8047    7845    8122    8120    8271    8107    7803    7977    7758    7990    8165    8206    7933    8397    8020    8084    
67     1963 8207    8146    8210    8100    8190    8298    8138    8074    8146    8148    8387    8042    8343    8284    8268    7940    8300    8170    8374    
67     1964 8036    8262    7846    8346    8013    7746    8168    8303    8362    8065    8107    7871    7473    7906    7848    7870    8219    8413    8010    
67     1965 7934    8031    7940    8067    7753    7937    8040    7945    8264    7368    7907    7990    7890    7994    7926    7933    8374    7800    7839    
67     1966 7957    7790    7953    7583    7938    7962    8116    7587    7296    7797    8043    7977    8083    7816    7990    7810    7981    8563    8494    
67     1967 8347    8684    8018    8853    8332    7965    8268    8961    9132    9010    8357    7629    7693    8058    8135    8243    8358    8200    8429    
67     1968 8114    8299    8034    8336    8040    8041    8099    8255    8324    8226    8183    7716    7760    8306    8048    8190    7868    8247    8252    
67     1969 8136    8077    8152    8127    8046    8191    8214    8155    7957    7977    8277    7890    8210    8006    8358    8177    8319    8143    8155    
67     1970 8055    8081    8070    8034    8155    7997    8026    7961    7982    7916    8333    8223    7910    7874    8203    7877    8165    8033    8174    
67     1971 7916    7908    8010    7710    8100    7863    8126    7168    7796    8106    8117    8077    7697    8061    7826    8283    8058    8040    7771    
67     1972 8019    7908    8010    7821    7809    8126    8204    7797    7900    7887    7953    7590    7887    8468    8016    8147    8303    8160    8113    
67     1973 7840    8064    7963    7987    7913    7962    7888    8139    7679    7955    8190    7603    7823    8052    8006    8110    7977    7573    6965    
67     1974 7906    7758    7843    7626    7924    7829    8080    8129    7800    8103    8123    7552    7970    7629    7894    7903    8116    8220    7445    
67     1975 7782    7722    7870    7470    7761    7959    7935    7045    7968    7577    7927    7784    7663    7897    8306    7633    8235    7927    7445    
67     1976 7863    7758    7999    7555    7848    8059    7911    7371    7869    7713    7950    7884    7870    8194    8106    7983    7894    7857    7668    
67     1977 7857    7784    7886    7608    7832    8039    7966    7439    7729    8113    7813    7568    7940    8271    7903    7820    8281    7787    7603    
67     1978 -999999 7773    -999999 7574    7634    -999999 -999999 7506    7618    7829    7590    7481    7667    8035    -999999 -999999 -999999 -999999 -999999 
67     1979 -999999 -999999 -999999 -999999 -999999 -999999 -999999 -999999 -999999 -999999 -999999 -999999 -999999 -999999 -999999 -999999 -999999 -999999 -999999 
67     1980 -999999 -999999 -999999 -999999 -999999 -999999 -999999 -999999 -999999 -999999 -999999 -999999 -999999 -999999 -999999 -999999 -999999 -999999 -999999 
67     1981 -999999 -999999 -999999 -999999 -999999 -999999 -999999 -999999 -999999 -999999 -999999 -999999 -999999 -999999 -999999 -999999 -999999 -999999 -999999 
67     1982 -999999 -999999 -999999 -999999 -999999 -999999 -999999 -999999 -999999 -999999 -999999 -999999 -999999 -999999 -999999 -999999 -999999 -999999 -999999 
67     1983 -999999 -999999 -999999 -999999 -999999 -999999 -999999 -999999 -999999 -999999 -999999 -999999 -999999 -999999 -999999 -999999 -999999 -999999 -999999 
67     1984 -999999 -999999 -999999 -999999 -999999 -999999 -999999 -999999 -999999 -999999 -999999 -999999 -999999 -999999 -999999 -999999 -999999 -999999 -999999 
67     1985 -999999 -999999 -999999 -999999 -999999 -999999 -999999 -999999 -999999 -999999 -999999 -999999 -999999 -999999 -999999 -999999 -999999 -999999 -999999 
67     1986 -999999 -999999 -999999 -999999 -999999 -999999 -999999 -999999 -999999 -999999 -999999 -999999 -999999 -999999 -999999 -999999 -999999 -999999 -999999 
67     1987 -999999 -999999 -999999 -999999 -999999 -999999 -999999 -999999 -999999 -999999 -999999 -999999 -999999 -999999 -999999 -999999 -999999 -999999 -999999 
67     1988 -999999 -999999 -999999 -999999 -999999 -999999 -999999 -999999 -999999 -999999 -999999 -999999 -999999 -999999 -999999 -999999 -999999 -999999 -999999 
67     1989 -999999 -999999 -999999 -999999 -999999 -999999 -999999 -999999 -999999 -999999 -999999 -999999 -999999 -999999 -999999 -999999 -999999 -999999 -999999 
67     1990 -999999 -999999 -999999 -999999 -999999 -999999 -999999 -999999 -999999 -999999 -999999 -999999 -999999 -999999 -999999 -999999 -999999 -999999 -999999 
67     1991 -999999 -999999 -999999 -999999 -999999 -999999 -999999 -999999 -999999 -999999 -999999 -999999 -999999 -999999 -999999 -999999 -999999 -999999 -999999 
67     1992 -999999 -999999 -999999 -999999 -999999 -999999 -999999 -999999 -999999 -999999 -999999 -999999 -999999 -999999 -999999 -999999 -999999 -999999 -999999 
67     1993 -999999 -999999 -999999 -999999 -999999 -999999 -999999 -999999 -999999 -999999 -999999 -999999 -999999 -999999 -999999 -999999 -999999 -999999 -999999 
67     1994 -999999 -999999 -999999 -999999 -999999 -999999 -999999 -999999 -999999 -999999 -999999 -999999 -999999 -999999 -999999 -999999 -999999 -999999 -999999 
67     1995 -999999 -999999 -999999 -999999 -999999 -999999 -999999 -999999 -999999 -999999 -999999 -999999 -999999 -999999 -999999 -999999 -999999 -999999 -999999 
67     1996 -999999 -999999 -999999 -999999 -999999 -999999 -999999 -999999 -999999 -999999 -999999 -999999 -999999 -999999 -999999 -999999 -999999 -999999 -999999 
67     1997 -999999 -999999 -999999 -999999 -999999 -999999 -999999 -999999 -999999 -999999 -999999 -999999 -999999 -999999 -999999 -999999 -999999 -999999 -999999 
67     1998 -999999 -999999 -999999 -999999 -999999 -999999 -999999 -999999 -999999 -999999 -999999 -999999 -999999 -999999 -999999 -999999 -999999 -999999 -999999 
67     1999 -999999 -999999 -999999 -999999 -999999 -999999 -999999 -999999 -999999 -999999 -999999 -999999 -999999 -999999 -999999 -999999 -999999 -999999 -999999 
67     2000 -999999 -999999 -999999 -999999 -999999 -999999 -999999 -999999 -999999 -999999 -999999 -999999 -999999 -999999 -999999 -999999 -999999 -999999 -999999 
67     2001 -999999 -999999 8007    -999999 -999999 7996    8071    -999999 -999999 -999999 7953    7832    7613    8106    8255    8273    8323    7610    8077    
67     2002 8038    7935    8108    7900    7879    8163    8099    7819    7793    7961    7897    7781    7887    8358    8235    8490    7774    8043    8400    
67     2003 8042    8019    8014    8111    7755    8304    8038    8000    7914    7974    7940    7358    8030    8303    8571    7873    7990    8253    8287    
67     2004 8086    8136    8146    8186    8027    8099    8224    8187    8076    8023    8147    7916    7683    8129    8471    8530    8010    8140    7723    
67     2005 8083    8070    7974    8063    7651    8413    8019    8139    8357    8084    7713    7158    7980    8613    8632    7733    8158    8160    8268    
67     2006 -999999 8136    -999999 8256    7567    -999999 8232    8135    8375    7742    7693    7271    -999999 8516    -999999 8470    8268    7957    8310    
67     2007 -999999 8112    -999999 8099    -999999 7922    8136    8161    7796    8142    7683    -999999 7703    7852    8203    7897    8410    8093    7961    
67     2008 7954    8151    7849    8086    7920    7823    7909    8255    8038    8142    7503    8100    7583    8077    7800    8013    7819    7897    8203    
67     2009 7995    8190    7869    8396    7953    7880    7856    8603    8379    8248    8080    7535    7657    7900    8077    7967    7639    7970    7916    
67     2010 7791    7901    7680    7969    7584    7801    7887    7874    8132    7900    7193    7645    7547    7861    7987    7833    7865    7963    7706    
67     2011 7813    7764    7734    7826    7553    7691    8042    7861    7918    7294    7610    7758    7417    7752    7897    7967    7981    8180    8126    
67     2012 7773    8080    7589    8160    7479    7747    7837    8300    8048    7845    7480    7113    7310    7942    7974    7707    7910    7893    7748    
67     2013 7885    7819    7996    7898    7504    8248    7937    7861    8104    7429    7473    7610    8130    8397    8213    8143    8039    7627    7613    
67     2014 7858    7843    7873    7854    7618    8091    7849    8232    7704    7826    7670    7361    8283    8174    7823    7933    7797    7820    7671    
67     2015 7707    7634    7688    7517    7326    7857    8115    7445    7425    7629    7310    7039    7477    7832    8248    8220    8058    8070    7710    
67     2016 7921    7874    7897    7732    7732    8035    7999    7558    7941    7919    7690    7584    8133    7906    8068    8007    8006    7983    8258    
