EUROPEAN CLIMATE ASSESSMENT & DATASET (ECA&D), file created on: 16-11-2020
THESE DATA CAN BE USED FOR NON-COMMERCIAL RESEARCH AND EDUCATION PROVIDED THAT THE FOLLOWING SOURCE IS ACKNOWLEDGED: 

Klein Tank, A.M.G. and Coauthors, 2002. Daily dataset of 20th-century surface
air temperature and precipitation series for the European Climate Assessment.
Int. J. of Climatol., 22, 1441-1453.
Data and metadata available at http://www.ecad.eu

FILE FORMAT (MISSING VALUE CODE = -999999):

THIS FILE HOLDS DATA FOR STATION NORWAY                                   BJOERNOEYA                               (STAID:    179)
LATITUDE: dd:mm:ss +74:31:00
LONGITUDE: ddd:mm:ss +019:01:00
ELEVATION: m   16

DATA IS FOR INDEX Mean of daily average relative humidity (RH) with unit 0.01 Relative humidity (%)

01-06 SOUID: Source identifier
08-11 YEAR : YYYY
13-20 ANNUAL DATA VALUES
21-28 WINTER HALF YEAR DATA VALUES
29-36 SUMMER HALF YEAR DATA VALUES
37-44 WINTER (DJF) DATA VALUES
45-52 SPRING (MAM) DATA VALUES
53-60 SUMMER (JJA) DATA VALUES
61-68 AUTUMN (SON) DATA VALUES
69-76 JANUARY DATA VALUES
etc. 
157-164 DECEMBER DATA VALUES

179    1954 8506    -999999 8565    -999999 8330    8718    8542    8181    8343    8345    8277    8368    8550    8726    8874    8587    8494    8547    8761    
179    1955 8663    8430    9012    8397    8487    9199    8645    8077    8346    8352    8433    8674    9080    9216    9297    9367    8277    8303    8523    
179    1956 8754    8501    8869    8580    8682    9022    8607    8671    8545    8681    8740    8626    8747    9055    9255    8783    8616    8420    8881    
179    1957 8775    8665    8885    8811    8601    9020    8771    8671    8889    8526    8730    8552    8860    9203    8990    8973    9000    8333    8581    
179    1958 9061    8794    9099    8846    8911    9247    8949    8945    9029    8884    9000    8852    9193    9455    9090    9003    8903    8943    9423    
179    1959 8884    9031    9046    9089    8929    9127    8777    9097    8711    9074    8870    8842    8840    9171    9361    9183    8710    8440    8284    
179    1960 8605    8559    8728    8438    8703    8779    8344    8677    8348    8877    8853    8384    8890    8745    8706    8803    7658    8593    8726    
179    1961 8923    8438    8976    8586    8686    9086    9180    8448    8582    8639    8620    8797    8700    9271    9274    9180    9526    8823    9168    
179    1962 9397    9306    9499    9390    9492    9493    9237    9616    9386    9310    9613    9558    9693    9190    9603    9343    9158    9213    9087    
179    1963 9620    9313    9728    9330    9596    9810    9571    9435    9482    9513    9517    9755    9710    9845    9871    9663    9687    9360    9581    
179    1964 9436    9644    9521    9658    9739    9580    8941    9710    9686    9832    9637    9745    9853    9577    9319    8990    9042    8787    9052    
179    1965 8897    8921    8962    8944    8871    8900    9014    9045    8714    8865    8810    8935    8817    8845    9035    9330    8681    9043    8639    
179    1966 8934    8828    9044    8818    8696    9358    8780    8794    9043    8797    8943    8355    9370    9277    9426    8897    8716    8730    8881    
179    1967 8677    8824    8791    8804    8738    9004    8341    8568    8982    9077    8417    8710    8930    9010    9071    8597    8142    8290    8345    
179    1968 8813    8325    9040    8427    8480    9376    8885    8581    8352    8242    8320    8874    9123    9461    9535    8903    8771    8983    8587    
179    1969 8793    8712    8931    8691    8629    9088    8685    8871    8607    8448    8503    8932    9163    8984    9119    8877    8945    8223    8813    
179    1970 8682    8741    8667    8767    8514    8963    8503    8700    8789    8965    8390    8184    8927    9213    8748    8537    8626    8343    8761    
179    1971 8491    8467    8690    8451    8395    8972    8305    7974    8636    8474    8363    8345    9027    8987    8903    8510    8029    8387    8281    
179    1972 8613    8445    8750    8518    8575    8866    8505    8642    8638    8706    8370    8642    8787    8897    8913    8887    8342    8293    8235    
179    1973 8479    8339    8629    8226    8566    8778    8305    8384    8039    8710    8667    8326    8833    8819    8684    8447    8139    8337    8339    
179    1974 8667    8529    8763    8613    8624    8945    8453    8729    8789    8861    8383    8619    8760    9110    8958    8737    8706    7907    8429    
179    1975 8484    8391    8723    8366    8500    8875    8408    8284    8386    8619    8380    8497    8630    9142    8845    8833    7971    8433    7784    
179    1976 8317    8196    8380    8175    8266    8471    8168    8506    8238    8252    7997    8542    8307    8423    8677    8320    8058    8130    8339    
179    1977 8352    8242    8481    8398    8179    8742    8173    8452    8404    8081    8117    8339    8690    8900    8635    8190    8139    8190    8087    
179    1978 8050    8043    8167    8002    8033    8362    7881    8058    7846    7926    7887    8281    7763    8516    8787    7733    7771    8143    7845    
179    1979 8192    8079    8302    8021    8167    8408    8170    7977    8264    8490    8223    7790    8403    8284    8535    8587    8006    7923    7839    
179    1980 8540    8025    8680    7970    8174    8912    8636    7974    8107    8300    8373    7855    8563    9252    8910    9127    8316    8477    9210    
179    1981 8950    8826    9097    9041    8972    9168    8871    8668    9268    9052    8947    8916    8940    9319    9239    9213    8700    8707    8458    
179    1982 9045    8783    9081    8750    8922    9216    9022    8765    9057    9035    9030    8703    8940    9619    9081    9107    8794    9173    9239    
179    1983 8933    9225    9008    9399    9234    8884    8424    9510    9454    9200    9310    9194    8780    9294    8574    8897    8429    7947    8629    
179    1984 8861    8620    8927    8778    8879    8974    8771    8829    8883    9000    9057    8587    8777    9390    8748    9003    8739    8573    8748    
179    1985 8812    8608    9010    8553    8662    9258    8720    8223    8704    8668    8573    8742    9277    9216    9281    8963    8387    8820    8897    
179    1986 8878    8698    8933    8649    8802    9248    8866    8481    8561    9032    8127    9226    9280    9458    9006    8470    9042    9080    8719    
179    1987 9090    9098    9073    9034    9100    9114    9066    9019    9400    9358    9043    8897    8853    9377    9103    9160    9119    8917    8845    
179    1988 9104    9120    9209    9055    9239    9398    8689    9032    9303    9506    8937    9265    9213    9400    9574    8847    8410    8820    8939    
179    1989 8989    8825    9160    9001    8999    9113    8879    9210    8839    8732    9173    9097    8990    9435    8910    9353    8619    8673    8829    
179    1990 9121    9028    9262    9218    9052    9489    8763    9365    9486    9229    9003    8923    9457    9397    9613    9173    9023    8083    8706    
179    1991 8880    8766    9030    8807    9052    9063    8592    8919    8793    9052    9087    9019    9130    9119    8942    8880    8306    8600    8710    
179    1992 8649    8754    8736    8903    8761    8717    8245    8742    9283    8913    8917    8458    8817    8571    8768    8897    7381    8487    8613    
179    1993 8718    8477    8785    8744    8527    9097    8416    8810    8818    8787    8013    8765    9093    9116    9081    8623    7732    8917    8858    
179    1994 8949    8813    8974    8950    9065    8985    8734    9045    8946    9394    9313    8497    8750    9065    9132    9093    8171    8957    9035    
179    1995 8770    8837    9101    8981    9041    9222    8064    9048    8846    8968    9097    9061    9127    9448    9087    8773    7468    7970    8352    
179    1996 8953    8271    9049    8518    8532    9359    9201    8616    8590    8642    8537    8416    9437    9290    9352    9263    9061    9283    8952    
179    1997 9059    9140    9125    9136    8907    9266    9047    8994    9496    9094    8690    8929    9083    9316    9394    9330    8897    8920    8597    
179    1998 9075    8910    9234    8872    9002    9405    8964    8732    9332    9023    9103    8884    9407    9597    9213    9203    8835    8857    8748    
179    1999 9062    9005    9117    9013    9062    9237    8940    9090    9221    9294    8870    9016    9090    9261    9355    9100    8655    9073    8726    
179    2000 9077    8892    9162    8896    8976    9249    9193    8806    9172    8945    8940    9042    9070    9332    9339    9240    9365    8970    8703    
179    2001 8956    9075    9261    8950    9250    9363    8304    9084    9075    9248    9203    9297    9270    9477    9339    8970    8113    7837    8548    
179    2002 8524    8303    8610    8478    8446    8786    8393    8284    8614    8439    8730    8177    8513    8710    9126    8397    8394    8390    8526    
179    2003 8700    8529    8743    8584    8527    8902    8801    8413    8839    8635    8297    8642    8593    8913    9190    8807    8532    9073    8474    
179    2004 8599    8698    8678    8667    8540    8703    8388    8877    8648    8594    8760    8274    8510    8826    8768    8933    8271    7963    8765    
179    2005 -999999 -999999 -999999 8533    -999999 -999999 -999999 8461    8357    -999999 8210    8110    -999999 -999999 -999999 -999999 -999999 8703    8719    
179    2006 8460    -999999 8654    8446    8321    8915    8276    8345    8254    8261    8840    7877    8523    9071    9139    8467    8010    8360    8361    
179    2007 8531    8330    8761    8299    8441    9040    8402    8306    8221    8710    8093    8510    8957    9213    8948    8833    8413    7960    8171    
179    2008 8531    8224    8701    8223    8255    8903    8537    8361    8131    8294    8053    8413    8667    9052    8984    9027    8194    8403    8774    
179    2009 8693    8477    8789    8559    8409    8999    8945    8510    8375    8597    8107    8513    8513    9187    9281    9110    8458    9283    8355    
179    2010 8673    8595    9000    8496    8679    9025    8445    8748    8371    8352    8767    8923    8833    9219    9016    9237    8348    7753    8477    
179    2011 8641    8266    8851    8498    8359    8980    8640    8574    8436    8010    8670    8406    8767    9168    9000    9097    8506    8320    8732    
179    2012 8525    8509    8669    8569    8390    8902    8484    8539    8428    8516    8140    8506    8763    8990    8948    8653    8571    8223    8006    
179    2013 8381    8274    8680    8273    8368    8773    8096    8184    8668    8026    8447    8635    8523    9013    8774    8677    7758    7863    8032    
179    2014 8524    8105    8703    8384    8078    9041    8530    8303    8864    7874    8097    8265    8733    9274    9106    8723    8494    8373    8203    
179    2015 8696    8320    9017    8194    8527    9238    8846    8174    8207    8458    8360    8758    8897    9326    9481    9263    8684    8597    8106    
179    2016 8656    8463    8947    8368    8602    9015    8748    8548    8455    8394    8333    9071    8540    9552    8939    9223    8881    8137    7777    
179    2017 8461    8136    8719    7882    8159    8954    8715    7803    8086    8126    8110    8239    8903    8961    8997    9100    8671    8377    8145    
179    2018 8553    8206    8848    8267    8111    9071    8732    8439    8211    7400    8263    8674    8707    9300    9194    8927    8668    8603    8226    
179    2019 8514    8281    8801    8064    8396    8965    8504    7997    7961    8210    8577    8406    8617    9255    9013    8927    7952    8653    8571    
179    2020 -999999 8255    8944    8262    8407    9176    -999999 7894    8324    8155    8014    9026    9177    9255    9097    9047    8677    -999999 -999999 
