EUROPEAN CLIMATE ASSESSMENT & DATASET (ECA&D), file created on: 16-11-2020
THESE DATA CAN BE USED FOR NON-COMMERCIAL RESEARCH AND EDUCATION PROVIDED THAT THE FOLLOWING SOURCE IS ACKNOWLEDGED: 

Klein Tank, A.M.G. and Coauthors, 2002. Daily dataset of 20th-century surface
air temperature and precipitation series for the European Climate Assessment.
Int. J. of Climatol., 22, 1441-1453.
Data and metadata available at http://www.ecad.eu

FILE FORMAT (MISSING VALUE CODE = -999999):

THIS FILE HOLDS DATA FOR STATION RUSSIAN FEDERATION                       PSKOV                                    (STAID:     95)
LATITUDE: dd:mm:ss +57:49:00
LONGITUDE: ddd:mm:ss +028:19:59
ELEVATION: m   43

DATA IS FOR INDEX Mean of daily average relative humidity (RH) with unit 0.01 Relative humidity (%)

01-06 SOUID: Source identifier
08-11 YEAR : YYYY
13-20 ANNUAL DATA VALUES
21-28 WINTER HALF YEAR DATA VALUES
29-36 SUMMER HALF YEAR DATA VALUES
37-44 WINTER (DJF) DATA VALUES
45-52 SPRING (MAM) DATA VALUES
53-60 SUMMER (JJA) DATA VALUES
61-68 AUTUMN (SON) DATA VALUES
69-76 JANUARY DATA VALUES
etc. 
157-164 DECEMBER DATA VALUES

95     1966 8192    -999999 7769    -999999 8080    7572    8590    8545    8625    8642    8417    7194    6867    7823    8003    8323    8565    8883    8452    
95     1967 8170    8539    7677    8496    7808    7563    8721    8681    8339    8306    7507    7600    7310    7110    8261    8273    8903    8980    8771    
95     1968 7838    8554    7238    8479    7278    7208    8414    8390    8262    8010    6877    6935    6593    7497    7513    8003    8332    8910    8726    
95     1969 7678    8043    7232    7858    7285    6993    8535    7977    6764    7452    7470    6939    6447    7365    7152    8027    8539    9040    8881    
95     1970 7916    8511    7345    8558    7223    7234    8624    8426    8346    7835    7850    6003    6523    7268    7887    8567    8355    8960    9023    
95     1971 7853    8712    7066    8902    6947    7172    8443    9126    8521    8277    6893    5668    7067    6923    7523    8360    8342    8630    8955    
95     1972 7782    8108    7364    8199    7158    7385    8478    7877    7734    7100    7807    6587    6987    7568    7587    7660    8716    9050    8719    
95     1973 7792    8438    7217    8337    7289    7067    8422    7929    8364    7861    7223    6781    7317    6703    7190    8123    8368    8777    8929    
95     1974 7897    8458    7242    8666    6735    7632    8560    8206    8882    7635    6123    6426    7177    7829    7874    8007    8774    8893    8990    
95     1975 7604    8613    6886    8653    7154    6846    7935    8629    8307    8061    7357    6052    6757    6394    7384    7403    8035    8363    8552    
95     1976 7662    8048    7132    8078    6728    7402    8409    8242    7397    7668    6610    5903    7133    7358    7706    8097    8048    9093    8684    
95     1977 7939    8453    7413    8494    7441    7398    8477    8287    8514    8116    7820    6400    6630    7561    7977    8097    8577    8753    8577    
95     1978 7935    8527    7436    8464    7223    7567    8696    8703    8075    8439    7327    5906    6717    7697    8261    8720    8494    8880    8006    
95     1979 7692    8234    7161    8057    6978    7236    8314    8168    7989    7861    6590    6471    5943    7997    7726    8217    7910    8830    8597    
95     1980 7905    8279    7393    8580    7105    7253    8598    8500    8648    7229    7517    6584    6233    7316    8177    8537    8584    8673    8890    
95     1981 7993    8413    7486    8569    7041    7624    8731    8665    8107    7535    7213    6381    7360    7474    8029    8477    8758    8957    8968    
95     1982 7859    8559    7250    8554    7129    7297    8451    8290    8389    7987    6913    6481    6953    7306    7619    8237    8584    8527    9045    
95     1983 7837    8626    7255    8803    7570    7118    8036    8755    8589    8252    7373    7077    7077    7177    7100    7737    8152    8217    8581    
95     1984 7839    8090    7332    8112    7011    7358    8795    7961    7772    7842    6360    6810    6787    7613    7655    8767    8568    9057    8865    
95     1985 8068    8564    7560    8491    7351    7726    8647    8497    8071    8297    7447    6313    7460    7677    8032    8450    8716    8773    9077    
95     1986 7965    8677    7382    8827    7191    7499    8558    9023    8332    8110    6923    6532    6950    7587    7942    8360    8342    8980    8519    
95     1987 8225    8404    7993    8494    7446    8207    8678    8358    8618    7648    7423    7265    8150    7900    8568    8663    8432    8947    8771    
95     1988 7896    8597    7355    8496    7180    7708    8308    8477    8221    8719    6807    6003    7027    7590    8484    8217    8203    8507    8484    
95     1989 8175    8449    7758    8540    7512    8012    8559    8519    8625    8377    7277    6874    8047    7810    8181    8373    8497    8810    8752    
95     1990 7929    8437    7388    8666    6567    7759    8747    8668    8568    7352    6033    6300    6900    8174    8174    8730    8558    8960    8761    
95     1991 8181    8608    7732    8692    7654    7764    8671    8629    8686    8074    7477    7406    7780    7568    7945    8223    8784    9003    8632    
95     1992 7845    8599    7092    8644    7307    6645    8647    8503    8807    7890    7473    6561    6000    6513    7400    8633    8484    8830    9087    
95     1993 7821    8568    7335    8602    7158    7620    8014    8594    8075    8300    7113    6058    7087    7661    8094    8003    8197    7837    8819    
95     1994 7933    8269    7426    8614    7070    7396    8611    8984    7979    7755    7067    6387    7510    6845    7835    8950    8081    8820    9003    
95     1995 8029    8595    7421    8832    7609    7279    8471    8874    8596    8200    7280    7335    7363    7113    7365    8083    8548    8780    8842    
95     1996 7934    8499    7259    8727    7103    7265    8615    8848    8476    7510    6987    6810    7267    7532    6997    7977    8810    9053    8965    
95     1997 8019    8688    7324    8832    7375    7171    8744    9000    8500    7797    7317    7010    7323    7158    7035    8127    9010    9087    8906    
95     1998 -999999 -999999 7695    8726    -999999 8095    8208    9016    8204    -999999 6803    7016    7997    7955    8329    8063    8245    8313    8739    
95     1999 7924    8421    7317    8860    7289    7175    8401    9174    8646    7429    7527    6919    7333    6948    7248    7957    8626    8613    8732    
95     2000 8176    8564    7652    8721    7478    7836    8524    8823    8600    7994    7913    6542    6970    8213    8297    7973    8548    9050    9187    
95     2001 8183    8691    7604    8880    7453    7697    8708    9081    8318    7939    7770    6661    7587    7613    7887    8130    8916    9070    9229    
95     2002 7888    8841    7074    9058    7118    7062    8552    9203    8707    7916    6783    6645    7313    7206    6674    7847    8658    9147    8626    
95     2003 8278    8710    7705    8876    7515    7823    8775    9006    9007    7858    7493    7194    7307    7835    8310    8087    8942    9290    9045    
