EUROPEAN CLIMATE ASSESSMENT & DATASET (ECA&D), file created on: 16-11-2020
THESE DATA CAN BE USED FOR NON-COMMERCIAL RESEARCH AND EDUCATION PROVIDED THAT THE FOLLOWING SOURCE IS ACKNOWLEDGED: 

Klein Tank, A.M.G. and Coauthors, 2002. Daily dataset of 20th-century surface
air temperature and precipitation series for the European Climate Assessment.
Int. J. of Climatol., 22, 1441-1453.
Data and metadata available at http://www.ecad.eu

FILE FORMAT (MISSING VALUE CODE = -999999):

THIS FILE HOLDS DATA FOR STATION GERMANY                                  MUENCHEN                                 (STAID:     52)
LATITUDE: dd:mm:ss +48:09:51
LONGITUDE: ddd:mm:ss +011:32:39
ELEVATION: m  515

DATA IS FOR INDEX Mean of daily average relative humidity (RH) with unit 0.01 Relative humidity (%)

01-06 SOUID: Source identifier
08-11 YEAR : YYYY
13-20 ANNUAL DATA VALUES
21-28 WINTER HALF YEAR DATA VALUES
29-36 SUMMER HALF YEAR DATA VALUES
37-44 WINTER (DJF) DATA VALUES
45-52 SPRING (MAM) DATA VALUES
53-60 SUMMER (JJA) DATA VALUES
61-68 AUTUMN (SON) DATA VALUES
69-76 JANUARY DATA VALUES
etc. 
157-164 DECEMBER DATA VALUES

52     1879 7600    -999999 6940    -999999 7195    6722    8126    8416    8132    7884    6713    6971    6643    6881    6639    7807    8297    8270    8571    
52     1880 7557    8122    7150    8552    6890    7034    7951    8697    8376    6545    7167    6968    6867    6645    7584    7677    8123    8047    8023    
52     1881 7334    7832    6661    8083    6748    6172    8214    8106    8125    6606    7250    6403    6237    5826    6455    7837    8355    8447    8448    
52     1882 7459    8033    6880    8177    6426    6958    8193    8613    7393    6894    6183    6194    6440    7142    7274    8047    8468    8057    8765    
52     1883 7468    8190    6801    8436    6736    6824    7954    8187    8346    7329    6663    6213    7070    6881    6529    7473    8187    8193    8619    
52     1884 7209    7893    6696    7868    6752    6752    7767    7771    7169    7384    7040    5842    7060    6406    6800    7060    7981    8253    7761    
52     1885 7128    7832    6240    7789    6579    5990    7863    7942    7650    7400    5860    6455    5783    6313    5868    7167    7868    8553    8690    
52     1886 7483    8186    6749    8421    6552    7028    8092    8052    8532    7468    6563    5626    7390    6248    7458    7237    8245    8790    8290    
52     1887 7374    8309    6440    8152    7101    6089    8089    8465    7654    8361    5783    7116    5787    6152    6319    7473    8065    8730    8555    
52     1888 7572    8178    7051    8359    6760    7050    8007    8384    8124    7223    7387    5690    6703    7219    7216    8127    7861    8037    8932    
52     1889 7830    8400    7032    8829    7241    6917    8418    8913    8621    8045    7023    6648    6853    6881    7016    7790    8426    9037    8758    
52     1890 7510    8341    6817    8464    6620    6855    7963    8177    8457    7223    6400    6229    6507    6803    7245    7723    7629    8547    9239    
52     1891 7573    8190    6987    8717    6833    6959    8045    8697    8161    6877    7120    6510    6660    7071    7135    7437    8255    8437    8548    
52     1892 7480    8246    6636    8522    6626    6446    8452    8694    8310    7245    6503    6126    6890    6574    5887    7880    8223    9260    8235    
52     1893 7147    8118    6155    8149    5999    6205    7963    8558    7600    6816    4837    6306    6000    6542    6068    7163    7874    8853    9132    
52     1894 7380    8078    6844    8373    6698    6739    8007    8429    7471    6674    6180    7223    6697    6419    7100    7440    7981    8600    8332    
52     1895 7184    8029    6487    8110    6818    6462    7246    8052    7929    7290    6603    6555    6777    5958    6661    6380    7223    8137    8690    
52     1896 7713    8078    7257    8669    7113    7200    7987    8784    8524    7142    7437    6771    6897    6952    7742    7757    7948    8257    8381    
52     1897 7661    8062    7202    8321    7205    6992    8124    8619    7925    7235    7073    7303    6713    6900    7355    7870    8165    8337    8435    
52     1898 7487    8113    6786    8276    7078    6701    8029    8468    7886    7371    7133    6732    7030    6706    6377    6753    8452    8867    8103    
52     1899 6972    7669    6555    7700    6361    6266    7469    7897    7036    5639    6973    6490    6137    6494    6165    7090    7423    7897    8442    
52     1900 7432    8033    6682    8322    7155    6443    7854    8635    7843    7935    6597    6916    6417    6403    6510    7257    7677    8633    8368    
52     1901 7378    7983    6825    8139    6702    6872    7841    8274    7736    7206    6713    6187    6783    6823    7006    7453    8165    7893    8303    
52     1902 7498    7935    6944    8148    6897    6829    8176    7777    8386    7129    6623    6929    6670    6481    7332    7633    8468    8417    8200    
52     1903 7394    7723    7017    7613    6686    6963    7921    7606    6971    6623    7170    6281    6810    7158    6916    7793    7603    8377    9400    
52     1904 7687    8483    6880    8914    7352    6417    8298    9110    8186    8200    6790    7048    6820    5835    6610    8213    8432    8243    8765    
52     1905 7706    8229    7148    8332    7323    6862    8270    8094    8118    7713    7303    6952    6637    6448    7494    8073    8168    8573    8929    
52     1906 7590    8154    7162    8392    6911    7162    8027    7968    8268    7042    6513    7165    7310    7268    6913    7807    8148    8123    8606    
52     1907 7672    8238    7070    8572    6938    7018    8213    8561    8546    7468    7270    6087    6947    7148    6958    8047    8226    8367    8516    
52     1908 7615    8101    7181    8244    7242    6834    8054    8235    7962    7297    7490    6948    6437    6655    7397    8180    7732    8260    8806    
52     1909 7565    7923    7145    8212    6567    7362    8242    8074    7707    6948    5943    6790    7257    7387    7439    8050    8352    8320    8506    
52     1910 7780    8147    7358    8226    7101    7340    8427    8371    7754    7548    6950    6800    7080    7435    7497    8397    8648    8230    8629    
52     1911 7213    8151    6432    8353    6884    6086    7551    8787    7568    6990    6443    7203    6877    5510    5897    6687    7816    8140    8645    
52     1912 7439    7931    7120    8176    6807    7134    7925    8294    7548    7123    6517    6771    6853    7084    7455    8043    7968    7763    7832    
52     1913 7412    7522    7206    7559    6779    7243    8051    8184    6564    6735    6740    6861    7067    7355    7303    7913    7939    8303    7903    
52     1914 7425    7855    6960    7913    6836    7078    8004    8297    7500    7168    5853    7455    7170    7161    6906    7190    8197    8620    7558    
52     1915 7385    7864    6838    7691    7046    6616    8059    7835    7679    7303    7213    6626    5977    6561    7290    7360    8584    8217    7981    
52     1916 7566    7990    7219    7875    6988    7278    8059    7845    7793    7516    6897    6548    7483    7255    7103    8053    7916    8213    8197    
52     1917 7389    7951    6745    8078    7022    6528    7831    8142    7875    7365    7660    6061    5820    6700    7042    7200    7935    8353    8545    
52     1918 7352    7761    6830    7878    6608    6817    8220    7629    7414    6674    6893    6265    6670    6726    7052    7387    8455    8810    8271    
52     1919 7428    8086    6893    7888    7052    6946    7830    7761    7604    7594    7367    6206    6430    7552    6839    6970    8258    8247    8303    
52     1920 7444    7879    7057    7952    6912    6872    7945    7952    7576    6932    6857    6945    6853    6700    7061    7940    7845    8053    8616    
52     1921 7190    7779    6680    8164    6814    6343    7689    7906    7950    6329    7237    6890    6677    5690    6674    6940    7632    8497    7948    
52     1922 7600    7847    7065    7902    6900    6896    8589    8052    7686    7274    7127    6306    6663    6871    7145    8307    8671    8787    8332    
52     1923 7336    8275    6540    8232    6893    6360    7777    8429    7904    7510    6910    6261    7067    5997    6039    7010    7919    8397    8645    
52     1924 7708    8096    7203    8441    7099    7162    8049    8416    8248    6971    7217    7113    7243    6961    7284    7410    8129    8607    8923    
52     1925 7264    8098    6786    7998    7143    6639    7777    7890    7093    7868    6873    6681    6033    6716    7148    7257    7894    8177    7494    
52     1926 7448    7789    7001    7701    6939    7246    7567    7665    7971    7565    6290    6942    7450    7442    6852    7023    7668    8007    8519    
52     1927 8050    8196    7615    8646    7402    7607    8569    8958    8439    7600    7487    7123    7453    7442    7919    8280    8400    9033    8503    
52     1928 7756    8299    7272    8255    7296    7047    8310    8384    7852    7616    7147    7119    7153    6442    7548    8247    8061    8630    8884    
52     1929 7808    8318    7436    8469    7527    7465    8082    8690    7764    7835    7320    7419    7483    6939    7974    7477    8010    8763    8016    
52     1930 8003    8278    7570    8341    7742    7262    8387    8948    8029    7894    7903    7435    6647    7235    7884    8323    8677    8150    8884    
52     1931 7932    8368    7502    8583    7188    7566    8526    8455    8393    7645    7170    6748    7243    7252    8194    8417    8068    9110    8542    
52     1932 8054    8440    7543    8511    7478    7609    8410    8923    8038    7958    6987    7474    7400    7781    7639    7970    8171    9097    9184    
52     1933 8012    8386    7674    8566    7632    7498    8462    8555    7893    7390    7373    8123    7577    7519    7400    8050    8368    8970    8913    
52     1934 7856    8494    7247    8579    7014    7367    8429    8826    7936    7913    6530    6584    7367    6839    7897    8280    8442    8563    9081    
52     1935 7606    8287    6945    8466    7263    6650    8229    8594    7643    7348    7477    6971    6733    6194    7026    7290    8465    8923    8616    
52     1936 8163    8393    7931    8348    7857    7851    8519    8284    8131    7939    7587    8035    7760    7832    7958    8410    8316    8837    8861    
52     1937 7854    8333    7429    8523    7272    7341    8381    8703    7950    7310    7583    6932    7073    7135    7806    8057    8584    8497    8623    
52     1938 7902    8210    7615    8352    7153    7743    8251    8290    8121    7148    7470    6852    7683    7565    7981    8157    8126    8473    8987    
52     1939 8016    8367    7597    8513    7663    7512    8381    8245    8286    8081    6803    8077    7290    7384    7855    8157    8584    8397    9016    
52     1940 7823    8354    7449    8668    7138    7459    8215    8606    8362    7161    6957    7290    7107    7497    7761    8073    8597    7963    8497    
52     1941 7810    8141    7463    8378    7296    7395    8288    8474    8139    7171    7713    7016    7110    7258    7806    7883    8319    8660    8200    
52     1942 7891    8391    7373    8453    7465    7420    8055    8523    8657    8023    7100    7261    7147    7345    7758    7617    7690    8870    8745    
52     1943 7706    8053    7317    8279    7029    7276    8052    8184    7868    6968    7203    6923    7610    7252    6977    7967    8139    8047    9355    
52     1944 -999999 -999999 -999999 8558    -999999 7797    -999999 8065    8234    -999999 7520    6913    7430    7961    7987    -999999 8468    8483    8694    
52     1945 -999999 -999999 7438    -999999 7582    7212    8463    9071    -999999 7939    7430    7371    7340    6661    7639    8210    8297    8887    8655    
52     1946 7876    8238    7486    8288    7065    7712    8404    8490    7657    7406    6153    7606    7850    7674    7616    8000    8516    8693    8800    
52     1947 7395    8475    6550    8664    7046    6574    7282    8539    8654    7671    6360    7084    6870    6771    6090    6117    7323    8407    8916    
52     1948 7736    7969    7327    8352    6600    7787    8180    8026    8097    7071    6383    6339    7287    7994    8065    7883    8032    8630    9029    
52     1949 7668    8252    7138    8540    7209    6826    8246    8687    7836    7268    6653    7687    6930    6326    7226    8010    8210    8520    8658    
52     1950 7568    8128    7011    8216    7070    6734    8281    8377    7546    7413    7053    6742    6027    6606    7545    8100    8458    8280    8645    
52     1951 7854    8331    7461    8474    7207    7590    8180    8500    8257    7835    6397    7361    7580    7426    7765    8230    8294    8013    8587    
52     1952 7693    8200    7052    8366    7314    6737    8273    8106    8407    7800    7073    7061    7137    6113    6974    7987    8097    8740    8868    
52     1953 7819    8189    7356    8611    6793    7609    8200    8674    8257    6523    6860    7000    7833    7652    7348    7447    8361    8787    9113    
52     1954 -999999 -999999 -999999 -999999 -999999 -999999 -999999 -999999 -999999 -999999 -999999 -999999 -999999 -999999 -999999 -999999 -999999 -999999 -999999 
52     1955 8152    -999999 7832    -999999 7385    8014    8675    8684    8393    7719    7230    7200    7650    8284    8097    8527    8523    8980    8555    
52     1956 8116    8416    7801    8398    7664    7864    8427    8216    8424    7816    7820    7361    8113    7674    7813    8040    8400    8843    8903    
52     1957 8276    8485    8008    8621    7802    7992    8729    8652    8275    7829    7920    7661    7850    7952    8171    8500    8687    9000    8823    
52     1958 8284    8580    7873    8504    7947    7838    8888    8477    8182    8284    7927    7629    7683    7958    7868    8177    9010    9473    8735    
52     1959 8147    8831    7642    8674    7868    7779    8291    8574    8718    8487    7530    7577    7533    7639    8158    7397    8194    9287    8703    
52     1960 8142    8563    7773    8471    7770    7847    8391    8416    8283    8503    7463    7332    7547    7777    8206    8313    8377    8483    8984    
52     1961 8208    8559    7890    8872    8104    7654    8351    8884    8736    7906    8027    8377    7707    7545    7713    7970    8326    8757    8594    
52     1962 7895    8497    7281    8539    7666    7160    8189    8458    8568    8297    6950    7729    7140    7368    6971    7520    8413    8627    8716    
52     1963 8295    8499    8043    8658    8009    7872    8486    8661    8589    8003    7920    8100    7827    7765    8023    8630    8571    8253    9203    
52     1964 8134    8775    7480    9005    7935    7335    8397    9026    8772    8810    7447    7532    7613    6603    7797    7903    8703    8573    8839    
52     1965 8012    8477    7907    8548    8061    7726    8086    8481    8300    7952    7947    8281    7867    7729    7587    8033    8161    8060    7768    
52     1966 7711    7927    7494    7904    7485    7465    7900    8242    7682    7629    7497    7329    7157    7597    7632    7750    7994    7953    8052    
52     1967 7495    7869    7202    7968    7249    7080    7720    8342    7461    7377    7373    7000    7300    6800    7148    7610    7471    8087    7984    
52     1968 7885    7722    7625    7951    7063    7732    8538    8006    7855    6948    6887    7348    7490    7429    8268    8323    8623    8667    8768    
52     1969 8042    8588    7680    8652    7633    7780    8079    8819    8339    8294    7310    7284    7987    7661    7700    8153    8213    7867    8881    
52     1970 8078    8363    7730    8691    7717    7718    8173    8735    8432    8039    7653    7458    7227    7703    8210    8120    8155    8243    8965    
52     1971 7966    8412    7537    8668    7607    7504    8196    8426    8607    8090    7190    7526    7970    7165    7394    7997    7990    8607    8687    
52     1972 8072    8366    7686    8768    7602    7534    8346    8919    8693    7329    7903    7584    7527    7581    7494    8040    8161    8843    8829    
52     1973 7946    8557    7438    8763    7401    7507    8304    9068    8354    8077    7470    6658    7550    7755    7216    8000    8661    8240    8329    
52     1974 7956    8374    7524    8556    7311    7602    8429    8532    8832    7687    6877    7355    7527    7506    7771    8107    8661    8510    8171    
52     1975 7925    8281    7498    8199    7348    7676    8276    8213    8214    7919    7130    6987    7747    7535    7748    7850    8332    8643    8794    
52     1976 7627    8291    6959    8669    6838    6651    8447    8329    8900    6800    6870    6845    6220    6200    7519    8110    8706    8517    8561    
52     1977 7731    8329    7267    8490    7080    7224    8037    8781    8089    7300    7507    6448    6927    6823    7913    8007    8313    7783    8890    
52     1978 7780    8266    7281    8558    7411    7209    8280    8377    8389    7842    6927    7448    6713    7416    7481    7683    8455    8697    7958    
52     1979 7691    8223    7297    8220    7097    7397    8167    8477    8225    7539    7540    6226    7240    7252    7694    7853    8006    8647    7658    
52     1980 7817    8131    7458    8116    7421    7423    8177    8690    7993    7797    7810    6668    7333    7732    7200    8033    8326    8167    8065    
52     1981 7588    8038    7117    8148    6883    7062    8114    8484    7868    7306    6263    7058    6833    7187    7158    8203    7984    8160    8552    
52     1982 7694    8136    7165    8478    6834    7246    8280    8658    8196    7271    6500    6719    6897    6923    7906    8043    8513    8277    8439    
52     1983 7572    8180    7055    8139    7365    6877    7954    7903    8068    7871    7207    7013    6967    6148    7519    7493    8035    8330    8352    
52     1984 7872    8125    7408    8266    7273    7397    8293    7971    8490    7603    6913    7290    7177    7261    7745    8060    7987    8843    9142    
52     1985 7260    8235    6655    8382    6966    6504    7724    8371    7554    7465    6527    6894    6563    6255    6697    7000    7865    8303    7639    
52     1986 7275    7824    6854    7804    7201    6628    7500    7881    7904    7377    7147    7077    6777    6477    6635    7023    7803    7663    7577    
52     1987 7591    7741    7105    8001    6876    7308    7889    8187    8264    6997    6413    7203    7497    7097    7335    7073    7913    8680    8471    
52     1988 7448    8114    6760    8076    7012    6645    8075    8039    7693    7881    6690    6455    6743    6358    6835    7497    8252    8470    8468    
52     1989 7344    8019    6937    8257    6728    6765    7879    8471    7786    6658    7467    6084    6630    6768    6894    7817    7623    8207    7790    
52     1990 7100    7525    6546    7608    6588    6316    7693    8006    6964    6526    7267    5994    7150    5929    5897    7103    7600    8380    8419    
52     1991 7276    7864    6677    7811    7075    6610    7699    7394    7600    7784    6653    6774    6987    6506    6348    6803    7842    8447    8200    
52     1992 7029    7816    6213    7845    6339    6102    7774    7629    7697    7094    6450    5477    6397    6200    5719    7077    7981    8257    8413    
52     1993 7400    7876    6791    7983    6513    6863    8414    7235    8336    7090    6323    6119    6630    6890    7061    7733    8477    9030    7971    
52     1994 7471    8118    6931    7990    7212    6496    8051    8132    7854    7248    7403    6990    6647    6229    6616    7730    7852    8577    8426    
52     1995 7585    7988    6998    8069    6986    6943    8132    8055    7689    7319    7157    6487    7473    6365    7010    7533    8126    8737    9094    
52     1996 7672    8445    7050    8673    7338    6747    8018    9023    7848    7813    6920    7268    6363    6606    7258    7887    8006    8160    8874    
52     1997 7214    8158    6534    8367    6585    6817    7335    8942    7168    7703    6250    5790    6777    7129    6545    6717    7477    7807    8219    
52     1998 6955    7391    6517    7499    6266    6414    7824    7458    6746    6590    6390    5823    6340    6832    6068    7677    7655    8147    7739    
52     1999 7442    7724    7030    7797    7155    6910    7876    7616    8061    7174    7140    7152    6970    6894    6868    7163    7855    8610    7868    
52     2000 7650    7958    7108    7988    7030    6800    8527    8471    7600    7342    6713    7026    6043    7365    6968    8530    8755    8290    8661    
52     2001 7931    8413    7329    8367    7480    7074    8732    8539    7850    8323    7370    6745    7287    6684    7258    8673    8400    9133    8929    
52     2002 7543    8205    7256    8214    7155    7183    7799    8123    7525    7087    6823    7545    6673    7465    7394    7613    7513    8280    8452    
52     2003 6740    7593    5945    7997    5959    5664    7531    7910    7589    5839    5503    6519    5853    5884    5261    6653    7510    8430    7997    
52     2004 7255    7608    6759    7653    6617    6772    7813    8081    6828    6777    6237    6826    6707    6935    6671    7173    8026    8233    8519    
52     2005 7492    7903    7032    7993    6863    7050    8118    7374    8096    7197    6523    6858    6297    7168    7661    7667    8265    8417    8406    
52     2006 7453    8147    6954    8231    7150    6709    7862    8310    7950    7526    7320    6610    6463    6016    7639    7697    7861    8027    8055    
52     2007 7282    7693    6697    7778    6232    6872    8185    7674    7586    6955    5453    6261    6587    6700    7319    7857    8213    8483    8306    
52     2008 7397    7730    7168    7546    7132    7017    7879    7287    7010    7058    7490    6858    7233    6865    6961    7627    7942    8067    8365    
52     2009 7446    8137    6863    8346    6867    6937    7734    8326    8346    7797    5887    6887    7080    6852    6884    7590    7903    7703    8132    
52     2010 7498    7739    7125    8138    6791    7086    7881    8606    7625    6452    6020    7877    7303    6561    7400    7573    8019    8047    8474    
52     2011 7298    7807    6790    8106    6135    7077    8113    8277    7507    6497    5823    6074    7253    7145    6839    7613    7894    8840    7845    
52     2012 7289    7834    6715    7775    6486    6711    8168    7990    7469    6974    6380    6100    6827    6645    6665    7697    8300    8503    7942    
52     2013 7520    8204    6913    8312    7352    6452    7971    8510    8504    7503    6953    7587    7173    5690    6516    7587    7900    8430    7984    
52     2014 7348    7705    6934    7828    6684    6617    8335    8300    7132    6452    6773    6829    5740    6974    7110    8177    8245    8587    7835    
52     2015 7081    7851    6448    7863    6575    6236    7641    7787    7979    6710    5840    7152    6893    5706    6129    6980    8494    7420    7926    
52     2016 7469    7705    7050    7709    7007    6973    8066    7971    7197    7181    6813    7019    7247    6677    7003    7553    8365    8270    8313    
52     2017 7226    7918    6840    8084    6768    6541    7696    8277    7618    6648    6907    6755    6043    6558    7006    7777    7523    7793    7832    
52     2018 7191    7665    6479    7840    6480    6448    7871    7858    7829    7174    5560    6677    6800    6284    6271    7287    7655    8680    8268    
52     2019 7068    7676    6605    7791    6421    6493    7802    8068    6957    6394    5910    6942    6243    6258    6971    7293    7800    8313    7645    
52     2020 -999999 7395    6582    7275    6020    6821    -999999 7606    6524    6455    4917    6652    7293    6332    6852    7443    7884    -999999 -999999 
