EUROPEAN CLIMATE ASSESSMENT & DATASET (ECA&D), file created on: 16-11-2020
THESE DATA CAN BE USED FOR NON-COMMERCIAL RESEARCH AND EDUCATION PROVIDED THAT THE FOLLOWING SOURCE IS ACKNOWLEDGED: 

Klein Tank, A.M.G. and Coauthors, 2002. Daily dataset of 20th-century surface
air temperature and precipitation series for the European Climate Assessment.
Int. J. of Climatol., 22, 1441-1453.
Data and metadata available at http://www.ecad.eu

FILE FORMAT (MISSING VALUE CODE = -999999):

THIS FILE HOLDS DATA FOR STATION RUSSIAN FEDERATION                       SARATOV                                  (STAID:     96)
LATITUDE: dd:mm:ss +51:34:00
LONGITUDE: ddd:mm:ss +045:01:59
ELEVATION: m  151

DATA IS FOR INDEX Mean of daily average relative humidity (RH) with unit 0.01 Relative humidity (%)

01-06 SOUID: Source identifier
08-11 YEAR : YYYY
13-20 ANNUAL DATA VALUES
21-28 WINTER HALF YEAR DATA VALUES
29-36 SUMMER HALF YEAR DATA VALUES
37-44 WINTER (DJF) DATA VALUES
45-52 SPRING (MAM) DATA VALUES
53-60 SUMMER (JJA) DATA VALUES
61-68 AUTUMN (SON) DATA VALUES
69-76 JANUARY DATA VALUES
etc. 
157-164 DECEMBER DATA VALUES

96     1936 6788    -999999 5408    -999999 6522    4691    7674    8642    7607    8023    7217    4348    4680    4823    4571    6890    8129    7987    8581    
96     1937 6829    8438    5707    8606    6523    6011    6265    8558    8686    8700    5187    5639    6360    5790    5894    5363    6052    7387    8416    
96     1938 6499    7853    4827    8544    6622    4399    6488    8794    8411    8100    6613    5152    4563    4132    4506    4017    6597    8847    8374    
96     1939 6476    7885    4978    8189    6115    4454    7030    8445    7700    7361    5943    5035    5040    4474    3868    5560    7361    8157    8923    
96     1940 6927    8033    5649    8133    6599    5295    7784    7810    7662    8294    7050    4468    5497    5806    4587    6553    7965    8827    8665    
96     1941 -999999 -999999 6858    -999999 -999999 6493    7975    -999999 -999999 -999999 7690    6858    6200    5787    7484    7143    8416    8350    8697    
96     1942 7375    8443    6643    8556    7435    6614    7018    8813    8114    8232    7530    6545    6907    6961    5984    5947    6910    8200    8397    
96     1943 -999999 8055    5898    8551    6493    5909    6708    8552    8721    7623    6230    5619    5350    6110    6248    5823    6297    8163    -999999 
96     1944 -999999 -999999 6269    -999999 7228    6412    -999999 -999999 -999999 8948    6210    6494    6323    6797    6113    5660    6519    -999999 -999999 
96     1945 -999999 -999999 -999999 -999999 6811    6601    -999999 9197    8119    8087    6230    6097    5893    6397    7490    -999999 7932    8113    8668    
96     1946 6836    8335    5437    8622    6438    5009    7192    8358    8864    8116    6247    4945    4060    6142    4794    6450    7274    7850    9035    
96     1947 7281    8318    6139    8844    6899    6043    7441    8810    8671    8284    6720    5687    5517    5558    7039    6320    7406    8597    8839    
96     1948 7001    8206    5944    8523    6602    5618    7687    8471    8241    7697    7183    4945    4777    6348    5703    6737    7665    8660    7642    
96     1949 6891    8297    5576    8356    7038    5154    6660    9090    8332    8410    7540    5181    4947    5048    5461    5313    5990    8700    8847    
96     1950 -999999 8104    5733    8418    6320    5757    7499    7955    8471    8742    5957    4248    5480    5623    6158    6973    7739    7819    -999999 
96     1951 -999999 -999999 5063    -999999 -999999 4427    7281    -999999 -999999 -999999 5847    5587    3787    5026    4448    5690    7913    8220    8448    
96     1952 7076    -999999 5923    -999999 6850    5699    7167    -999999 8855    8094    6617    5832    5667    5777    5652    6010    7635    7840    8616    
96     1953 6738    -999999 5583    8570    -999999 5184    6500    8400    8707    -999999 6783    5539    4830    5690    5019    5650    6458    7393    8200    
96     1954 6881    7551    5740    7892    7146    4903    7534    8013    7418    7806    7443    6197    5207    4597    4916    6130    8094    8360    8426    
96     1955 6758    8341    5478    8549    6503    5355    6708    8394    8857    7968    6183    5348    5473    4710    5887    5283    6861    7973    8294    
96     1956 7072    7906    6021    8099    7255    5350    7505    8094    7897    8319    7377    6074    4233    5690    6090    6670    7503    8343    8577    
96     1957 6489    8323    4827    8687    6055    4675    6687    8474    9043    8065    6607    3513    4143    4806    5058    4870    7052    8127    8290    
96     1958 7095    8059    6164    8377    6737    6166    7032    8597    8229    8077    6907    5232    6380    5903    6223    6377    6652    8080    8571    
96     1959 6958    8169    5504    8568    6237    5242    7845    8774    8336    8616    6273    3823    5063    4948    5710    7273    8239    8010    8526    
96     1960 7105    8279    5802    8527    6411    5683    7510    8742    8300    7848    6517    4871    5430    5277    6332    6413    7990    8110    9439    
96     1961 -999999 -999999 5883    -999999 6627    5549    7311    -999999 8518    8161    5790    5903    4937    5965    5726    6977    6558    8423    8819    
96     1962 6842    8198    5569    8512    6591    5662    6836    8529    8154    8710    5293    5729    5730    5255    6003    5393    6697    8423    8229    
96     1963 6952    7783    5956    7977    6636    5873    7305    8142    7514    7687    7533    4716    6027    5881    5716    5913    7548    8447    8352    
96     1964 7423    8127    6650    8219    7466    6387    7512    7894    8424    8126    7940    6348    5273    6787    7065    6477    7584    8473    8706    
96     1965 6921    8170    5605    8158    6942    5164    7338    7961    7768    8497    6627    5694    5337    4955    5206    5847    7500    8663    9039    
96     1966 6644    8299    5405    8523    6353    5233    6821    8355    8139    8097    5927    5023    5780    5065    4871    5810    6300    8370    8113    
96     1967 6893    7874    5802    8039    6497    5788    7244    8135    7850    8490    6593    4410    5870    5516    5981    6493    7097    8147    8206    
96     1968 6838    7823    5916    7964    6615    5653    7198    7919    7752    7823    5947    6055    5653    6139    5168    6547    7052    8000    8026    
96     1969 6727    7402    5751    7320    5926    5891    7634    6952    6946    7413    5650    4706    5593    6077    5994    6500    7716    8683    8494    
96     1970 7216    8150    6333    8154    7004    6024    7786    7981    7971    8055    7363    5606    5620    5832    6606    7003    7739    8617    8265    
96     1971 6902    8287    5504    8271    6304    5508    7536    8110    8457    8565    5923    4413    5553    5561    5410    6200    7726    8677    8342    
96     1972 6207    7685    4708    7556    5929    4014    7307    7187    7110    7061    6563    4184    4570    4087    3403    5523    7677    8707    8487    
96     1973 6989    8055    6050    8098    6517    5879    7476    7116    8754    7681    6107    5752    5373    6245    6003    6827    7335    8270    8535    
96     1974 6987    8008    6078    8119    6855    6203    6889    7806    8004    8106    6427    6019    6563    6268    5790    5403    6697    8573    8255    
96     1975 6399    7920    5014    8147    5559    5091    6814    8371    7779    7852    5067    3742    3957    5352    5929    6040    6523    7890    8339    
96     1976 7297    7712    6606    7841    7002    7001    7270    7981    7159    8352    6757    5890    6613    7103    7274    5983    7374    8450    8571    
96     1977 6913    7967    5895    8022    6389    5900    7614    7581    7904    7932    6430    4806    6123    5787    5797    6470    7423    8957    7848    
96     1978 7115    8155    6172    7998    6801    6093    7390    8287    7843    8568    5650    6148    6817    6206    5281    6960    7042    8180    8445    
96     1979 6925    7916    5811    7864    6805    5483    7573    7497    7629    8687    7463    4287    4797    6174    5455    6740    7419    8563    8448    
96     1980 7216    8092    6256    8205    7043    5751    7818    8035    8128    7974    7303    5861    5573    5435    6239    7163    8019    8263    8639    
96     1981 6944    8102    5795    8151    6625    5380    7613    8097    7671    7887    6817    5177    5047    5319    5765    6680    7239    8933    8761    
96     1982 7168    8112    6180    8194    6952    5947    7497    7990    7793    7952    7130    5781    6147    5726    5974    6360    7681    8443    9077    
96     1983 7052    8299    6110    8674    6885    6013    6922    8413    8518    7687    6270    6677    6127    6068    5848    5660    7203    7893    8326    
96     1984 6540    7879    5320    8021    5762    5658    7044    8077    7634    8126    5603    3552    5280    5532    6148    5827    7248    8050    7429    
96     1985 7036    7739    6086    7836    6305    6053    7692    8013    8089    7648    6513    4761    5810    6506    5835    7130    7632    8317    8268    
96     1986 6550    7899    5345    7920    6228    5039    7241    8474    6921    7700    5663    5303    5270    4890    4965    6010    7455    8250    7706    
96     1987 7060    7718    6521    7653    6925    6115    7553    7365    7914    7652    7330    5806    5737    6142    6455    7697    6952    8030    7745    
96     1988 6862    7664    6119    7735    6772    5667    7166    7787    7669    7816    6977    5529    5387    5313    6294    7253    6339    7933    8106    
96     1989 7193    7755    6206    8050    6761    6300    7643    7897    8157    8142    5697    6410    6387    6442    6074    6217    7903    8800    8235    
96     1990 -999999 8109    -999999 8271    6364    -999999 7933    8068    8536    7177    6087    5819    -999999 6713    7642    7737    7648    8423    8329    
96     1991 6946    7976    5983    8170    6521    5682    7559    7900    8293    7306    7020    5252    5757    5445    5845    6623    7261    8803    7994    
96     1992 7249    8130    6293    8137    7020    5965    7866    8268    8152    8323    7327    5419    5147    6284    6439    7167    7697    8740    8061    
96     1993 7544    8134    7009    8062    6995    7209    7702    8358    7736    8190    7460    5348    6977    7332    7310    7663    7671    7773    8719    
96     1994 7001    7946    6273    8151    6629    6660    6788    8329    7325    7790    6473    5619    6743    6487    6752    5560    7013    7783    8123    
96     1995 6804    7901    5744    8252    6461    5673    6938    8265    8382    7884    5920    5561    5420    5397    6194    5973    6555    8300    7903    
96     1996 6759    7680    5717    7771    6546    5268    7468    7787    7614    7935    6903    4810    5990    5271    4568    6847    7029    8543    7910    
96     1997 -999999 7759    6208    7824    6816    5939    7395    7745    7818    7542    6680    6223    6190    6429    5206    6543    7658    7973    -999999 
96     1998 6522    -999999 5324    -999999 6330    5264    6705    8200    7375    8110    6483    4403    4603    5226    5942    5300    6742    8073    7835    
96     1999 7023    7830    6044    8297    6229    5984    7310    8529    8550    7329    5600    5739    5457    5797    6681    6990    7477    7457    8739    
96     2000 7272    7996    6443    8430    6900    6337    7452    8284    8255    7765    6797    6135    6687    6516    5819    6733    7677    7937    8687    
96     2001 7025    8004    6050    8337    6438    5855    7666    8361    7921    7429    5640    6219    6603    4961    6026    6883    7839    8270    8210    
96     2002 6707    7884    5565    8190    5765    5452    7554    7958    8425    6665    5900    4735    5863    4990    5516    6433    8003    8210    7932    
96     2003 7234    7937    6353    7853    6411    6667    7842    8132    7457    7852    6287    5090    6557    6790    6652    6760    7848    8917    8477    
