EUROPEAN CLIMATE ASSESSMENT & DATASET (ECA&D), file created on: 16-11-2020
THESE DATA CAN BE USED FOR NON-COMMERCIAL RESEARCH AND EDUCATION PROVIDED THAT THE FOLLOWING SOURCE IS ACKNOWLEDGED: 

Klein Tank, A.M.G. and Coauthors, 2002. Daily dataset of 20th-century surface
air temperature and precipitation series for the European Climate Assessment.
Int. J. of Climatol., 22, 1441-1453.
Data and metadata available at http://www.ecad.eu

FILE FORMAT (MISSING VALUE CODE = -999999):

THIS FILE HOLDS DATA FOR STATION RUSSIAN FEDERATION                       ARXANGEL'SK                              (STAID:     71)
LATITUDE: dd:mm:ss +64:30:00
LONGITUDE: ddd:mm:ss +040:43:59
ELEVATION: m    8

DATA IS FOR INDEX Mean of daily average relative humidity (RH) with unit 0.01 Relative humidity (%)

01-06 SOUID: Source identifier
08-11 YEAR : YYYY
13-20 ANNUAL DATA VALUES
21-28 WINTER HALF YEAR DATA VALUES
29-36 SUMMER HALF YEAR DATA VALUES
37-44 WINTER (DJF) DATA VALUES
45-52 SPRING (MAM) DATA VALUES
53-60 SUMMER (JJA) DATA VALUES
61-68 AUTUMN (SON) DATA VALUES
69-76 JANUARY DATA VALUES
etc. 
157-164 DECEMBER DATA VALUES

71     1936 7953    -999999 7209    -999999 7496    6882    8729    8835    8183    8119    7207    7152    6150    7503    6968    8277    8816    9090    9119    
71     1937 7926    8888    7089    9021    7515    6730    8566    9126    8796    8377    7507    6661    6340    7006    6832    8213    8784    8693    8826    
71     1938 8162    8735    7533    8737    7722    7352    8897    8687    8693    8719    7637    6806    7497    6745    7819    8733    8716    9247    8710    
71     1939 8125    8726    7499    8686    7701    7228    8815    8555    8804    8348    7607    7145    6707    7500    7461    8590    8774    9083    8971    
71     1940 7850    8361    7356    8184    7337    7084    8812    7777    7776    7771    7277    6961    6613    6968    7655    8680    8652    9110    8961    
71     1941 8156    8697    7738    8767    7705    7593    8851    8568    8771    8142    7727    7248    7813    6903    8071    8700    9074    8770    8161    
71     1942 8030    8352    7573    8099    7676    7387    8676    8606    7468    7958    7920    7158    6787    7494    7861    8223    9052    8740    9026    
71     1943 8015    -999999 7423    -999999 7799    6993    8529    8845    -999999 8081    8270    7061    6407    6748    7806    8270    8639    8673    8939    
71     1944 8230    8680    7673    8940    7761    7414    8812    8981    8897    7965    7817    7503    7017    7448    7765    8500    8752    9187    8955    
71     1945 8348    8959    7821    9039    8079    7513    8913    8971    9207    8713    8060    7465    7293    7348    7890    8897    9126    8710    8571    
71     1946 8222    8705    7668    8624    7930    7439    8741    8871    8411    8513    8053    7229    7250    6939    8123    8437    8548    9243    9074    
71     1947 8344    8821    7708    8921    8098    7307    8945    9023    8639    8397    8270    7632    6650    7403    7845    8457    9026    9350    9442    
71     1948 8358    9089    7734    9269    7832    7586    8948    9465    8876    8368    8093    7042    6910    7452    8374    8543    9081    9217    8890    
71     1949 8260    8907    7737    8896    7853    7648    8655    8855    8946    8468    8040    7058    7767    7103    8077    8410    8584    8973    8906    
71     1950 8181    8835    7434    8864    7821    7214    8818    8752    8943    8868    7433    7148    6843    7287    7500    8407    9045    8993    8990    
71     1951 7990    8595    7420    8663    7316    7197    8743    8745    8211    7561    7630    6768    6770    7245    7561    8567    8668    8997    9184    
71     1952 8228    8780    7743    8973    7730    7505    8722    9106    8603    8119    7910    7168    6753    7487    8252    8900    8539    8733    9171    
71     1953 8096    8711    7467    8891    7552    7479    8508    8842    8636    8339    7660    6661    6397    7832    8174    8070    8577    8873    9100    
71     1954 8247    8746    7703    8938    7593    7604    8989    8868    8836    8235    7660    6887    7540    7055    8216    8890    9065    9010    8758    
71     1955 8145    8838    7640    8863    7717    7449    8721    8961    8871    8371    7180    7584    7010    7532    7790    8743    8677    8743    8323    
71     1956 8098    8472    7596    8378    7382    7728    8713    8623    8176    8277    7230    6632    6610    7910    8629    8550    8823    8763    8919    
71     1957 8206    8667    7685    8836    7654    7384    8980    8687    8907    7929    7743    7294    7060    7216    7865    8953    9255    8723    8900    
71     1958 8111    8767    7582    8823    7607    7467    8731    8845    8714    8158    6763    7871    7257    7081    8058    8453    8739    9000    8419    
71     1959 8084    8601    7503    8670    7254    7407    8957    8816    8786    7877    7273    6613    6797    7455    7948    8947    8874    9053    8629    
71     1960 7906    8522    7320    8447    7011    7228    8829    8371    8334    7874    6880    6274    7393    6787    7510    9123    8413    8963    9000    
71     1961 8414    8790    7939    8979    7900    7857    8990    8948    8989    8448    7643    7600    7307    7784    8461    8840    9255    8867    8845    
71     1962 8365    8890    7843    8918    7586    7917    9034    8990    8918    8465    7827    6474    7593    7890    8258    9043    8990    9070    8919    
71     1963 8241    8737    7809    8763    7555    7938    8777    8719    8639    8084    7550    7032    7893    7619    8300    8473    8855    9000    8758    
71     1964 8247    8773    7733    8765    7770    7555    8938    8690    8852    8497    8050    6771    7133    7706    7813    8957    8965    8893    8681    
71     1965 7874    8591    7177    8512    6913    7397    8595    8435    8411    8155    5957    6597    6480    7410    8271    8320    8755    8703    8984    
71     1966 7836    8374    7392    8269    7235    7303    8868    8087    7679    7981    7287    6439    6537    7229    8119    8757    8855    8993    8061    
71     1967 7847    8337    7245    8073    7175    7152    8863    8106    8050    7952    7120    6452    6543    7148    7745    8477    8839    9273    8481    
71     1968 7976    8675    7473    8565    7435    7468    8466    8613    8603    8255    7107    6932    6770    7439    8174    8410    8310    8683    8426    
71     1969 7804    8095    7376    7941    7330    7189    8752    7829    7529    7755    7350    6887    6410    7210    7923    8480    8842    8930    8474    
71     1970 7848    8459    7255    8403    7151    7057    8762    8503    8214    7781    7103    6568    6467    7019    7665    8723    8706    8857    8600    
71     1971 7908    8415    7443    8369    7488    7261    8520    8526    7939    7829    7403    7229    6483    7265    8010    8260    8471    8830    8632    
71     1972 7936    8452    7367    8497    7472    7074    8704    8319    8541    7939    7603    6877    6693    6887    7629    8537    8697    8880    8661    
71     1973 7682    8467    6903    8397    6974    6871    8521    8006    8536    8042    6987    5894    6557    6319    7726    7963    8858    8730    8629    
71     1974 7916    8509    7308    8428    7478    7143    8601    8216    8439    8184    7223    7019    6570    6919    7923    8193    8842    8760    8723    
71     1975 7954    8729    7296    8800    7586    7155    8282    8935    8736    8377    7840    6548    6847    6839    7771    7957    8090    8807    8768    
71     1976 8011    8428    7510    8520    7226    7698    8636    8397    8386    8132    7247    6300    7290    7645    8145    8450    8623    8837    8700    
71     1977 8010    8582    7289    8609    7296    7182    8930    8490    8639    8216    6650    7000    6240    6900    8374    8553    9090    9140    8839    
71     1978 7970    8816    7373    8737    7133    7570    8704    8832    8518    8461    7353    5590    6470    7745    8458    8633    8661    8820    8135    
71     1979 7956    8294    7459    8194    7061    7688    8680    8290    8154    7706    6507    6952    7177    7681    8190    8233    8752    9053    8765    
71     1980 7665    8530    6933    8595    6979    6739    8357    8471    8545    7613    7173    6158    6127    6865    7206    8090    8274    8710    8790    
71     1981 8087    8409    7704    8707    7218    7738    8833    8623    8707    7390    7350    6919    7310    7542    8348    8763    8819    8917    8413    
71     1982 7904    8436    7369    8241    7457    7227    8595    7923    8404    8152    7617    6606    6883    6994    7794    8343    8506    8937    8742    
71     1983 8144    8598    7575    8579    7602    7521    8847    8552    8429    8416    7460    6926    6877    7506    8158    8530    9174    8827    8877    
71     1984 7895    8564    7330    8407    7123    7458    8696    8410    7900    8161    6987    6216    6363    7919    8055    8430    9068    8577    8616    
71     1985 7847    8391    7313    8224    7443    7022    8697    7994    8046    8016    7113    7190    6430    6787    7829    8533    8826    8727    8677    
71     1986 8018    8606    7380    8598    7286    7296    8954    8823    8261    8294    7113    6445    6557    7581    7726    8870    8919    9073    8568    
71     1987 -999999 8639    7801    8553    7552    7852    -999999 8342    8771    8187    7433    7032    7483    7816    8245    8807    8032    -999999 8713    
71     1988 8163    -999999 7637    8668    7623    7639    8668    8532    8766    8429    7333    7097    6770    7642    8477    8493    8535    8980    8906    
71     1989 7967    8629    7223    8762    7146    7240    8822    8671    8704    7997    7147    6294    6627    7513    7561    8210    9135    9110    8687    
71     1990 7994    8745    7424    8621    7417    7470    8474    8465    8721    8358    7117    6768    6873    7600    7916    8270    8468    8683    8723    
71     1991 8036    8464    7523    8504    7714    7283    8685    8239    8557    8129    7680    7332    7053    7219    7568    8303    8745    9003    8648    
71     1992 7846    8468    7343    8416    6984    7338    8697    8239    8359    7823    6653    6465    6687    7352    7955    8953    8571    8570    8539    
71     1993 8135    8431    7763    8446    7412    7935    8679    8506    8275    8116    7263    6852    7703    7729    8365    8677    8590    8773    8784    
71     1994 8056    8579    7545    8672    7600    7389    8595    8735    8479    8106    7530    7161    7417    6994    7758    8437    8590    8757    8748    
71     1995 8096    8492    7683    8768    7036    7878    8768    8665    8904    7339    6843    6919    7217    7929    8468    8713    8797    8793    8619    
71     1996 7937    8470    7402    8625    6915    7677    8499    8913    8324    7377    7237    6142    7287    7794    7939    8027    8558    8910    8752    
71     1997 7767    8390    7154    8379    7191    6974    8629    8329    8021    7752    7157    6665    6087    7139    7668    8210    8952    8713    8503    
71     1998 8023    8455    7577    8517    7251    7612    8793    8771    8250    7529    7153    7068    7017    7484    8316    8420    9097    8853    8319    
71     1999 7949    8284    7573    8059    7367    7501    8693    7919    7925    7574    7423    7106    6777    7313    8390    8427    8900    8747    8874    
71     2000 8074    8620    7489    8756    7472    7263    8885    8484    8921    7816    7727    6881    6713    7045    8013    8573    9100    8973    8690    
71     2001 8001    8641    7420    8528    7568    7179    8769    8829    8014    8190    6927    7568    6143    7274    8087    8500    8823    8983    8632    
71     2002 8023    8557    7482    8526    7202    7550    8842    8542    8389    7968    6597    7023    6533    7784    8300    8633    8977    8910    8610    
71     2003 8075    8581    7489    8519    7318    7534    8925    8413    8536    8045    7303    6606    7163    6823    8603    8447    9032    9293    8681    
