EUROPEAN CLIMATE ASSESSMENT & DATASET (ECA&D), file created on: 16-11-2020
THESE DATA CAN BE USED FOR NON-COMMERCIAL RESEARCH AND EDUCATION PROVIDED THAT THE FOLLOWING SOURCE IS ACKNOWLEDGED: 

Klein Tank, A.M.G. and Coauthors, 2002. Daily dataset of 20th-century surface
air temperature and precipitation series for the European Climate Assessment.
Int. J. of Climatol., 22, 1441-1453.
Data and metadata available at http://www.ecad.eu

FILE FORMAT (MISSING VALUE CODE = -999999):

THIS FILE HOLDS DATA FOR STATION NETHERLANDS                              MAASTRICHT                               (STAID:    168)
LATITUDE: dd:mm:ss +50:54:19
LONGITUDE: ddd:mm:ss +005:45:42
ELEVATION: m  114

DATA IS FOR INDEX Mean of daily average relative humidity (RH) with unit 0.01 Relative humidity (%)

01-06 SOUID: Source identifier
08-11 YEAR : YYYY
13-20 ANNUAL DATA VALUES
21-28 WINTER HALF YEAR DATA VALUES
29-36 SUMMER HALF YEAR DATA VALUES
37-44 WINTER (DJF) DATA VALUES
45-52 SPRING (MAM) DATA VALUES
53-60 SUMMER (JJA) DATA VALUES
61-68 AUTUMN (SON) DATA VALUES
69-76 JANUARY DATA VALUES
etc. 
157-164 DECEMBER DATA VALUES

168    1906 7726    -999999 7255    -999999 7326    7275    7975    8019    8364    7755    6593    7606    7340    7381    7106    7490    8094    8337    8652    
168    1907 7574    8284    6944    8596    6900    6987    7964    8619    8507    7516    6990    6197    6717    7232    7003    7540    7871    8483    8284    
168    1908 7667    8049    7312    8147    7368    7246    7818    7868    8300    7519    7267    7316    7007    7181    7542    7557    7790    8107    8568    
168    1909 7563    8114    6991    8332    6722    7191    8112    8361    8039    7810    6557    5794    6757    7590    7213    8047    7761    8540    8319    
168    1910 7643    8107    7180    8336    6892    7287    8157    8516    8154    7368    6477    6819    7037    7774    7042    7927    8203    8340    8087    
168    1911 7370    8220    6479    8387    6984    6359    7637    8848    8207    7639    6500    6797    7023    6142    5932    6497    7945    8460    8494    
168    1912 7634    8272    7070    8464    7127    6953    8100    8839    8031    7852    6620    6894    6850    6445    7561    8063    7726    8523    8210    
168    1913 7679    7906    7284    7986    7021    7413    8103    8281    7411    7258    6850    6948    7103    7913    7213    7670    8158    8480    8823    
168    1914 7631    8321    7052    8451    7058    7248    8067    8542    7939    7952    6383    6816    7310    7229    7206    7367    8319    8507    8000    
168    1915 7816    8285    7119    8214    7411    7036    8405    8694    7921    8239    7337    6655    6353    6868    7865    7633    8781    8790    8635    
168    1916 7898    8522    7368    8451    7453    7407    8189    8590    8103    8216    7387    6755    7397    7555    7268    7867    8281    8417    8935    
168    1917 7741    8484    7005    8757    7154    7024    8121    8819    8489    7958    7223    6284    6667    7274    7119    7473    8081    8810    8735    
168    1918 7791    8221    7308    8334    7488    6975    8380    8135    8111    7461    8210    6816    6650    6997    7268    7937    8571    8627    8752    
168    1919 7613    8448    6818    8489    7000    6949    8075    8335    8368    8032    7283    5694    6530    7732    6571    7113    8458    8640    8642    
168    1920 7645    8237    7323    8275    7459    7057    7782    8239    7921    7516    7763    7106    6963    6894    7310    7945    7490    7927    8700    
168    1921 7321    8007    6642    8544    6886    6574    7365    8471    8454    7042    6827    6787    6850    6232    6648    6517    7345    8233    8529    
168    1922 7429    8016    6691    8280    6673    6668    8178    8555    7700    7710    6860    5455    6180    6848    6961    7870    8010    8660    8358    
168    1923 7484    8259    6705    8476    6960    6584    7788    8690    8368    7490    6340    7029    7430    6139    6210    7107    7935    8317    8810    
168    1924 7475    8128    6933    8424    6912    6860    7871    8194    8259    7271    7030    6439    6223    6716    7619    7570    7923    8120    8355    
168    1925 7611    8112    6946    8263    7077    6842    8225    8594    7796    7852    7003    6374    6410    6610    7494    7797    8110    8773    8526    
168    1926 7631    8211    7109    8346    7034    7189    7863    8181    8329    7377    6703    7010    7077    7242    7245    7373    8226    7977    8858    
168    1927 7610    8157    7095    8470    6882    7191    8133    8545    7957    7355    7133    6165    6983    7206    7377    7720    7981    8703    8226    
168    1928 7315    7956    6605    8084    6833    6460    7630    8126    7886    6832    6990    6681    6383    6061    6932    6587    8019    8270    9013    
168    1929 7279    8185    6620    8431    6833    6674    7600    8723    7430    7558    7037    5910    6747    6590    6687    6773    8158    7850    7884    
168    1930 7651    7792    7251    7788    7263    7032    8214    7603    7886    7381    7087    7316    6327    7413    7332    8023    8342    8273    8819    
168    1931 7455    8205    6911    8610    6737    6811    7719    8681    8300    6826    6923    6468    6453    6561    7406    7663    7687    7807    8739    
168    1932 7371    7870    6841    8358    6776    6632    7966    8352    7959    6681    7160    6500    6420    6919    6548    7517    7965    8417    8058    
168    1933 7290    7816    6615    8014    6622    6454    7926    8023    7957    6513    6533    6816    6473    6526    6365    6983    7903    8893    8555    
168    1934 7211    8234    6237    8381    6663    6103    7789    8452    8111    7497    6157    6319    6270    5906    6139    6640    7926    8797    8374    
168    1935 7224    8112    6551    8329    6945    6128    7534    8861    7689    7006    7597    6252    6407    5984    6003    7113    7758    7723    8342    
168    1936 7531    7823    7055    8138    7103    6884    7941    8116    7945    7058    7613    6655    6557    7119    6965    7433    7868    8523    8552    
168    1937 7650    8171    7152    8218    7617    6861    7869    8026    8061    8000    7963    6900    6597    6777    7200    7493    7506    8620    8703    
168    1938 7184    7928    6675    8249    6639    6526    7705    8365    7618    6748    6977    6203    5857    6590    7110    7317    7668    8133    7645    
168    1939 7292    7775    6547    7804    6723    6350    8026    8058    7700    7448    6637    6081    5793    6387    6852    7543    8300    8227    8487    
168    1940 7245    7922    6768    7995    6736    6715    7590    7506    7990    7035    7017    6165    6213    7035    6881    7307    7684    7777    8355    
168    1941 7360    7814    6699    8116    6479    6865    7859    8068    7904    7106    6363    5965    6780    6339    7474    7287    8265    8013    8774    
168    1942 7284    8093    6543    8267    6565    6583    8037    7877    8136    7494    5597    6574    6207    7074    6455    7337    8181    8590    7923    
168    1943 7382    7936    6757    7988    6584    6796    7889    8003    8043    6910    6507    6332    7147    6574    6677    7327    8077    8257    8784    
168    1944 7425    8185    6751    8415    6660    6867    7932    8287    8159    7548    6483    5942    6667    7265    6665    7500    8174    8113    8310    
168    1945 7499    8138    6869    8451    6867    6710    7986    8758    8268    7219    6683    6694    6333    6290    7494    7727    7690    8550    8339    
168    1946 7659    8198    7209    8304    7204    7251    7940    8226    8354    8058    6513    7019    7083    7116    7548    7970    7929    7920    8206    
168    1947 6901    7862    5998    7967    6528    5801    7260    7719    7975    7432    5873    6258    5987    6245    5177    6457    7135    8193    8423    
168    1948 7254    7644    7000    7945    6592    7187    7620    7835    7552    6739    6580    6458    6953    7371    7229    7407    7565    7890    7487    
168    1949 7022    7489    6456    7540    6483    6303    7607    7810    7300    6877    6153    6406    6343    6090    6477    7280    7687    7850    8000    
168    1950 7099    7564    6612    7661    6634    6311    7741    7777    7157    6881    6557    6461    5877    6465    6577    7747    7481    8003    8200    
168    1951 8004    8080    7668    8391    7538    7690    8298    8723    8236    7848    7210    7545    7513    7684    7868    8187    8252    8457    8526    
168    1952 8046    8490    7439    8773    7277    7460    8549    8823    8983    7932    6903    6984    7140    7481    7748    8383    8461    8807    8939    
168    1953 8129    8676    7617    8943    7505    7860    8224    9165    8704    7990    7237    7281    8097    7826    7665    7603    8494    8567    8948    
168    1954 8094    8464    7756    8637    7230    8121    8447    8497    8446    7835    7280    6577    7833    8203    8316    8330    8587    8420    8819    
168    1955 8105    8488    7683    8646    7515    7773    8499    8565    8543    8000    7147    7387    7447    7923    7939    8247    8458    8793    8829    
168    1956 8085    8351    7857    8495    7392    8015    8556    8574    8052    7394    7603    7187    8070    8097    7881    8320    8723    8620    8506    
168    1957 7973    8365    7637    8369    7453    7582    8496    8361    8225    7748    7403    7206    6990    7794    7942    8483    8658    8340    8532    
168    1958 8118    8367    7757    8433    7654    7835    8503    8452    8304    7910    7443    7603    7453    7806    8232    7990    8639    8877    8697    
168    1959 7522    8493    6972    8563    7421    6982    7188    8452    8539    7774    7360    7126    6730    6558    7648    6397    6945    8230    8561    
168    1960 8094    8078    7768    8445    7517    7880    8490    8716    8031    7984    7373    7190    7473    7984    8171    8413    8597    8457    8716    
168    1961 8145    8420    7907    8552    7928    7783    8441    8658    8254    7826    8243    7726    7693    7794    7858    8137    8397    8790    8387    
168    1962 8008    8361    7680    8324    7839    7535    8358    8394    8179    8016    7670    7826    6887    7845    7852    7987    8465    8620    8345    
168    1963 8032    8378    7651    8492    7582    7561    8355    8648    8482    7726    7380    7632    7480    7261    7939    8217    8474    8370    8797    
168    1964 7780    8482    7023    8732    7387    6855    8211    8955    8424    7865    7517    6784    6620    6642    7297    7293    8387    8947    8652    
168    1965 8225    8537    7986    8679    7893    7992    8214    8823    8550    7877    8157    7655    7700    8223    8045    8137    8061    8450    9045    
168    1966 8370    8518    8028    8674    8085    8037    8681    8365    8607    8584    8307    7371    7777    8229    8097    8403    8852    8783    9077    
168    1967 8144    8646    7743    8752    7729    7686    8413    8900    8229    8000    7797    7394    7897    7377    7790    8223    8281    8740    9116    
168    1968 8099    8529    7691    8855    7249    7843    8605    8848    8583    7616    6437    7668    7420    7587    8510    8503    8752    8557    8687    
168    1969 7994    8420    7572    8440    7461    7529    8502    8268    8357    7900    7103    7368    7157    7458    7961    8380    8558    8567    8858    
168    1970 8171    8629    7717    8754    8047    7517    8342    8987    8382    8394    8263    7490    6950    7713    7871    8020    8739    8253    8968    
168    1971 8113    8608    7631    8797    7876    7565    8200    8677    8739    8274    7703    7645    8007    7235    7468    7747    7974    8887    9061    
168    1972 8143    8442    7969    8866    7749    7843    8379    8987    8528    7232    8130    7897    7557    8045    7919    8267    8129    8750    8303    
168    1973 7859    8459    7264    8719    7720    6925    7982    9010    8857    7755    8070    7345    6847    7281    6645    7417    8174    8350    8626    
168    1974 8108    8348    7716    8386    7653    7884    8470    8297    8218    8413    7040    7487    7947    7894    7813    8113    8816    8470    8771    
168    1975 8107    8516    7681    8382    8113    7520    8375    8474    7850    8648    8230    7465    7640    7545    7377    7853    8445    8823    8913    
168    1976 7672    8460    6871    8707    7097    6484    8437    8590    8610    7397    6973    6916    6263    6510    6671    7910    8484    8917    8865    
168    1977 8233    8602    7951    8762    7860    8017    8308    8977    8411    7948    7887    7745    8173    7758    8126    8027    8432    8460    8852    
168    1978 8473    8526    8262    8663    8139    8220    8837    8706    8407    8287    7817    8303    8107    8252    8297    8797    8716    9003    8974    
168    1979 8139    8837    7747    8940    8033    7847    7888    9000    8836    8497    7893    7703    7910    7761    7871    7340    7816    8510    8568    
168    1980 8094    8379    7683    8573    7514    7934    8273    8765    8372    8248    7563    6732    7820    8194    7784    8013    8348    8453    8832    
168    1981 8182    8532    7733    8774    7702    7814    8357    8926    8543    8087    7597    7419    7567    7865    8003    7943    8552    8570    9113    
168    1982 8133    8457    7687    8569    7634    7741    8525    8539    8000    7926    7403    7565    7920    7484    7826    7930    8681    8960    9335    
168    1983 8231    8704    7862    8910    7898    7679    8624    9068    8264    7881    7623    8181    7443    7635    7952    8333    8587    8953    8839    
168    1984 8201    8677    7908    8934    7647    7774    8690    9026    8938    7742    6880    8294    7620    7848    7848    8947    9026    8087    8158    
168    1985 7997    8222    7607    8038    7622    7503    8533    8600    7282    8084    7397    7377    7573    7216    7723    8370    8119    9123    9045    
168    1986 8306    8802    7767    8928    8126    7536    8629    9294    8393    8810    8217    7355    7577    7539    7494    8453    8642    8790    9113    
168    1987 8304    8711    7934    9014    7588    8089    8592    9032    8886    7823    7017    7906    8403    7665    8210    8403    8181    9207    8961    
168    1988 8177    8664    7614    8648    7495    7812    8647    8577    8390    8671    6807    6984    7957    7903    7581    8463    8626    8853    9300    
168    1989 7864    8710    7245    9016    7303    7073    8303    9042    8671    7771    8097    6068    6923    6981    7310    8137    8313    8460    8684    
168    1990 7868    8334    7210    8451    7217    7020    8680    8803    7804    7894    7433    6332    7773    6668    6642    8480    8174    9403    9058    
168    1991 8216    8665    7730    8770    7840    7783    8532    8526    8721    8135    7373    7997    8230    7800    7332    7647    8668    9277    8926    
168    1992 8285    8852    7749    8938    7627    7897    8631    9055    8828    8371    7770    6745    7650    7829    8203    8310    8639    8943    9097    
168    1993 8203    8687    7556    9118    7148    7507    8969    8810    9482    7235    7043    7161    7183    7661    7665    8627    9003    9277    9394    
168    1994 8117    8817    7654    8864    7891    7265    8602    9087    8032    8048    7767    7855    7460    6719    7623    8527    8197    9097    8997    
168    1995 8174    8561    7727    8777    7872    7382    8638    8716    8600    7781    8517    7339    8187    7300    6684    8397    8652    8867    9129    
168    1996 8027    8664    7446    8804    7448    7338    8700    8594    8683    8071    6467    7774    6987    7355    7661    8417    8658    9027    8632    
168    1997 8028    8588    7497    8528    7562    7590    8346    8735    8182    8271    6867    7526    7317    8058    7387    7813    8155    9077    8926    
168    1998 8303    8505    7984    8567    7889    7890    8856    8523    8218    8123    8357    7203    8010    8023    7642    8707    8932    8927    8990    
168    1999 8035    8776    7420    8874    7741    7236    8353    8635    9011    8190    7930    7110    7317    7000    7394    7797    8397    8863    8865    
168    2000 8089    8644    7696    8666    7891    7661    8281    8832    8276    8613    7403    7642    6947    8465    7548    8150    8387    8303    8461    
168    2001 8128    8506    7497    8588    7783    7158    8771    8729    8571    8584    7893    6874    6957    7316    7194    8783    8394    9150    9148    
168    2002 7912    8432    7517    8549    7293    7604    8349    8552    7882    7435    6903    7529    7063    7552    8181    7853    8326    8870    8761    
168    2003 7613    8237    7066    8326    7154    7067    7979    8490    7661    7281    6467    7694    7167    7123    6916    7013    8342    8570    8594    
168    2004 7954    8340    7471    8524    7374    7549    8237    8687    8276    7577    7317    7226    7450    7600    7594    7640    8065    9013    9013    
168    2005 7810    8437    7230    8537    7441    7158    8127    8345    8221    7965    7443    6916    6287    7390    7768    7560    7955    8873    9000    
168    2006 7834    8451    7304    8693    7470    7175    8132    8335    8750    7832    7260    7310    6900    6229    8387    7740    8187    8467    8668    
168    2007 8028    8284    7574    8514    6991    7892    8671    8406    8464    7532    6033    7377    7957    7694    8029    8340    8765    8907    8845    
168    2008 8058    8486    7584    8404    7422    7752    8552    8452    7883    8039    7533    6697    7553    7877    7819    8033    8665    8953    9177    
168    2009 -999999 -999999 7331    -999999 7453    7147    8145    8510    -999999 7745    7370    7242    7313    7258    6874    7950    8274    8207    8606    
168    2010 7930    8327    7281    8679    7326    6998    8509    8919    8493    7474    6807    7681    6673    6487    7823    8213    8268    9053    9287    
168    2011 7706    8555    7105    8929    6512    7535    8079    9097    8346    7274    6273    5981    7227    7610    7758    7783    7906    8553    8694    
168    2012 7927    8258    7462    8449    7568    7390    8244    8465    8172    7761    7630    7316    7650    7555    6974    7667    8384    8677    8884    
168    2013 7848    8376    7378    8703    7225    7220    8455    8777    8421    7126    6740    7794    7497    7187    6984    8070    8248    9053    8339    
168    2014 7890    8124    7573    8128    7104    7673    8458    8258    7750    7087    7063    7161    7143    7806    8052    8203    8426    8747    8961    
168    2015 7729    8496    7117    8683    7175    6960    8396    8629    8436    7781    6857    6877    6633    6968    7268    8110    8684    8383    8161    
168    2016 7949    8303    7516    8254    7525    7828    8032    8371    8228    7990    7517    7068    8413    7484    7606    7023    8529    8527    8642    
168    2017 7781    8264    7233    8440    7074    7098    8421    8452    8204    7232    7063    6926    6350    7184    7735    8133    8281    8853    8974    
168    2018 7417    8354    6724    8447    7168    6474    7716    8684    7600    7674    6957    6868    7323    5390    6735    7110    7716    8323    8645    
168    2019 7595    8107    6937    8321    7196    6764    8189    8800    7432    7668    6570    7329    6620    6555    7113    7427    8426    8707    8442    
168    2020 -999999 8232    6509    8384    6335    6713    -999999 8700    7983    7132    5883    5974    6823    6906    6413    7060    8226    -999999 -999999 
