EUROPEAN CLIMATE ASSESSMENT & DATASET (ECA&D), file created on: 16-11-2020
THESE DATA CAN BE USED FOR NON-COMMERCIAL RESEARCH AND EDUCATION PROVIDED THAT THE FOLLOWING SOURCE IS ACKNOWLEDGED: 

Klein Tank, A.M.G. and Coauthors, 2002. Daily dataset of 20th-century surface
air temperature and precipitation series for the European Climate Assessment.
Int. J. of Climatol., 22, 1441-1453.
Data and metadata available at http://www.ecad.eu

FILE FORMAT (MISSING VALUE CODE = -999999):

THIS FILE HOLDS DATA FOR STATION HUNGARY                                  BUDAPEST                                 (STAID:     64)
LATITUDE: dd:mm:ss +47:30:39
LONGITUDE: ddd:mm:ss +019:01:14
ELEVATION: m  153

DATA IS FOR INDEX Mean of daily average relative humidity (RH) with unit 0.01 Relative humidity (%)

01-06 SOUID: Source identifier
08-11 YEAR : YYYY
13-20 ANNUAL DATA VALUES
21-28 WINTER HALF YEAR DATA VALUES
29-36 SUMMER HALF YEAR DATA VALUES
37-44 WINTER (DJF) DATA VALUES
45-52 SPRING (MAM) DATA VALUES
53-60 SUMMER (JJA) DATA VALUES
61-68 AUTUMN (SON) DATA VALUES
69-76 JANUARY DATA VALUES
etc. 
157-164 DECEMBER DATA VALUES

64     1971 6724    -999999 5966    -999999 6100    5830    6995    8194    7421    6571    5713    6003    6027    5632    5839    6597    6648    7750    8332    
64     1972 6985    7396    6636    8033    6386    6502    7253    7797    7966    5929    6350    6877    6100    6519    6874    7083    6919    7767    7677    
64     1973 6473    7296    5833    7711    5692    5848    6695    8023    7404    6013    5913    5158    5923    6235    5387    6403    6910    6763    7603    
64     1974 6694    7035    6049    7650    5599    6035    7455    8071    7236    5635    4717    6416    6200    5755    6155    7047    7794    7513    7803    
64     1975 6743    7170    6466    7114    6148    6521    7323    7626    5786    6377    5763    6290    6403    6477    6677    7183    7455    7327    7445    
64     1976 6622    7037    5879    7182    5709    5524    7901    7048    7045    5910    5403    5803    5253    5213    6097    7520    8094    8083    8010    
64     1977 6766    7751    6065    7968    6166    6051    7054    8052    7829    6458    6117    5923    5620    5906    6613    6203    7161    7793    7574    
64     1978 6839    7235    6284    7351    6482    6084    7286    7103    7379    6429    6313    6697    6037    6200    6013    6443    7110    8310    8074    
64     1979 6641    7463    5963    7561    5909    6014    7164    7713    6825    6713    5793    5216    5783    6084    6168    6747    6626    8137    7903    
64     1980 7069    7554    6519    7846    6508    6504    7509    7681    7962    7058    6547    5919    6443    6545    6523    7157    7323    8053    7677    
64     1981 6653    7214    6182    7076    6071    6159    7209    6977    6518    6694    5200    6290    6463    6139    5884    7123    7326    7173    8016    
64     1982 7130    7434    6451    7840    6286    6524    7688    8006    7461    6613    5887    6345    6247    6684    6632    6903    8161    7983    8616    
64     1983 6891    7986    6144    8238    6577    5945    7087    8219    7839    7084    6467    6177    6193    5445    6203    6400    7290    7563    7871    
64     1984 7267    7511    6716    7874    6816    6427    7776    8129    7603    6616    6227    7587    6583    6487    6216    7190    7810    8327    8423    
64     1985 7196    7941    6603    7844    7028    6489    7496    8068    6957    7977    6107    6971    6780    6165    6532    7067    7419    8003    8252    
64     1986 6478    7819    5673    7953    6472    5616    6210    7735    7864    7648    6097    5658    6083    5519    5261    5437    5958    7243    7326    
64     1987 6600    6780    6208    7062    6412    6001    6856    6974    6868    6332    6247    6652    6217    5629    6165    6347    6361    7877    7568    
64     1988 6785    7421    6067    7923    6102    5799    7312    8490    7697    6565    5623    6103    6097    5358    5952    7297    7158    7487    7629    
64     1989 6912    7421    6475    7862    6336    6450    7092    8290    7646    6339    6503    6171    6857    5671    6835    6840    7132    7303    7416    
64     1990 6654    7012    5976    7337    6127    5478    7462    7726    6818    5668    6707    6026    6590    5087    4794    6720    7513    8150    8119    
64     1991 6688    7515    6290    7423    6767    6236    6653    7229    6868    7171    6557    6568    6223    6013    6471    5900    6794    7260    7197    
64     1992 6011    6683    5141    6800    5235    5129    6640    6871    6300    5671    5053    4974    5953    5074    4387    5437    7097    7370    7952    
64     1993 6309    7025    5359    7206    5339    5211    7508    6800    6829    6097    5090    4823    5073    5545    5010    6637    7910    7963    7968    
64     1994 7020    7751    6410    7887    6883    5928    7451    7765    7932    6990    7033    6629    6123    5435    6232    7040    7448    7863    7835    
64     1995 6816    7418    6142    7481    6276    5818    7527    7619    6936    6771    5843    6200    6643    5010    5829    7370    7565    7647    8381    
64     1996 6942    7670    6316    8012    6432    5989    7395    8329    7279    6794    5887    6597    5863    5981    6119    7457    7245    7487    8248    
64     1997 6567    7411    5843    7966    5689    5955    6705    8419    7150    5894    5560    5610    5813    6306    5742    6023    6248    7860    8200    
64     1998 6629    6745    6263    7212    5802    5868    7655    7665    5618    4806    6407    6213    6107    6103    5403    7383    7832    7743    8210    
64     1999 7244    7699    6653    8123    6214    6909    7711    8603    7496    6294    6280    6071    7207    6816    6713    6843    7471    8827    8335    
64     2000 6767    7770    5758    7882    6072    5411    7601    8013    7259    6719    6013    5481    4710    6252    5248    6853    7403    8553    8706    
64     2001 7248    8090    6487    8314    6409    6412    8014    8932    7196    7677    6263    5281    6340    6732    6161    8190    8045    7807    8335    
64     2002 6980    7612    6328    7964    6078    6248    7689    8090    7414    5968    5977    6287    5837    5839    7055    6967    7835    8260    8248    
64     2003 6424    7698    5398    8063    5548    5341    7009    8535    7336    5958    5230    5445    5230    5994    4797    5690    7216    8113    7590    
64     2004 6702    7356    6085    7277    6407    6078    6958    7471    6734    6994    6020    6194    6337    6103    5803    6060    7600    7193    7881    
64     2005 6675    7162    6194    7439    5805    6272    7222    7284    7121    5887    5713    5813    5577    6287    6929    6830    7081    7760    7835    
64     2006 6570    7345    5927    7588    6111    5879    6653    7332    7596    6500    5683    6135    5913    5235    6490    6100    6342    7527    8052    
64     2007 6024    7015    5213    7428    5176    5093    6647    6939    7279    5997    3960    5532    5287    4497    5503    6503    6626    6813    7429    
64     2008 6021    6552    5469    6759    5426    5470    6536    7045    5738    5619    5437    5223    5697    5519    5200    5753    6755    7093    7155    
64     2009 6238    6981    5256    7272    5186    5587    6814    7316    7354    6255    4270    5003    6107    5329    5342    5487    6919    8033    7513    
