EUROPEAN CLIMATE ASSESSMENT & DATASET (ECA&D), file created on: 16-11-2020
THESE DATA CAN BE USED FOR NON-COMMERCIAL RESEARCH AND EDUCATION PROVIDED THAT THE FOLLOWING SOURCE IS ACKNOWLEDGED: 

Klein Tank, A.M.G. and Coauthors, 2002. Daily dataset of 20th-century surface
air temperature and precipitation series for the European Climate Assessment.
Int. J. of Climatol., 22, 1441-1453.
Data and metadata available at http://www.ecad.eu

FILE FORMAT (MISSING VALUE CODE = -999999):

THIS FILE HOLDS DATA FOR STATION GERMANY                                  KAISERSLAUTERN                           (STAID:     50)
LATITUDE: dd:mm:ss +49:25:31
LONGITUDE: ddd:mm:ss +007:44:12
ELEVATION: m  285

DATA IS FOR INDEX Mean of daily average relative humidity (RH) with unit 0.01 Relative humidity (%)

01-06 SOUID: Source identifier
08-11 YEAR : YYYY
13-20 ANNUAL DATA VALUES
21-28 WINTER HALF YEAR DATA VALUES
29-36 SUMMER HALF YEAR DATA VALUES
37-44 WINTER (DJF) DATA VALUES
45-52 SPRING (MAM) DATA VALUES
53-60 SUMMER (JJA) DATA VALUES
61-68 AUTUMN (SON) DATA VALUES
69-76 JANUARY DATA VALUES
etc. 
157-164 DECEMBER DATA VALUES

50     1901 8050    -999999 7310    -999999 7553    7101    8593    8919    9014    8658    7130    6858    6613    6929    7745    8600    8694    8483    9006    
50     1902 7823    8579    7123    8822    7450    6872    8309    8916    8514    7848    7167    7326    6953    6300    7365    7643    8597    8677    8610    
50     1903 7749    8110    7423    7998    7460    7168    8400    7897    7432    7400    7943    7052    6940    7177    7381    8070    8332    8800    8558    
50     1904 7982    8479    7347    8366    7718    7228    8446    8335    8193    8645    7353    7145    7113    6461    8106    7913    8623    8797    9084    
50     1905 7746    8570    6973    8721    7211    6642    8453    8455    8614    7861    7080    6687    6727    6290    6913    8177    8445    8737    9039    
50     1906 7947    8585    7407    8732    7684    7266    8259    8487    8664    8148    7227    7661    7277    7297    7226    7757    8403    8613    8648    
50     1907 7920    8501    7290    8740    7382    7198    8353    8861    8707    7797    7463    6887    6820    7406    7355    7813    8500    8740    8735    
50     1908 7967    8453    7556    8527    7816    7287    8234    8497    8338    7910    7787    7752    7030    7029    7794    7947    8187    8570    8774    
50     1909 7857    8330    7261    8437    6922    7474    8607    8158    8371    7932    6683    6142    7247    7735    7432    8340    8581    8900    8803    
50     1910 8081    8541    7580    8681    7180    7676    8701    8813    8400    7748    6813    6968    7627    7674    7726    8687    8568    8853    9116    
50     1911 7585    8623    6637    8779    7297    6311    8036    8932    8236    8000    6753    7119    7073    5929    5955    7020    8261    8820    8958    
50     1912 7901    8579    7237    8816    7225    7230    8312    8790    8693    7968    6787    6906    6907    6894    7881    8050    8300    8587    9058    
50     1913 7873    8261    7503    8411    7322    7380    8514    8590    7496    7471    7223    7268    6840    7848    7435    8403    8403    8740    8716    
50     1914 7989    8488    7472    8600    7308    7618    8504    8577    8496    8003    6367    7523    7523    7584    7745    8073    8687    8747    8552    
50     1915 7873    8663    7171    8761    7615    6948    8137    9016    8711    8271    7570    7003    6170    6881    7768    7630    8432    8340    8713    
50     1916 8025    8332    7695    8457    7634    7600    8401    8400    8245    7855    7713    7335    7503    7713    7581    8340    8429    8433    8761    
50     1917 8216    8419    7851    8424    7772    7954    8686    8352    8132    8377    7607    7326    7737    7848    8271    8323    8687    9047    8868    
50     1918 7932    8796    7273    8910    8011    6717    8163    9029    8825    8332    8527    7190    6513    6568    7065    7810    8255    8420    8716    
50     1919 7880    8220    7299    8331    7193    7261    8674    8306    7932    7668    7300    6616    7340    7645    6800    8120    8855    9040    8955    
50     1920 7980    8682    7577    8822    7587    7401    8048    8868    8631    7752    7600    7410    7277    7232    7690    8263    7968    7917    9168    
50     1921 7369    8357    6650    8832    7286    6225    7526    8739    8564    7790    6823    7229    6290    5771    6616    7183    7626    7767    8100    
50     1922 7554    7847    7016    7977    7042    6848    8227    8194    7600    7771    7487    5884    6403    6871    7255    8233    7971    8487    8513    
50     1923 7612    8212    6976    8397    7143    6801    8113    8461    8196    7648    6703    7065    7347    6461    6613    7693    8352    8287    8555    
50     1924 7633    8051    7228    8220    6991    7124    8201    8200    7883    7026    7333    6626    6750    6771    7839    8063    8361    8173    8577    
50     1925 7676    8125    7378    8173    7389    7207    8119    8165    7736    7700    7483    6987    6623    7190    7787    8203    8000    8157    8084    
50     1926 7675    8019    7207    8174    7173    7268    7949    8165    8286    7452    6523    7523    7243    7390    7171    7373    8187    8280    8526    
50     1927 7800    8212    7427    8357    7298    7497    8152    8677    7814    7752    7347    6797    7150    7506    7823    7947    8000    8513    8265    
50     1928 7447    8076    6745    8184    7022    6614    7855    8419    7845    7413    6977    6674    6773    6116    6958    6990    8194    8370    8635    
50     1929 7287    7976    6799    7966    6879    6897    7720    7942    7250    7406    6663    6561    6910    6842    6939    6883    7845    8427    7768    
50     1930 7662    7887    7297    7843    7398    7071    8156    8239    7489    7535    7300    7355    6740    7294    7168    7930    8381    8150    8332    
50     1931 7434    7851    7184    8102    6593    7272    7830    7974    7989    6303    6807    6677    6687    7277    7832    7813    7652    8030    8203    
50     1932 7577    7686    7273    7935    7048    7132    8081    8390    7162    6658    7270    7223    6843    7413    7129    7760    7948    8540    8565    
50     1933 7378    7857    6988    7993    6916    6860    8013    7852    7518    6706    6647    7387    7017    6710    6858    7310    8119    8607    7823    
50     1934 7424    8053    6711    8001    6797    6662    7984    8413    7743    7603    6363    6410    6483    6258    7239    7523    8016    8410    8626    
50     1935 7301    7997    6717    8251    6939    6291    7880    8352    7725    6839    7573    6426    6720    5845    6323    7467    7903    8270    8235    
50     1936 7623    7883    7339    7969    7025    7372    7988    8048    7600    7235    7337    6513    7233    7335    7542    8093    7700    8180    8668    
50     1937 7536    8004    7002    8219    7254    6777    7989    7955    8014    7513    7573    6687    6737    6710    6884    7447    8135    8380    8445    
50     1938 7381    7955    6940    8161    6546    6975    8031    8303    7689    6768    6583    6287    6160    7174    7565    7867    7916    8313    7958    
50     1939 7585    7927    7182    7921    7320    6960    8035    8126    7654    7581    7180    7194    6470    6913    7481    7853    8235    8010    8300    
50     1940 8018    8227    7606    8523    7407    7627    8403    8732    8538    7561    7573    7090    6973    8006    7881    8107    8642    8453    8658    
50     1941 8047    8376    7628    8621    7222    7836    8459    8816    8364    7323    7410    6939    7597    7661    8242    7923    8697    8750    8855    
50     1942 7917    8544    7389    8576    7385    7539    8246    8358    8507    8100    6627    7403    7400    7974    7239    7673    8303    8760    8674    
50     1943 7894    8322    7432    8452    7330    7418    8235    8506    8146    7539    7333    7119    7880    7213    7177    7897    8119    8693    9139    
50     1944 7742    8404    7151    8692    6827    7323    8440    8758    8145    7561    6980    5945    7297    7803    6868    8043    8465    8810    8255    
50     1945 -999999 -999999 -999999 -999999 -999999 -999999 -999999 -999999 -999999 -999999 -999999 -999999 -999999 -999999 -999999 -999999 -999999 -999999 -999999 
50     1946 -999999 -999999 -999999 -999999 -999999 -999999 -999999 -999999 -999999 -999999 -999999 -999999 -999999 -999999 -999999 -999999 -999999 -999999 -999999 
50     1947 -999999 -999999 -999999 -999999 -999999 -999999 -999999 -999999 -999999 -999999 -999999 -999999 -999999 -999999 -999999 -999999 -999999 -999999 -999999 
50     1948 -999999 -999999 -999999 -999999 -999999 -999999 -999999 -999999 -999999 -999999 -999999 -999999 -999999 -999999 -999999 -999999 -999999 -999999 -999999 
50     1949 -999999 -999999 -999999 -999999 -999999 -999999 -999999 -999999 -999999 -999999 -999999 -999999 -999999 -999999 -999999 -999999 -999999 -999999 -999999 
50     1950 -999999 -999999 -999999 -999999 -999999 -999999 8690    -999999 -999999 -999999 -999999 -999999 -999999 -999999 7771    8657    8445    8977    9300    
50     1951 8072    8719    7591    8934    7549    7668    8202    9023    8432    8119    7240    7277    7927    7410    7677    8030    7955    8630    9165    
50     1952 -999999 8569    -999999 9018    -999999 -999999 -999999 8994    8886    7810    -999999 -999999 -999999 -999999 -999999 -999999 -999999 -999999 -999999 
50     1953 -999999 -999999 -999999 -999999 -999999 -999999 -999999 -999999 -999999 -999999 -999999 -999999 -999999 -999999 -999999 -999999 -999999 -999999 -999999 
50     1954 7890    -999999 7432    -999999 7098    7543    8408    8271    8261    7490    7190    6616    7173    7429    8016    8173    8548    8497    9035    
50     1955 7997    8520    7464    8861    7012    7665    8451    8842    8689    7523    6400    7094    7360    7697    7929    8293    8339    8723    9106    
50     1956 8115    8355    7787    8581    7345    7829    8759    8548    8055    7352    7697    6997    7923    7626    7942    8563    8926    8783    8981    
50     1957 7890    8547    7402    8727    7028    7391    8458    8884    8271    7416    7053    6616    6730    7319    8103    8593    8255    8533    8923    
50     1958 8251    8444    7911    8663    7862    7737    8744    8684    8354    7910    8020    7661    7450    7561    8190    8593    8600    9043    8958    
50     1959 8053    8689    7474    8718    7876    7477    8079    8890    8261    8352    7843    7432    7350    7100    7977    7137    8039    9063    9184    
50     1960 8339    8610    8024    8725    8008    8041    8623    8484    8493    8406    7740    7868    7693    7894    8526    8417    8706    8743    9081    
50     1961 8686    8731    8368    8962    8348    8191    9147    9126    8650    8074    8587    8390    8340    8000    8239    8670    9352    9413    9394    
50     1962 8927    9295    8659    9368    8897    8390    9187    9500    9193    8913    8883    8894    8187    8561    8416    9017    9242    9300    9039    
50     1963 8293    8993    7775    9003    7922    7659    8611    9023    8943    8416    8067    7287    7853    7106    8023    8343    8719    8767    9026    
50     1964 7834    8626    7054    8716    7537    6774    8330    8961    8124    8129    7513    6968    6657    6258    7403    7543    8610    8827    9006    
50     1965 8228    8657    7787    8868    7876    7397    8823    9323    8211    7926    8133    7577    7533    7252    7410    8857    8671    8947    8910    
50     1966 8137    8491    7768    8498    7623    7871    8536    8300    8261    7852    7900    7126    7727    7932    7948    7983    8629    8993    9006    
50     1967 8124    8513    7689    8630    7370    7675    8827    8581    8268    7590    7317    7200    7683    7368    7974    8607    8829    9047    9042    
50     1968 8243    8754    7744    8887    7398    7860    8829    8884    8724    8006    6777    7390    7353    7648    8561    8723    8868    8893    9077    
50     1969 8262    8813    7834    8950    7676    7957    8600    9042    8707    8281    7587    7158    7793    7861    8210    8407    8806    8580    8739    
50     1970 8107    8705    7658    8942    7739    7787    7998    9242    8836    8039    7693    7484    7497    7910    7945    7407    8335    8240    8681    
50     1971 7371    8188    6713    8378    6897    6718    7527    8387    8032    7442    6523    6713    7273    6235    6665    6887    7194    8513    8639    
50     1972 7693    7960    7390    8288    7311    7282    8043    8197    8010    7226    7073    7626    7100    7261    7477    7793    7716    8630    8219    
50     1973 7637    8071    7016    8382    6754    7050    8151    8729    8179    6984    6793    6487    6920    7184    7042    7680    8184    8587    8906    
50     1974 7768    8357    7114    8444    7203    7192    8322    8487    7886    8055    6503    7029    7070    7139    7365    7573    8906    8467    8703    
50     1975 7755    8418    7191    8276    7620    6899    8274    8471    7586    8297    7600    6961    7073    6506    7123    7917    8313    8590    8610    
50     1976 7519    8347    6645    8675    6826    6139    8415    8774    8638    7184    6720    6571    6003    5942    6468    8197    8526    8520    8735    
50     1977 7826    8418    7248    8653    7161    7308    8162    8829    8368    7526    7207    6752    7520    6868    7542    7620    8429    8427    8861    
50     1978 7893    8359    7460    8529    7465    7412    8282    8442    8257    7732    6777    7865    7230    7477    7523    7870    8316    8660    8571    
50     1979 7786    8410    7293    8517    7468    7227    8063    8629    8332    7952    7497    6958    7340    6761    7584    7640    7994    8557    8235    
50     1980 7987    8152    7525    8253    7028    7746    8695    8455    8055    7623    7003    6458    7327    7813    8084    8470    8806    8803    8942    
50     1981 8121    8676    7662    8722    7742    7686    8345    8868    8318    8287    7647    7290    7400    7723    7926    7987    8597    8443    8958    
50     1982 7977    8503    7358    8716    7387    7295    8605    8935    8204    7848    7150    7155    7097    6839    7942    7970    9419    8400    8748    
50     1983 7743    8470    7320    8333    7936    6785    8070    8477    7714    7987    7663    8148    6920    6661    6777    7763    8171    8273    8348    
50     1984 7821    8089    7322    8270    7375    6937    8524    8513    7928    7297    7017    7800    7047    6648    7119    8313    8365    8900    8910    
50     1985 7454    8469    6975    8503    7489    6790    7441    8581    7968    8055    7213    7190    6920    6461    6994    7080    7287    7960    7771    
50     1986 7557    7465    7245    7467    7065    7198    8208    7729    6839    7158    6543    7477    7157    6997    7439    7850    8339    8430    8648    
50     1987 7924    8322    7520    8586    7250    7670    8255    8332    8796    7435    6820    7481    7817    7465    7732    7800    8265    8700    8513    
50     1988 7732    8379    7148    8399    7404    7029    8075    8468    8203    8126    6943    7129    7433    6968    6700    7733    8268    8217    8606    
50     1989 7374    8176    6783    8501    6950    6520    7696    8652    8218    7100    7717    6058    6407    6329    6819    7403    7790    7890    8181    
50     1990 7476    7809    6939    8004    6834    6830    8131    8397    7375    7184    6880    6439    7410    6332    6768    7850    7877    8673    8545    
50     1991 7348    8048    6627    8077    6999    6376    8022    8110    7521    7532    6893    6568    7007    6287    5855    7190    8152    8720    8377    
50     1992 7519    8225    6838    8327    6771    6929    8048    8368    8231    7519    6683    6106    7117    6823    6855    7470    8239    8430    8419    
50     1993 7406    8109    6830    8383    6890    6426    8047    8229    8514    6871    6843    6955    6477    6623    6181    7927    8265    7943    8142    
50     1994 -999999 7777    -999999 7757    6811    -999999 -999999 7797    7286    7190    6717    6523    6030    -999999 -999999 -999999 -999999 -999999 -999999 
50     1995 -999999 -999999 -999999 -999999 -999999 -999999 -999999 -999999 -999999 -999999 -999999 -999999 -999999 -999999 -999999 -999999 -999999 -999999 -999999 
50     1996 -999999 -999999 -999999 -999999 -999999 -999999 -999999 -999999 -999999 -999999 -999999 -999999 -999999 -999999 -999999 -999999 -999999 -999999 -999999 
50     1997 -999999 -999999 -999999 -999999 -999999 -999999 -999999 -999999 -999999 -999999 -999999 -999999 -999999 -999999 -999999 -999999 -999999 -999999 -999999 
50     1998 -999999 -999999 -999999 -999999 -999999 -999999 8598    -999999 -999999 -999999 -999999 -999999 -999999 -999999 -999999 8480    8629    8683    8916    
50     1999 8115    8601    7668    8647    7970    7480    8379    8471    8543    8361    7890    7655    7437    7352    7652    8037    8481    8617    8916    
50     2000 -999999 -999999 -999999 -999999 -999999 -999999 -999999 8558    -999999 -999999 -999999 -999999 -999999 -999999 -999999 -999999 -999999 -999999 -999999 
50     2001 -999999 -999999 -999999 -999999 -999999 -999999 -999999 -999999 -999999 -999999 -999999 -999999 -999999 -999999 -999999 -999999 -999999 -999999 -999999 
50     2002 -999999 -999999 -999999 -999999 -999999 -999999 -999999 -999999 -999999 -999999 -999999 -999999 -999999 -999999 -999999 -999999 -999999 -999999 -999999 
50     2003 -999999 -999999 -999999 -999999 -999999 -999999 -999999 -999999 -999999 -999999 -999999 -999999 -999999 -999999 -999999 -999999 -999999 -999999 -999999 
50     2004 -999999 -999999 -999999 -999999 -999999 -999999 -999999 -999999 -999999 -999999 -999999 -999999 -999999 -999999 -999999 -999999 -999999 -999999 -999999 
50     2005 -999999 -999999 6719    -999999 6933    6557    7878    -999999 -999999 7310    6973    6516    6090    6458    7106    7173    8023    8433    8597    
50     2006 7631    8121    7051    8290    7061    6847    8360    8242    8004    7429    6780    6965    6473    6077    7977    8037    8526    8513    8558    
50     2007 7691    8298    7104    8377    6801    7341    8258    8184    8389    7635    5817    6919    7450    7145    7432    7853    8313    8607    8577    
50     2008 7722    8170    7192    8123    7200    7080    8392    7984    7786    7742    7560    6310    7060    6794    7387    8080    8519    8573    8890    
50     2009 7735    8383    7231    8530    7245    7159    8135    8384    8293    7635    6997    7094    7057    7413    7003    7875    8177    8333    8600    
50     2010 7791    8213    7273    8597    7126    7059    8321    8810    8357    7016    6437    7903    6707    6813    7645    8117    8232    8617    8848    
50     2011 7583    8240    6923    8596    6226    7337    8300    8590    8321    6848    6180    5648    7023    7458    7519    7717    8268    8917    8561    
50     2012 7680    8168    7206    8254    7027    7214    8231    8490    7672    7094    7077    6913    7427    7265    6958    7613    8390    8683    8584    
50     2013 7825    8382    7283    8591    7439    6925    8398    8761    8411    7474    6860    7965    7103    6668    7010    8097    8390    8707    8497    
50     2014 7802    8199    7228    8357    6895    7150    8696    8523    8018    7061    6510    7100    6290    7423    7710    8320    8665    9103    8890    
50     2015 7662    8527    6818    8630    6849    6678    8482    8790    8164    7535    6217    6774    6893    6100    7048    7893    8684    8863    9006    
50     2016 8030    8591    7449    8714    7520    7482    8374    8771    8341    7874    7423    7258    8203    7077    7187    7570    8906    8627    9126    
50     2017 7779    8497    7099    8712    6837    7061    8590    8594    8386    7335    6150    7003    6493    7035    7635    8267    8558    8947    8968    
50     2018 7635    8468    6931    8479    7279    6762    8030    8790    7593    7884    6610    7323    7273    6268    6761    7367    8113    8607    9010    
50     2019 7700    8280    6902    8514    7287    6548    8478    8726    7732    7448    7133    7274    6663    6219    6765    7373    8732    9320    9003    
50     2020 -999999 8529    6390    8703    6355    6489    -999999 8958    8110    7048    5600    6394    7107    5948    6432    6873    8213    -999999 -999999 
