EUROPEAN CLIMATE ASSESSMENT & DATASET (ECA&D), file created on: 16-11-2020
THESE DATA CAN BE USED FOR NON-COMMERCIAL RESEARCH AND EDUCATION PROVIDED THAT THE FOLLOWING SOURCE IS ACKNOWLEDGED: 

Klein Tank, A.M.G. and Coauthors, 2002. Daily dataset of 20th-century surface
air temperature and precipitation series for the European Climate Assessment.
Int. J. of Climatol., 22, 1441-1453.
Data and metadata available at http://www.ecad.eu

FILE FORMAT (MISSING VALUE CODE = -999999):

THIS FILE HOLDS DATA FOR STATION FRANCE                                   BORDEAUX-MERIGNAC                        (STAID:     34)
LATITUDE: dd:mm:ss +44:49:50
LONGITUDE: ddd:mm:ss -000:41:29
ELEVATION: m   47

DATA IS FOR INDEX Mean of daily average relative humidity (RH) with unit 0.01 Relative humidity (%)

01-06 SOUID: Source identifier
08-11 YEAR : YYYY
13-20 ANNUAL DATA VALUES
21-28 WINTER HALF YEAR DATA VALUES
29-36 SUMMER HALF YEAR DATA VALUES
37-44 WINTER (DJF) DATA VALUES
45-52 SPRING (MAM) DATA VALUES
53-60 SUMMER (JJA) DATA VALUES
61-68 AUTUMN (SON) DATA VALUES
69-76 JANUARY DATA VALUES
etc. 
157-164 DECEMBER DATA VALUES

34     1920 -999999 -999999 -999999 -999999 -999999 -999999 -999999 -999999 -999999 -999999 -999999 -999999 -999999 -999999 -999999 -999999 -999999 -999999 8629    
34     1921 -999999 -999999 -999999 8386    -999999 5663    7366    8594    7886    5826    -999999 7023    5740    4858    6394    7050    7226    7827    8971    
34     1922 7238    7935    6204    8410    6579    5945    7975    8674    7496    7371    7277    5113    6003    5771    6061    7057    8368    8487    9194    
34     1923 -999999 -999999 -999999 -999999 -999999 -999999 -999999 -999999 -999999 -999999 -999999 -999999 -999999 -999999 -999999 -999999 -999999 -999999 -999999 
34     1924 7374    -999999 6443    -999999 6618    6275    7998    8852    7738    6910    6377    6561    5643    6752    6410    6900    8206    8880    9232    
34     1925 7510    8442    6619    8939    7060    6214    8069    9139    8393    6813    7567    6816    5593    6916    6113    6710    8587    8893    8623    
34     1926 7266    8348    6131    8477    6751    5762    7891    8677    8093    7206    6660    6384    6243    5952    5106    6473    7984    9213    9265    
34     1927 7157    8399    6317    8557    6520    6243    7608    8916    7375    7568    6227    5755    6147    6210    6371    7213    7374    8243    8477    
34     1928 6461    7826    5162    8086    6333    4853    6546    8629    7086    7110    6373    5516    5573    4468    4542    4530    7042    8050    8616    
34     1929 6544    7261    5551    7902    5184    5654    7235    8000    7004    4855    4990    5700    6013    5552    5410    5640    7342    8720    9316    
34     1930 7966    8488    7117    8941    7459    6920    8580    9081    8371    8097    7350    6926    7020    6694    7048    7687    8800    9247    9290    
34     1931 7641    8904    6575    9074    7002    6610    7949    9168    8732    8181    6203    6597    6063    6684    7065    6817    7890    9143    9177    
34     1932 7601    8303    6734    8503    6825    6608    8521    9006    7245    7313    6493    6658    6197    7006    6606    7443    8871    9237    9074    
34     1933 7284    8433    6186    8483    6290    5916    8497    8477    7836    7071    5233    6532    6650    6000    5123    7607    8703    9173    9042    
34     1934 7462    8726    6187    8679    6912    5864    8466    8745    8204    8455    6687    5587    6187    5248    6168    7300    8671    9420    8942    
34     1935 7465    8566    6386    8662    6842    5949    8432    8768    8236    7355    6750    6419    6233    5732    5890    7327    8842    9113    8981    
34     1936 7498    8484    6820    8575    7077    6658    7652    8590    8124    7248    6923    7055    6450    7371    6145    6973    7416    8573    9106    
34     1937 7218    8231    6079    8702    6726    5491    8030    8423    8564    7348    7153    5690    5667    5800    5013    7210    8126    8750    9000    
34     1938 7001    7856    5969    8310    5407    5753    8537    8665    7154    5403    4490    6297    5380    5226    6642    7770    8565    9277    9126    
34     1939 7273    8462    6215    8557    6553    6212    7859    8748    7714    7297    6323    6032    6437    6145    6061    6303    8481    8773    8958    
34     1940 -999999 8296    -999999 8534    6790    -999999 -999999 8394    8231    6948    6763    6658    6743    6681    -999999 -999999 -999999 -999999 -999999 
34     1941 -999999 -999999 -999999 -999999 -999999 -999999 -999999 -999999 -999999 -999999 -999999 -999999 -999999 -999999 -999999 -999999 -999999 -999999 -999999 
34     1942 -999999 -999999 -999999 -999999 -999999 -999999 -999999 -999999 -999999 -999999 -999999 -999999 -999999 -999999 -999999 -999999 -999999 -999999 -999999 
34     1943 -999999 -999999 -999999 -999999 -999999 -999999 -999999 -999999 -999999 -999999 -999999 -999999 -999999 -999999 -999999 -999999 -999999 -999999 -999999 
34     1944 -999999 -999999 -999999 -999999 -999999 -999999 -999999 -999999 -999999 -999999 -999999 -999999 -999999 -999999 -999999 -999999 -999999 -999999 -999999 
34     1945 7700    -999999 7042    -999999 7218    7001    7822    8768    8929    8016    6683    6919    7170    6497    7342    7643    7152    8693    8658    
34     1946 7973    8165    7701    8528    7676    7596    8149    8719    8171    7613    7610    7803    7667    7345    7777    8010    8181    8257    8529    
34     1947 7930    8182    7401    8352    7377    7267    8605    8294    8221    7616    7210    7300    7260    7316    7226    8103    8561    9153    8923    
34     1948 8140    8551    7815    8666    7655    7835    8463    8829    8217    7623    7543    7797    7897    7477    8132    8043    8213    9140    8781    
34     1949 7960    8514    7199    8671    7608    6761    8552    9071    8107    7755    7547    7519    7457    6323    6526    7867    8523    9267    9581    
34     1950 8252    8809    7726    9121    7689    7495    8880    9139    8593    7748    8030    7300    7497    7323    7665    8570    8971    9097    9126    
34     1951 8415    8902    8014    9027    8115    7863    8662    9132    8800    8281    8147    7919    8313    7129    8161    8440    8923    8613    9158    
34     1952 8123    8731    7466    8901    7660    7211    8734    8981    8541    8155    7600    7223    7227    7052    7355    8367    8897    8933    9158    
34     1953 7867    8366    7446    8682    6962    7562    8426    8755    8075    6371    7293    7232    7960    7752    6987    7463    8526    9287    8742    
34     1954 8115    8638    7635    8568    7616    7679    8478    8545    8400    8326    6903    7597    7273    7590    8161    8270    8616    8543    9135    
34     1955 8002    8472    7567    8784    7024    7754    8436    9029    8125    7352    6340    7358    7750    7948    7565    8437    8348    8537    9271    
34     1956 7973    8282    7644    8548    7117    7805    8501    8955    7341    7213    6810    7319    7583    7839    7987    8320    8419    8767    9068    
34     1957 8004    8498    7563    8678    7493    7486    8402    8829    8079    7794    7180    7497    7350    7690    7413    8253    8155    8807    9000    
34     1958 8142    8498    7748    8676    7670    7804    8563    8913    8054    8026    7403    7571    7577    7903    7926    8103    8519    9067    8619    
34     1959 7981    8474    7477    8487    7708    7148    8467    8461    8368    7819    7637    7665    7130    7168    7145    8133    8397    8873    9003    
34     1960 8231    8540    7772    8624    7639    7764    8845    8410    8448    8116    7407    7387    7407    7755    8119    8560    8965    9007    9184    
34     1961 8080    8721    7680    9017    7773    7589    8190    9065    8779    7342    8133    7855    7770    7610    7394    7323    8348    8893    8513    
34     1962 7920    8314    7367    8423    7493    7236    8390    8571    8161    7400    7420    7658    6573    7426    7687    7417    8687    9057    8965    
34     1963 8387    8548    8197    8576    7746    8342    8889    8445    8289    7835    7733    7668    8433    8061    8535    8763    9026    8873    8977    
34     1964 8229    8752    7727    8901    7893    7562    8743    9339    8352    7923    7997    7765    7950    7248    7500    7923    9052    9243    8471    
34     1965 8175    8452    7951    8244    7840    7682    8735    8632    7564    7687    8143    7700    7690    7794    7561    8843    8713    8650    9081    
34     1966 8133    8643    7561    8788    7635    7647    8438    8803    8446    8148    7577    7177    7687    7661    7594    7680    8684    8943    9210    
34     1967 8271    8694    7888    8794    7970    7722    8707    8771    8361    8171    7733    7997    7803    7694    7671    8440    8629    9053    8939    
34     1968 8182    8554    7805    8627    7914    7540    8589    8723    8193    7781    7843    8116    7507    7068    8045    8257    8655    8853    9139    
34     1969 8206    8619    7891    8741    7878    7646    8685    8826    8207    8003    7753    7874    7780    7248    7913    8797    8565    8697    8816    
34     1970 8163    8537    7797    8719    7797    7777    8386    8732    8596    7829    7827    7735    7847    7523    7965    7890    8604    8707    8819    
34     1971 8278    8458    8011    8677    7847    7942    8534    8558    8650    7471    7870    8200    8303    7548    7987    8167    8774    8653    9184    
34     1972 8376    8639    7985    8873    7977    7909    8768    8771    8648    7806    8007    8119    7870    7552    8303    8060    8887    9353    9145    
34     1973 8276    8680    8130    9041    7305    8522    8440    9323    8614    6771    7287    7858    8467    8984    8113    8053    8568    8693    8597    
34     1974 7998    8458    7564    8387    7971    7222    8396    8271    8282    8326    7637    7939    7033    7426    7200    8157    8555    8470    8690    
34     1975 7848    8282    7449    8326    7492    7292    8122    8661    7550    7700    7150    7616    7647    7152    7090    8053    8035    8280    9203    
34     1976 7777    8392    7177    8910    7185    6996    8113    9023    8476    7339    7023    7187    6513    7232    7226    7877    8168    8293    8968    
34     1977 8221    8442    7819    8824    7860    7846    8352    8832    8657    7752    7830    7997    7407    8139    7977    7540    8832    8667    9019    
34     1978 8063    8709    7571    8898    7865    7459    8160    9132    8504    8077    7623    7887    7673    7603    7106    7537    8071    8877    8690    
34     1979 7982    8389    7592    8407    7822    7462    8292    8426    8071    8184    7593    7681    7637    7006    7748    7897    8368    8610    8561    
34     1980 8078    8480    7753    8543    7883    7948    8108    8416    8659    8284    7103    8235    8343    7948    7565    7307    8803    8190    8074    
34     1981 8075    8257    7621    8169    7901    7374    8570    8371    8050    8032    7560    8100    7203    7748    7165    7943    8994    8760    8942    
34     1982 7997    8766    7341    8960    7248    7550    8298    8974    8964    7984    6253    7474    8067    6997    7603    7650    8584    8650    8813    
34     1983 8023    8615    7673    8719    7843    7635    8071    8803    8521    8310    7417    7790    7277    7655    7961    7923    7897    8400    8335    
34     1984 7852    8258    7097    8551    7022    7122    8473    8961    8341    7626    5840    7561    7390    6610    7374    7800    8761    8847    9094    
34     1985 7751    8380    7434    8438    7435    7515    7681    8265    7904    7377    7167    7752    7503    7510    7532    7127    7619    8300    8945    
34     1986 8055    8348    7379    8772    7703    7132    8545    9032    8293    7894    7930    7294    7190    6861    7345    7677    8810    9140    9213    
34     1987 8306    8829    7725    8941    7674    7876    8732    8681    8929    8223    7553    7242    8000    8068    7565    7930    9035    9220    9268    
34     1988 8196    8813    7805    8758    8282    7483    8266    9094    7855    8355    8237    8252    7603    7287    7561    7903    8474    8413    9281    
34     1989 7619    8551    7132    8953    7420    6941    7821    9235    8279    7590    8397    6303    6767    6932    7119    7307    7952    8200    7419    
34     1990 7536    8032    6736    8258    7221    6476    7848    8855    8525    7294    7750    6635    7010    6081    6355    6620    7900    9023    8490    
34     1991 7972    8357    7428    8431    7665    7191    8585    8426    8371    7955    7643    7397    7603    7181    6803    7970    8697    9083    8587    
34     1992 8084    8302    7888    8185    7343    8146    8582    8490    7428    7494    7517    7026    7970    7994    8468    8360    8652    8733    8845    
34     1993 7714    8184    7377    8171    7578    6986    8155    8297    7286    7223    8203    7329    7297    7100    6571    7797    8184    8483    8790    
34     1994 7904    8359    7296    8576    7372    7096    8557    8613    8296    7784    7187    7139    6840    7087    7352    8180    8468    9027    8903    
34     1995 7584    8497    6944    8640    7199    6688    7921    8426    8586    7600    7213    6784    6703    6597    6765    7623    8055    8080    8652    
34     1996 7593    8064    6914    8448    6976    6808    8113    8577    8093    6929    6947    7052    6410    6800    7200    7067    8397    8867    8771    
34     1997 7631    8378    6991    8584    6645    7371    7907    8697    8254    7287    5603    7010    7367    7206    7539    7197    7668    8863    8894    
34     1998 7684    8134    7219    8486    7217    6934    8178    8300    8239    6871    8127    6684    7090    7329    6387    7737    8465    8323    8723    
34     1999 7746    8278    7310    8440    7613    7059    7990    8377    8196    7577    7780    7487    6937    6932    7303    7430    8142    8393    8426    
34     2000 7609    8075    7068    8345    7193    6852    8133    8290    8317    6906    7433    7248    6980    6887    6694    7177    8381    8833    8206    
34     2001 7499    8262    6932    8077    7434    6700    7778    8274    7714    8129    7280    6887    6183    7068    6832    7340    7810    8183    8277    
34     2002 7687    7962    7246    8162    7149    7349    8027    8177    8018    7316    7000    7126    7190    7200    7652    7303    8061    8717    8494    
34     2003 7432    8001    6854    8161    6757    6909    7885    8177    7775    6784    6293    7177    7127    6955    6652    6910    8055    8683    8606    
34     2004 7655    8179    7092    8368    7158    6975    8013    8590    7876    7261    7297    6919    6507    7168    7235    7427    8042    8570    8952    
34     2005 7378    8146    6805    8409    7067    6420    7792    8503    7704    7074    7510    6632    6397    6513    6348    7460    7939    7973    8506    
34     2006 7634    8148    6997    8449    7288    6715    7973    8810    7986    7655    7140    7065    6007    6823    7294    7650    8181    8080    8903    
34     2007 7853    8336    7410    8666    7683    7349    7762    8768    8289    7781    7333    7923    7443    7342    7265    7147    7929    8203    8816    
34     2008 7717    8196    7205    8434    7524    7024    7952    8819    7614    7755    7487    7329    7223    6587    7268    7353    7994    8507    8658    
34     2009 7469    8012    7020    8242    7329    6692    7708    8535    7457    6881    7723    7397    6667    6735    6674    6933    7535    8660    8435    
34     2010 7436    7918    6808    8228    6667    6890    7929    8487    7711    6684    6430    6881    7117    6687    6874    6860    7726    9207    8594    
34     2011 7607    8308    6933    8552    6639    7071    8152    8403    8671    7310    6163    6429    6707    7094    7400    7803    8016    8640    8719    
34     2012 7501    7967    6949    8143    7108    6763    7949    8700    6931    6748    7773    6823    7063    6790    6445    6823    8394    8617    8871    
34     2013 7620    8356    7034    8622    7270    6759    7963    9000    7929    7294    6887    7616    7503    6229    6568    7427    7977    8483    8552    
34     2014 7693    8221    7172    8522    7288    7196    7756    8819    8161    7339    7160    7361    6663    7494    7413    6913    7906    8443    8632    
34     2015 7471    8213    6784    8397    7196    6614    7749    8781    7711    7765    6537    7265    6560    6445    6835    7057    7797    8393    8484    
34     2016 7517    8157    6869    8482    7107    6822    7600    8761    8183    7332    7007    6977    7423    6716    6345    6763    7574    8463    8694    
34     2017 7528    8030    6873    8189    6812    6924    8110    7955    7889    7603    6090    6719    6807    7158    6803    7657    8265    8403    8990    
34     2018 7738    8466    7009    8762    7601    6799    7769    9145    8086    7868    7347    7581    7087    6787    6532    6727    7984    8590    9119    
34     2019 7501    8175    6781    8534    6898    6707    8010    8552    7868    6919    6823    6948    7117    6284    6732    6793    8332    8893    8774    
34     2020 -999999 -999999 -999999 -999999 -999999 -999999 -999999 -999999 -999999 -999999 -999999 -999999 -999999 -999999 -999999 -999999 -999999 -999999 -999999 
