EUROPEAN CLIMATE ASSESSMENT & DATASET (ECA&D), file created on: 16-11-2020
THESE DATA CAN BE USED FOR NON-COMMERCIAL RESEARCH AND EDUCATION PROVIDED THAT THE FOLLOWING SOURCE IS ACKNOWLEDGED: 

Klein Tank, A.M.G. and Coauthors, 2002. Daily dataset of 20th-century surface
air temperature and precipitation series for the European Climate Assessment.
Int. J. of Climatol., 22, 1441-1453.
Data and metadata available at http://www.ecad.eu

FILE FORMAT (MISSING VALUE CODE = -999999):

THIS FILE HOLDS DATA FOR STATION RUSSIAN FEDERATION                       KOTLAS                                   (STAID:     83)
LATITUDE: dd:mm:ss +61:16:00
LONGITUDE: ddd:mm:ss +046:43:00
ELEVATION: m   55

DATA IS FOR INDEX Mean of daily average relative humidity (RH) with unit 0.01 Relative humidity (%)

01-06 SOUID: Source identifier
08-11 YEAR : YYYY
13-20 ANNUAL DATA VALUES
21-28 WINTER HALF YEAR DATA VALUES
29-36 SUMMER HALF YEAR DATA VALUES
37-44 WINTER (DJF) DATA VALUES
45-52 SPRING (MAM) DATA VALUES
53-60 SUMMER (JJA) DATA VALUES
61-68 AUTUMN (SON) DATA VALUES
69-76 JANUARY DATA VALUES
etc. 
157-164 DECEMBER DATA VALUES

83     1936 7669    -999999 6841    -999999 6661    6834    8673    8681    7972    7565    6913    5513    6000    7435    7039    8163    8719    9133    8897    
83     1937 7691    8688    6855    8589    7082    6773    8335    8694    8132    8516    6357    6348    6170    6916    7213    8130    8629    8237    8935    
83     1938 7924    8625    7068    8764    7608    6808    8609    8690    8657    8590    7397    6829    7117    6390    6926    7787    8935    9093    8732    
83     1939 8084    8673    7518    8584    7526    7468    8708    8542    8468    8261    7880    6448    6810    7984    7590    8413    8671    9040    8935    
83     1940 7953    8631    7314    8491    7422    7163    8789    8258    8266    8606    7333    6323    6697    7323    7455    8780    8652    8940    8826    
83     1941 8069    8637    7578    8607    7507    7539    8779    8284    8721    8416    7123    6968    7160    6955    8490    8783    8555    9007    8426    
83     1942 8087    8507    7610    8479    7508    7609    8624    8516    8496    8058    7290    7168    7270    7558    7987    8390    8871    8603    8845    
83     1943 8091    8555    7584    8701    7701    7273    8596    8645    8604    7771    7963    7377    6593    6961    8242    8373    8755    8653    9174    
83     1944 8252    8884    7633    9162    7662    7607    8684    9265    9038    8423    7597    6965    7660    7245    7916    8440    8474    9143    8903    
83     1945 8285    8832    7538    8998    7726    7276    9010    9055    9039    8410    7683    7084    6750    7326    7735    8663    9184    9177    9365    
83     1946 -999999 -999999 -999999 -999999 -999999 6758    8473    -999999 -999999 -999999 -999999 7142    6003    6429    7816    8363    8071    8997    9061    
83     1947 8134    8627    7526    8773    7842    7222    8773    8906    8307    8400    7997    7135    6190    7200    8242    8393    9158    8753    8906    
83     1948 8123    8771    7577    8687    7504    7667    8721    8648    8493    8648    7520    6345    7073    7571    8339    8630    8587    8950    8681    
83     1949 7756    8605    7032    8728    7037    7089    8291    8719    8789    7935    7047    6129    6957    6639    7668    7777    8206    8893    8403    
83     1950 7847    8309    7285    8182    7099    7359    8609    7855    8300    8216    6617    6448    6793    7629    7635    8590    8748    8483    8858    
83     1951 7879    8330    7362    8634    6948    7316    8509    8868    8129    6877    7260    6716    6660    7987    7281    8270    8726    8523    9245    
83     1952 8229    8692    7814    8834    7733    7721    8742    9039    8176    8406    7787    7006    6907    7887    8342    8960    8842    8420    8948    
83     1953 8025    8717    7343    8868    7521    7175    8551    8987    8646    8442    7037    7068    5833    7416    8232    8450    8497    8707    8984    
83     1954 7933    8431    7500    8629    7277    7312    8736    8503    8375    7523    7500    6816    6963    7055    7906    8783    8835    8587    8397    
83     1955 7850    8409    7373    8389    7409    7257    8492    8458    8304    7868    7207    7145    7143    7216    7406    8130    8561    8783    8019    
83     1956 7963    8452    7320    8292    7543    7242    8415    8529    8331    8494    7493    6642    5907    7394    8384    8087    8561    8593    9113    
83     1957 8060    8642    7557    9021    7241    7549    8599    8858    9100    7671    7810    6261    7573    7329    7745    8667    8687    8440    8687    
83     1958 7764    8284    7375    8394    7199    7285    8438    8300    8175    7410    6787    7387    7160    6706    7984    8230    8626    8453    7971    
83     1959 7605    8151    7021    8156    6893    6795    8508    8258    8246    7368    7380    5948    6277    6839    7252    8463    8435    8627    8235    
83     1960 7466    8174    6679    8176    6377    6597    8523    8203    8083    7471    6323    5335    6300    6539    6942    8677    8281    8620    8861    
83     1961 8011    8566    7415    8823    7458    7296    8564    8813    8793    8055    7323    6990    6520    7361    7981    8310    8910    8460    8642    
83     1962 7895    8433    7309    8556    6954    7414    8645    8713    8286    7574    6587    6690    6687    7584    7948    8347    8661    8927    8739    
83     1963 7726    8398    7080    8471    6762    7196    8568    8390    8264    7413    6670    6200    7043    7016    7523    8043    8803    8850    8539    
83     1964 7836    8495    7294    8364    7603    6922    8575    8410    8128    8226    7783    6806    6213    6942    7587    8450    8835    8430    8226    
83     1965 7779    8336    7074    8220    6845    7201    8533    8226    8207    8084    5570    6839    6490    7126    7965    8433    8626    8537    9216    
83     1966 7538    8463    6952    8490    7282    6637    8291    8235    7968    8152    7490    6210    6150    6555    7190    8150    8239    8487    7674    
83     1967 7505    8015    6778    7852    6780    6730    8500    7974    7914    7810    6717    5813    6273    6745    7158    7983    8652    8860    8190    
83     1968 7611    8227    7322    8012    7017    7443    8153    7819    8028    7823    6650    6568    6527    7458    8316    8403    7755    8313    7681    
83     1969 7523    7550    7237    7298    7134    7091    8451    7361    6804    7339    7417    6655    6210    7410    7626    8103    8474    8773    8048    
83     1970 7668    8129    7040    8117    6838    6884    8629    8113    8196    7194    6990    6335    6017    7174    7432    8300    8868    8710    8719    
83     1971 7819    8424    7271    8493    7059    7230    8476    8677    8039    7500    6883    6787    6460    7461    7745    8283    8371    8777    8842    
83     1972 7798    8360    7166    8458    7390    6780    8543    8090    8441    7658    7607    6913    6307    6787    7232    8170    8577    8880    8945    
83     1973 7643    8387    7017    8400    6888    6992    8435    7729    8539    7681    6703    6274    6290    6806    7858    8173    8484    8647    8594    
83     1974 7927    8515    7338    8536    7571    7182    8556    8497    8514    8361    7573    6777    6073    7261    8174    8160    8800    8700    8245    
83     1975 7804    8494    7225    8474    7284    7158    8186    8961    8189    8045    7580    6235    6640    6961    7855    8097    8129    8333    8635    
83     1976 7881    8159    7403    8368    6923    7693    8529    8335    8117    7406    6793    6565    7333    7574    8161    7987    8626    8970    8706    
83     1977 8066    8644    7452    8624    7364    7528    8831    8519    8650    8403    6900    6774    6693    7658    8206    8473    8945    9070    8523    
83     1978 7984    8738    7474    8597    6893    7983    8665    8881    8364    8623    6643    5406    7660    7768    8510    8880    8406    8717    7984    
83     1979 8002    8179    7533    8118    6963    7753    8881    8116    8268    7606    6907    6374    7360    7648    8239    8683    8939    9020    8894    
83     1980 7966    8523    7626    8544    7520    7458    8457    8426    8297    7568    7520    7471    6487    7890    7965    8407    8216    8757    8594    
83     1981 8052    8408    7521    8611    7214    7455    8929    8684    8550    7671    7230    6742    7227    7281    7852    8817    8794    9180    8658    
83     1982 7978    8427    7622    8242    7342    7622    8746    7845    8221    7868    7543    6623    7433    7258    8168    8737    8568    8940    8584    
83     1983 8107    8384    7670    8406    7371    7672    8853    8342    8279    7600    7493    7023    7383    7810    7813    8510    9203    8833    9006    
83     1984 7802    8368    7473    8210    6746    7786    8729    8177    7393    7548    6537    6145    7270    7713    8358    8823    8610    8757    8268    
83     1985 8001    8303    7735    8236    7572    7568    8584    8316    8111    7755    7813    7155    7217    7406    8071    8767    8461    8527    8439    
83     1986 7629    8192    7197    8228    6674    7433    8316    8442    7757    7494    6750    5781    6823    7632    7823    8387    8213    8353    8100    
83     1987 7732    7946    7553    8000    6947    7667    8214    7777    8136    7129    6567    7132    7073    7971    7939    8623    7832    8200    8429    
83     1988 7689    8014    7254    8297    6736    7427    8290    8219    8238    7184    6827    6200    6803    7394    8065    8240    8294    8337    8487    
83     1989 7842    8133    7323    8314    6579    7703    8738    8368    8064    7248    6223    6255    6777    7894    8410    8360    8968    8880    8648    
83     1990 7819    8559    7222    8504    7355    7124    8230    8303    8568    8000    6913    7139    6903    6971    7490    7920    8352    8413    8894    
83     1991 7793    8285    7132    8418    6936    7200    8680    8203    8129    7710    7427    5687    7340    6768    7497    8120    8929    8983    8777    
83     1992 7766    8491    7131    8642    6709    7052    8747    8623    8517    7135    6747    6245    6367    7026    7742    8670    8984    8580    8584    
83     1993 8244    8482    8002    8408    7525    8210    8715    8542    8064    8103    7927    6558    7977    7984    8661    8933    8332    8893    8961    
83     1994 7725    8542    7125    8640    6849    7404    8071    8839    8064    8126    6613    5800    7183    7419    7603    8150    7484    8600    8845    
83     1995 8086    8363    7513    8886    7166    7483    8871    8706    9129    7497    7160    6842    7043    7094    8297    8653    8726    9240    8742    
83     1996 8227    8538    7869    8535    7410    7998    8938    8852    7976    7681    7500    7052    7557    8123    8300    8687    9045    9080    8858    
83     1997 8286    8869    7715    8872    7941    7403    9009    8723    9076    8463    7620    7745    6760    7494    7935    8733    9216    9070    8729    
83     1998 8015    8602    7626    8590    7152    7942    8429    8826    8175    7568    7553    6348    7137    7935    8729    8050    8419    8817    8626    
83     1999 7576    8305    6989    8469    6636    7002    8367    8390    8382    7223    6183    6487    6113    7026    7839    8273    8368    8460    8200    
83     2000 7877    8346    7436    8487    6992    7772    8203    8416    8869    7800    6833    6339    7237    7777    8284    8140    8352    8113    8387    
83     2001 7715    8157    7132    8120    7235    7029    8486    8326    7596    8110    6987    6600    6720    6645    7713    8143    8648    8660    8410    
83     2002 7992    8388    7542    8468    7116    7636    8827    8377    8632    7632    6593    7106    6933    7523    8429    8650    9097    8727    8232    
83     2003 7852    8386    7321    8242    7104    7385    8492    8335    8150    7761    7147    6406    7313    6897    7942    8247    8123    9120    8826    
