EUROPEAN CLIMATE ASSESSMENT & DATASET (ECA&D), file created on: 16-11-2020
THESE DATA CAN BE USED FOR NON-COMMERCIAL RESEARCH AND EDUCATION PROVIDED THAT THE FOLLOWING SOURCE IS ACKNOWLEDGED: 

Klein Tank, A.M.G. and Coauthors, 2002. Daily dataset of 20th-century surface
air temperature and precipitation series for the European Climate Assessment.
Int. J. of Climatol., 22, 1441-1453.
Data and metadata available at http://www.ecad.eu

FILE FORMAT (MISSING VALUE CODE = -999999):

THIS FILE HOLDS DATA FOR STATION RUSSIAN FEDERATION                       NAR'YAN-MAR                              (STAID:     88)
LATITUDE: dd:mm:ss +67:37:59
LONGITUDE: ddd:mm:ss +053:01:59
ELEVATION: m   10

DATA IS FOR INDEX Mean of daily average relative humidity (RH) with unit 0.01 Relative humidity (%)

01-06 SOUID: Source identifier
08-11 YEAR : YYYY
13-20 ANNUAL DATA VALUES
21-28 WINTER HALF YEAR DATA VALUES
29-36 SUMMER HALF YEAR DATA VALUES
37-44 WINTER (DJF) DATA VALUES
45-52 SPRING (MAM) DATA VALUES
53-60 SUMMER (JJA) DATA VALUES
61-68 AUTUMN (SON) DATA VALUES
69-76 JANUARY DATA VALUES
etc. 
157-164 DECEMBER DATA VALUES

88     1947 -999999 -999999 -999999 -999999 -999999 -999999 -999999 -999999 -999999 -999999 -999999 -999999 -999999 -999999 -999999 -999999 -999999 9117    9294    
88     1948 8489    -999999 7978    9182    8483    7692    8892    9077    9176    9123    8737    7597    7217    7961    7884    8490    9152    9027    8452    
88     1949 8383    8660    8171    8483    8189    8046    8769    8642    8343    8329    8137    8100    7793    7839    8497    8663    8855    8787    8606    
88     1950 8427    8591    8241    8468    8287    8165    8689    8390    8400    8497    8523    7848    7957    8165    8368    8597    8819    8647    8910    
88     1951 8311    8636    7914    8736    7829    7773    8944    8768    8507    8152    7967    7374    7147    7768    8384    8853    8797    9187    8848    
88     1952 8283    8700    7999    8646    8278    7632    8686    8874    8186    8290    8477    8074    7453    7316    8119    8573    8765    8717    8548    
88     1953 8072    8485    7663    8466    7547    7749    8457    8639    8182    8035    7703    6906    6993    7858    8371    8140    8713    8510    8794    
88     1954 8063    8397    7774    8368    7714    7591    8831    8268    8007    8055    7960    7135    7453    7252    8065    8810    9023    8653    8094    
88     1955 8011    8414    7842    8312    7791    7727    8437    8603    8232    7868    7887    7623    7130    7674    8358    8373    8826    8100    7458    
88     1956 8048    7983    7939    7552    7821    7924    8603    7794    7393    8290    7610    7555    7033    8406    8303    8713    8729    8363    8332    
88     1957 7905    8174    7636    8214    7483    7253    8660    8135    8171    7319    7807    7332    7053    6945    7755    8953    8916    8103    8403    
88     1958 7971    8305    7711    8266    7993    7352    8471    8284    8093    8003    7977    8000    7337    6923    7797    8247    8739    8420    7852    
88     1959 8080    8248    7761    8013    7953    7439    8807    8194    7993    8271    7937    7652    7030    7426    7848    8683    8813    8923    8187    
88     1960 8093    8377    7728    8103    8024    7237    8834    8039    8083    8213    8293    7574    7173    6803    7732    8830    8903    8767    8732    
88     1961 -999999 8718    -999999 8692    8709    -999999 8815    8548    8807    8558    8763    8806    -999999 6668    8206    8903    9010    8527    8690    
88     1962 8302    8612    7953    8636    7991    7735    8947    8726    8475    8229    8027    7719    7213    7406    8568    8790    9032    9017    8435    
88     1963 8260    8397    8171    8240    7866    8121    8863    8087    8193    7619    8013    7971    8023    7552    8784    8690    8987    8907    8310    
88     1964 8150    8467    7874    8259    8041    7453    8818    8190    8279    8129    7983    8010    7373    6974    8010    8913    9090    8440    8416    
88     1965 8298    8458    8105    8262    8117    7958    8710    8110    8261    8410    7937    8000    7513    7852    8494    8837    8790    8500    8852    
88     1966 8151    8326    8280    8170    8240    8068    8663    8013    7589    8148    8537    8045    8043    7703    8458    8913    8452    8630    7271    
88     1967 8086    8126    7707    7883    7921    7414    8785    7939    8500    8016    8007    7742    7123    7503    7606    8270    9161    8910    8294    
88     1968 8108    8475    7993    8099    7987    7962    8441    7774    8238    8471    7810    7674    7570    8090    8213    8603    8335    8387    8132    
88     1969 8189    8153    8120    8020    8122    8123    8481    8016    7900    8132    8117    8116    8347    7629    8400    8117    8510    8817    8158    
88     1970 7813    8221    7273    7976    7591    6835    8700    7823    7943    8071    7390    7306    6597    6497    7403    8467    8774    8857    8645    
88     1971 8211    8421    8127    8270    8152    7988    8538    8542    7554    8087    8203    8168    8117    7274    8577    8437    8552    8627    8348    
88     1972 8176    8385    7913    8338    8125    7580    8589    8387    8276    8119    7913    8335    7993    6742    8019    8493    8965    8297    8577    
88     1973 8151    8415    7856    8327    7970    7580    8797    8087    8314    8239    7913    7755    7117    7532    8077    8750    9032    8600    8400    
88     1974 8223    8560    7886    8333    8397    7359    8686    8319    8275    8710    7960    8506    6507    7555    7987    8790    8874    8387    8768    
88     1975 8451    8553    8220    8470    8479    7913    8974    8452    8161    8632    8220    8577    7583    7613    8532    8793    9045    9080    8694    
88     1976 8327    8616    8037    8529    8226    7633    8936    8348    8545    7994    8267    8419    7310    7477    8100    8650    9097    9057    8668    
88     1977 8176    8591    7790    8379    7858    7671    8814    8384    8054    8248    7723    7597    7050    7477    8465    8423    8942    9073    8648    
88     1978 8193    8716    8056    8593    8141    8060    8343    8623    8500    8500    7847    8068    7843    7800    8529    8243    8316    8470    7597    
88     1979 7978    7877    7925    7604    7554    7988    8554    7694    7514    7655    7783    7232    7647    7581    8726    8587    8603    8470    8223    
88     1980 7912    8113    7658    7982    7568    7563    8455    7616    8117    7658    7543    7503    6737    7781    8145    8227    8552    8583    8474    
88     1981 8258    8433    7936    8604    7738    7762    8852    8642    8707    7671    7647    7894    7600    7548    8132    8800    8594    9170    8739    
88     1982 8177    8379    8008    8221    7868    8063    8580    7852    8057    7855    7867    7884    7680    8010    8487    8107    8581    9053    8677    
88     1983 8372    8686    7883    8592    8041    7661    9124    8532    8564    8706    7927    7487    6767    7494    8694    8927    9332    9107    8919    
88     1984 8267    8777    7837    8567    8160    7455    8930    8629    8124    8519    7900    8052    6697    7155    8490    8723    9161    8897    8819    
88     1985 8130    8623    7868    8277    8461    7446    8570    8013    7968    8826    8343    8210    6967    7374    7981    8337    8768    8600    8148    
88     1986 8271    8406    8067    8310    8068    7913    8860    8542    8232    8135    8157    7916    7313    8368    8039    8603    8916    9060    7968    
88     1987 8158    8373    8028    8042    8077    7883    8543    7894    8289    8126    8020    8084    7447    7816    8371    8427    8623    8577    8232    
88     1988 8296    8406    7997    8278    8257    7711    8726    8326    8276    8400    8010    8352    7243    7774    8100    8497    8919    8757    8874    
88     1989 8228    8643    7695    8633    7727    7457    9075    8752    8236    8287    7760    7135    6790    7684    7874    8937    9161    9123    8990    
88     1990 8197    8829    7803    8678    8017    7645    8638    8261    8793    8648    7710    7684    7193    7474    8252    8507    8774    8630    8468    
88     1991 8187    8347    7972    8296    7764    7805    8920    8071    8354    7794    7993    7513    7347    8084    7971    8937    8877    8947    8390    
88     1992 8001    8562    7676    8455    7807    7322    8447    8297    8693    8187    7590    7635    6983    6784    8187    8890    8206    8253    8335    
88     1993 8021    8163    7582    8172    7507    7391    8913    8206    7954    8003    7397    7116    6463    7171    8510    8833    9032    8870    8671    
88     1994 8284    8625    8009    8507    8115    7857    8635    8597    8225    8323    8313    7716    7457    8003    8097    8477    8877    8543    8765    
88     1995 8255    8566    7908    8766    7390    8085    8887    8587    8964    7700    7487    6987    7587    7955    8697    8737    9074    8843    8503    
88     1996 8208    8636    7906    8581    7996    7824    8480    8961    8259    8155    7973    7858    7533    7548    8381    8140    8735    8557    8381    
88     1997 7988    8280    7645    8091    7863    7436    8545    7903    7979    8103    7723    7758    6727    7648    7910    8093    8768    8767    8452    
88     1998 8132    8410    7887    8287    7920    7576    8745    8471    7900    8065    8073    7626    7470    6765    8490    8923    8655    8660    8487    
88     1999 8336    8248    8231    8121    7807    8255    8988    7858    8007    7813    7730    7874    7913    8226    8616    9023    9135    8800    9003    
88     2000 8370    8851    7989    8802    8524    7553    8825    8439    8976    8761    8697    8119    7193    6948    8506    8483    8997    8990    8365    
88     2001 7869    8370    7780    8122    7717    7745    8110    8352    7600    7861    7610    7677    7397    7635    8190    8163    8245    7917    7742    
88     2002 7923    7747    7873    7581    7498    8041    8534    7413    7589    7568    7187    7729    7360    7839    8903    8193    8990    8403    7848    
88     2003 7913    8126    7531    7881    7348    7378    8815    7819    7986    7706    7250    7084    7453    6565    8119    8743    8884    8817    8552    
