EUROPEAN CLIMATE ASSESSMENT & DATASET (ECA&D), file created on: 16-11-2020
THESE DATA CAN BE USED FOR NON-COMMERCIAL RESEARCH AND EDUCATION PROVIDED THAT THE FOLLOWING SOURCE IS ACKNOWLEDGED: 

Klein Tank, A.M.G. and Coauthors, 2002. Daily dataset of 20th-century surface
air temperature and precipitation series for the European Climate Assessment.
Int. J. of Climatol., 22, 1441-1453.
Data and metadata available at http://www.ecad.eu

FILE FORMAT (MISSING VALUE CODE = -999999):

THIS FILE HOLDS DATA FOR STATION BULGARIA                                 SADOVO                                   (STAID:     20)
LATITUDE: dd:mm:ss +42:09:00
LONGITUDE: ddd:mm:ss +024:57:00
ELEVATION: m  155

DATA IS FOR INDEX Mean of daily average relative humidity (RH) with unit 0.01 Relative humidity (%)

01-06 SOUID: Source identifier
08-11 YEAR : YYYY
13-20 ANNUAL DATA VALUES
21-28 WINTER HALF YEAR DATA VALUES
29-36 SUMMER HALF YEAR DATA VALUES
37-44 WINTER (DJF) DATA VALUES
45-52 SPRING (MAM) DATA VALUES
53-60 SUMMER (JJA) DATA VALUES
61-68 AUTUMN (SON) DATA VALUES
69-76 JANUARY DATA VALUES
etc. 
157-164 DECEMBER DATA VALUES

20     1931 7675    -999999 6916    -999999 7254    6602    7967    8874    8979    7684    7140    6935    7047    6623    6152    7637    7881    8387    8868    
20     1932 6909    8024    6216    7860    7159    5949    6857    7703    6952    8297    6693    6471    6510    5913    5442    6293    7126    7143    8332    
20     1933 7225    7786    6257    8439    6800    5991    7425    8661    8311    7171    6127    7081    6537    5871    5584    6350    7542    8380    9145    
20     1934 6976    8035    6014    8434    6609    5690    7289    8523    7550    7035    6270    6510    6127    5535    5423    6237    7229    8403    8900    
20     1935 7083    8168    6154    8589    7061    5909    6820    8961    7832    7655    6883    6639    6083    5903    5745    5673    6616    8177    8848    
20     1936 7369    8084    6561    8579    7532    6230    7532    8606    8262    8006    7353    7229    7103    5884    5732    6090    7977    8513    7713    
20     1937 7462    8002    6757    8072    7296    6292    7995    8252    8271    7329    7673    6897    6650    6113    6126    7123    8265    8587    8345    
20     1938 6955    7964    6127    8159    6710    5584    7181    8219    7886    6494    6960    6684    5570    5271    5910    6383    7119    8043    8984    
20     1939 7181    7904    6440    8316    6972    6218    7414    8529    7339    7358    6950    6606    6803    5932    5939    6437    7716    8080    8481    
20     1940 7483    7964    6820    8333    7284    6416    7732    8303    8207    7019    7453    7384    7047    5952    6271    6843    7574    8783    9013    
20     1941 7256    8114    6727    8596    6934    6426    7603    8626    8100    6610    7057    7139    6990    6729    5577    6897    7606    8307    7529    
20     1942 7239    8147    6326    8223    7435    6038    6833    8297    8911    8310    7203    6784    6760    5997    5381    5860    6523    8127    8842    
20     1943 7093    7657    6321    8321    6479    6098    7555    8061    8032    6406    6017    7000    7193    5287    5848    6607    7810    8240    8690    
20     1944 7347    7972    6661    8096    7268    6425    7753    7894    7676    7510    7433    6868    6560    6181    6539    6400    8548    8283    8300    
20     1945 -999999 -999999 5639    -999999 6004    5277    7110    -999999 -999999 6452    5870    5687    5723    5261    4861    6467    7132    7730    8606    
20     1946 7116    7874    6145    8352    7141    5516    7457    8652    7739    7368    6587    7452    6270    5216    5087    6280    7229    8870    8690    
20     1947 7026    8055    6170    8329    6308    6191    7422    7781    8536    7297    5477    6123    6383    5823    6374    6850    7129    8297    8352    
20     1948 7012    7619    6518    7999    7154    6011    7114    8332    7266    6335    7297    7835    6760    5658    5639    5933    7232    8173    7700    
20     1949 6700    7249    5937    7166    6113    5692    7685    7406    6307    6616    5557    6148    5620    5990    5465    6850    7529    8680    8194    
20     1950 6767    7918    5772    7886    7004    5204    6609    7942    7482    7661    6893    6455    5873    5113    4648    5683    5877    8290    9339    
20     1951 7544    8130    6792    8939    7474    6468    7699    8981    8450    7881    7210    7323    6830    6216    6371    6817    7884    8390    8232    
20     1952 6864    7833    5884    7842    6845    5310    7256    7871    7393    7216    6227    7071    5540    5381    5016    6073    7390    8300    8884    
20     1953 7171    7764    6659    8140    7095    6304    7408    8174    7279    6526    7057    7700    7297    6055    5594    6273    8206    7717    8177    
20     1954 7434    8252    6475    8348    7424    6180    7747    8403    8475    8539    7277    6452    6603    5955    5997    6603    7819    8817    8358    
20     1955 7624    8344    6990    8468    7504    6915    7759    8903    8107    8052    7337    7119    7050    6916    6784    6740    8061    8467    7971    
20     1956 7306    8087    6705    8207    7292    6413    7305    8706    7924    7394    6867    7603    7187    6142    5935    6510    6661    8767    8023    
20     1957 7324    7687    6673    8138    6822    6224    7882    8419    7954    6358    6283    7806    6463    6116    6100    7270    8010    8363    8781    
20     1958 6896    7996    6138    8087    7033    5530    7311    8655    6689    7361    7040    6697    6277    5306    5032    6520    6916    8510    7748    
20     1959 7547    7513    7185    7523    7199    7134    7854    7994    6754    7116    6780    7687    7390    7306    6713    7230    7606    8733    9181    
20     1960 7565    8297    7025    8548    7680    6527    7608    8355    8079    7826    7687    7529    7350    6490    5768    7367    7300    8167    8910    
20     1961 7282    7753    6771    8232    6825    6697    7473    8106    7621    6416    6530    7519    7540    6500    6077    6467    7574    8373    8684    
20     1962 7310    8312    6148    8549    7089    5749    8003    8800    8121    8303    7040    5923    5960    5861    5432    6713    8181    9110    8335    
20     1963 7532    8365    6799    8340    7616    6457    7626    8142    8564    7900    7570    7377    6720    6658    6000    6480    7916    8473    8652    
20     1964 7032    7928    6323    7735    7114    5985    7280    7252    7272    7977    6027    7303    6600    5616    5758    6643    7481    7710    8719    
20     1965 7136    8076    6312    8370    7554    5689    6957    8400    7950    8174    7260    7219    6147    5294    5642    6337    6610    7937    8713    
20     1966 7402    7765    6829    8241    7182    6752    7582    8439    7500    7374    7330    6845    7363    6519    6394    6547    7558    8643    8332    
20     1967 7108    7857    6544    8022    6780    6389    7270    7961    7746    6913    6593    6829    6963    6300    5923    6673    7323    7813    8310    
20     1968 6992    7622    6178    7975    6137    6129    7610    7303    8334    6700    5423    6265    6347    5674    6374    6993    7039    8817    8710    
20     1969 7219    8403    6399    8694    7135    6267    6767    8613    8768    8523    6437    6423    6627    6232    5955    6740    6471    7100    8823    
20     1970 7104    7746    6303    8497    7122    6150    6808    8597    8025    7468    7060    6835    6460    5965    6035    5467    7603    7327    8426    
20     1971 7319    7965    6846    8417    7297    6601    7105    8771    8014    7632    7367    6894    6910    6671    6232    7030    6510    7797    8068    
20     1972 7361    7776    6669    8501    6810    6398    7724    8919    8517    6894    6880    6658    6253    6406    6529    7300    8135    7723    8152    
20     1973 7195    7974    6640    8252    6882    6465    7126    8697    7871    7245    7113    6294    6413    6726    6255    7060    6994    7330    8384    
20     1974 7197    7857    6525    8349    7143    6390    7053    8345    8314    7800    6870    6752    6703    6032    6445    6357    6794    8017    8019    
20     1975 7282    7476    6917    7723    6979    7047    7373    7816    7293    6916    6547    7461    6897    6406    7832    6330    7652    8127    8071    
20     1976 7220    7690    6649    7791    6846    6690    7509    7461    7845    7010    6530    6987    6407    6742    6913    6290    7884    8340    8232    
20     1977 6939    7964    6274    8174    6518    6362    6800    8274    8000    7071    5967    6500    6863    6532    5706    6080    6910    7407    8019    
20     1978 7102    7599    6495    8041    7047    6007    7198    7997    8114    7194    7067    6881    6587    5500    5952    7020    6884    7700    8423    
20     1979 7124    7804    6366    8452    6736    6248    7375    8577    8346    6945    6357    6894    6297    6039    6410    6190    7774    8147    7584    
20     1980 6945    7709    6341    7813    6916    6042    6989    7910    7955    6916    6737    7090    5920    5839    6365    6087    6729    8160    7668    
20     1981 6842    7668    6142    8087    6449    5952    6751    8277    8339    6916    6163    6258    5923    5755    6177    6583    6597    7077    8129    
20     1982 7426    7594    6973    8127    7361    6848    7334    8261    7975    7545    7520    7023    6863    6461    7219    6757    7816    7413    8277    
20     1983 6950    7354    6615    7568    6323    6852    6905    7161    7232    6213    6283    6471    7383    6755    6435    6370    6790    7560    8761    
20     1984 7369    8056    6717    8638    7272    6589    7122    8255    8917    8090    7317    6410    6587    6345    6835    6827    6823    7727    8358    
20     1985 7015    7830    6062    8161    7113    5643    7271    8655    7396    7974    6380    6961    5717    5435    5781    6100    6897    8830    8058    
20     1986 6856    7967    5983    8190    6715    5884    7001    7916    8639    7555    6140    6432    6127    5845    5687    5663    7287    8043    7058    
20     1987 7120    7680    6392    7798    7410    5922    7114    8084    8300    7377    7777    7087    6560    5671    5555    5730    7465    8137    7803    
20     1988 6978    7674    6354    7811    6841    5949    7407    8213    7390    7035    6767    6719    6577    5319    5971    6803    7355    8063    7558    
20     1989 6684    7281    6329    7023    6725    6141    6801    6887    6582    7200    6120    6835    6543    5897    5997    6590    6535    7287    7713    
20     1990 6859    6990    6160    7554    6452    5529    7565    8168    6700    5516    7240    6626    5703    5203    5687    6533    7800    8353    8774    
20     1991 7201    8130    6521    8331    7139    6392    7179    8123    8071    7658    7213    6548    6267    6645    6261    6197    7003    8343    8135    
20     1992 6652    7501    6110    7802    6445    5984    6486    7742    7510    6297    6803    6245    6793    5981    5203    5667    6987    6787    7845    
20     1993 6617    7074    5968    7294    6842    5472    6808    7297    6682    6800    6323    7387    5947    5084    5400    5667    6842    7913    8048    
20     1994 6838    7529    6061    7954    6757    5721    6984    8006    7793    6610    7133    6539    5910    5865    5394    5540    7716    7670    7942    
20     1995 7376    7957    6680    8278    6927    6524    7418    8994    7857    7542    6527    6700    6407    6506    6655    7290    6800    8183    9061    
20     1996 7208    8401    6009    9026    7042    5545    7321    9013    9003    8377    6240    6484    5717    5035    5887    6710    7439    7810    8816    
20     1997 6928    7699    6192    8016    6423    6225    7244    8526    6564    6935    6460    5874    6443    5819    6419    6150    7052    8537    8316    
20     1998 7148    7815    6256    8212    6740    5613    7968    8439    7846    6726    6297    7184    6470    5187    5210    7230    7929    8747    8584    
20     1999 7026    7999    6388    8130    6836    6098    7107    8703    6993    6968    6417    7110    6370    5777    6155    6503    6839    7987    8458    
20     2000 6426    7391    5397    7884    6096    4626    7162    8035    7107    5919    6440    5939    4937    4423    4529    6157    7490    7827    8345    
20     2001 6922    7873    6250    8348    7076    5646    6658    9065    7557    6923    7150    7158    6103    5468    5381    6267    6832    6870    8313    
20     2002 7147    7204    6642    7631    6875    6285    7609    7823    6664    6661    7317    6661    5840    6245    6755    7043    7590    8193    8916    
20     2003 6977    7910    6191    8329    6725    5823    7265    8671    7300    6739    6693    6742    6390    5594    5503    6250    7590    7943    8319    
20     2004 7041    7666    6397    7980    6551    6320    7157    8668    6883    6552    6367    6729    7070    5810    6103    6320    7865    7263    8819    
20     2005 7485    7948    6980    8352    6873    7103    7670    8010    8214    7523    6163    6910    6510    7410    7371    7490    7513    8013    8713    
20     2006 7448    8370    6571    8693    7462    6323    7386    8387    9011    8635    7220    6523    6683    6423    5874    6733    7745    7667    8581    
20     2007 7334    7857    6417    8156    6809    5854    8346    7794    8086    7284    6290    6835    6150    4694    6729    7837    8687    8503    9174    
20     2008 7963    8425    7611    8674    7855    7180    8320    9000    7790    7358    8397    7829    7920    7319    6326    7923    8387    8647    8687    
20     2009 8363    8615    7975    8810    8117    7827    8502    9242    8468    8245    8900    7232    7823    7842    7816    8273    8619    8610    9297    
20     2010 8583    8841    8611    9192    8426    8714    8564    9183    9086    8277    8400    8600    8907    8839    8403    8517    8845    8320    7677    
