EUROPEAN CLIMATE ASSESSMENT & DATASET (ECA&D), file created on: 16-11-2020
THESE DATA CAN BE USED FOR NON-COMMERCIAL RESEARCH AND EDUCATION PROVIDED THAT THE FOLLOWING SOURCE IS ACKNOWLEDGED: 

Klein Tank, A.M.G. and Coauthors, 2002. Daily dataset of 20th-century surface
air temperature and precipitation series for the European Climate Assessment.
Int. J. of Climatol., 22, 1441-1453.
Data and metadata available at http://www.ecad.eu

FILE FORMAT (MISSING VALUE CODE = -999999):

THIS FILE HOLDS DATA FOR STATION RUSSIAN FEDERATION                       KEM'-PORT                                (STAID:     79)
LATITUDE: dd:mm:ss +64:58:59
LONGITUDE: ddd:mm:ss +034:48:59
ELEVATION: m    7

DATA IS FOR INDEX Mean of daily average relative humidity (RH) with unit 0.01 Relative humidity (%)

01-06 SOUID: Source identifier
08-11 YEAR : YYYY
13-20 ANNUAL DATA VALUES
21-28 WINTER HALF YEAR DATA VALUES
29-36 SUMMER HALF YEAR DATA VALUES
37-44 WINTER (DJF) DATA VALUES
45-52 SPRING (MAM) DATA VALUES
53-60 SUMMER (JJA) DATA VALUES
61-68 AUTUMN (SON) DATA VALUES
69-76 JANUARY DATA VALUES
etc. 
157-164 DECEMBER DATA VALUES

79     1936 8190    -999999 7718    -999999 7938    7599    8384    9081    8941    8000    8417    7413    7297    8019    7471    7700    8629    8813    8532    
79     1937 8253    8839    7626    8900    7902    7610    8422    8997    9200    8897    7383    7410    6550    8177    8068    8143    8652    8463    9110    
79     1938 8279    8775    7780    9041    7613    7970    8656    9594    8354    8429    7260    7139    8440    7484    8000    8380    8494    9100    8684    
79     1939 8084    8696    7545    8638    7863    7437    8489    8552    8682    8677    7497    7403    6873    8058    7361    8073    8368    9030    8468    
79     1940 8153    8740    7604    8765    7587    7601    8655    9003    8828    8758    6843    7135    7363    7616    7816    8860    8239    8880    8519    
79     1941 8272    8648    7862    8738    7882    7933    8456    8584    9150    8571    7990    7087    8093    7168    8542    8317    8403    8650    8787    
79     1942 8234    8604    7784    8884    7717    7799    8519    8916    8957    7945    7527    7674    7737    7806    7852    8107    8842    8597    8884    
79     1943 8138    8550    7784    8817    7579    7739    8449    8974    8568    7439    7970    7342    7067    7774    8355    8190    8448    8710    8845    
79     1944 8230    8719    7817    8968    7760    7787    8601    9116    8941    8268    7353    7645    7747    7587    8026    8553    8597    8653    8294    
79     1945 8266    8486    8127    8611    7843    8178    8408    8519    9064    7848    7900    7784    7847    8155    8523    8553    8529    8137    8390    
79     1946 8208    8362    7935    8481    7732    7980    8489    8494    8568    8065    7813    7319    7400    7926    8597    8553    8006    8923    8868    
79     1947 8117    8612    7605    8686    7743    7665    8329    8790    8368    8700    7817    6716    7263    7845    7874    8130    8081    8783    9045    
79     1948 8163    8357    7736    8748    7377    7672    8886    8761    8417    7074    7943    7132    7223    7423    8355    8350    8932    9373    8997    
79     1949 -999999 -999999 7777    -999999 -999999 8060    8370    9113    -999999 -999999 7597    6926    8307    7677    8203    7967    8239    8910    8926    
79     1950 8264    8623    7852    8760    7814    7841    8696    8500    8864    8332    8180    6942    7830    8103    7590    8497    8532    9063    8806    
79     1951 8129    8634    7777    8680    7840    7667    8313    8694    8525    8187    7830    7503    7363    7826    7803    8343    8003    8603    8890    
79     1952 8240    8526    7737    8710    7861    7628    8635    8648    8583    8435    7443    7690    7277    7423    8174    8410    8516    8983    9294    
79     1953 8290    8661    7930    8930    7662    8167    8425    8761    8714    7713    7647    7626    7477    8219    8784    7800    8552    8920    9271    
79     1954 8617    9134    8100    9499    8197    8061    8858    9535    9711    8861    8007    7716    7763    8252    8158    8710    8987    8873    8897    
79     1955 8213    8695    7984    8602    8318    7620    8530    8419    8479    8500    8133    8316    7427    7810    7616    8607    8429    8557    8284    
79     1956 8117    8313    7728    8389    7452    7974    8460    8697    8172    7735    7923    6713    6800    8474    8610    7827    8690    8857    8881    
79     1957 8234    8608    7954    8793    7766    7878    8603    8539    8979    7745    7657    7894    7503    7765    8355    8547    8894    8360    8616    
79     1958 8254    8560    7917    8758    7914    7884    8382    8684    8996    7848    7573    8310    7883    7555    8213    7957    8565    8620    8884    
79     1959 7777    8416    7223    8693    7198    7011    8382    8816    8346    7268    7577    6761    6440    7303    7271    8000    8226    8927    8435    
79     1960 8099    8414    7797    8515    7515    7754    8514    8629    8479    7806    7173    7555    7713    7494    8055    8803    7961    8797    8755    
79     1961 8447    8557    8133    8832    7971    8286    8671    8913    8829    8119    7393    8381    7677    8348    8813    8150    9052    8800    8868    
79     1962 8244    8705    7896    8693    7795    7984    8593    8629    8571    8300    7810    7274    7560    8177    8200    8357    8568    8857    8639    
79     1963 8028    8431    7712    8469    7573    7690    8422    8426    8329    7771    7733    7219    7867    6900    8310    8267    8423    8577    8552    
79     1964 8095    8384    7803    8281    8192    7474    8482    7832    8472    8458    8293    7829    6953    7303    8148    8297    8594    8553    8419    
79     1965 8187    8554    7701    8662    7503    7655    8724    8716    8871    8203    6853    7432    6623    7729    8581    8967    8326    8893    9065    
79     1966 8336    8692    7967    8683    8249    7883    8638    8316    8668    8890    8367    7494    7817    7839    7990    8313    8571    9033    8771    
79     1967 8351    8708    7938    8733    8085    7862    8738    8868    8543    8458    8023    7771    7010    7765    8784    8260    8787    9167    8761    
79     1968 8161    8805    7675    8887    7674    7659    8493    8935    8969    8232    7607    7181    7207    7690    8065    8307    8523    8650    8594    
79     1969 8276    8380    8059    8391    8184    7748    8746    8335    8229    7945    8293    8316    7467    7626    8142    8513    8584    9147    8719    
79     1970 8129    8629    7763    8572    8126    7375    8497    8452    8543    8339    8233    7810    6487    7616    7994    8437    8419    8637    8600    
79     1971 8134    8458    7748    8533    7752    7822    8330    8555    8436    8103    7537    7610    7630    7613    8216    7873    8452    8660    8923    
79     1972 8205    8503    7891    8671    7957    7682    8635    8487    8600    7910    8243    7726    7717    7465    7865    8353    8548    9007    8581    
79     1973 7885    8416    7346    8384    7586    7107    8444    8029    8561    7806    7930    7032    6713    7226    7368    7820    8768    8733    8694    
79     1974 8207    8569    7791    8592    7586    7970    8629    8484    8600    8145    7187    7413    7747    7926    8229    8240    8784    8857    8881    
79     1975 7810    8653    7221    8613    7716    6976    8090    8719    8200    8442    7763    6945    6430    7155    7326    7717    8000    8557    8481    
79     1976 8131    8374    7714    8382    7834    7890    8290    8490    8162    8548    7600    7345    8093    7697    7887    7667    8426    8773    8874    
79     1977 8090    8576    7648    8794    7586    7685    8503    8677    8836    7900    7487    7368    6890    7958    8181    7987    8565    8957    8316    
79     1978 8078    8404    7933    8201    7697    8128    8395    8377    7879    8300    7743    7048    7527    8245    8594    8440    8223    8527    8006    
79     1979 8186    8280    7866    8197    7835    8010    8455    8481    8093    8342    7837    7326    7417    8452    8142    8013    8184    9177    8748    
79     1980 8110    8656    7626    8730    7973    7334    8454    8619    8828    8410    8463    7061    7010    7129    7852    8270    8458    8633    8626    
79     1981 -999999 8486    -999999 8677    7655    8198    -999999 8752    8650    7819    7657    7490    8047    7971    8571    -999999 8839    -999999 8729    
79     1982 8118    -999999 7767    8476    7970    7726    8354    8394    8286    8565    7843    7497    7623    7313    8239    8093    8255    8717    8597    
79     1983 8318    8412    8127    8356    8400    7726    8746    8448    7986    8435    8537    8232    7527    7748    7897    8840    8803    8593    8748    
79     1984 8239    8610    7820    8563    7789    7922    8580    8532    8397    8574    7580    7206    7187    8526    8029    8380    8790    8563    9077    
79     1985 8284    8777    7947    8938    7949    7963    8499    8752    8989    8503    7400    7926    7757    7977    8148    8467    8387    8647    8497    
79     1986 8096    8387    7777    8356    7704    7717    8665    8632    7893    8229    7380    7494    6843    8194    8087    8650    8455    8897    8358    
79     1987 8280    8704    7967    8651    8054    8039    8322    8619    9011    8923    7603    7623    7990    7784    8342    8467    7877    8637    8542    
79     1988 8198    8525    7911    8564    7934    8075    8230    8429    8731    8952    7493    7342    7743    7906    8565    8413    7961    8323    8529    
79     1989 8063    8399    7467    8467    7741    7385    8677    8455    8411    8713    7857    6658    6827    7342    7968    8163    8871    8990    8523    
79     1990 8118    8556    7779    8596    7412    7937    8437    8639    8629    7706    7763    6777    7620    8400    7781    8343    8168    8810    8826    
79     1991 8262    8555    7911    8668    8265    7783    8422    8429    8757    8368    8137    8287    7810    7426    8113    7693    8681    8883    8597    
79     1992 8141    8583    7830    8559    7795    7566    8743    8500    8583    8265    8180    6952    6850    7926    7900    9197    8277    8770    8335    
79     1993 8202    8381    8016    8262    7909    8380    8101    8381    8050    8455    7803    7465    8187    8548    8400    7683    7910    8717    8794    
79     1994 8107    8424    7750    8558    7822    7659    8435    8697    8143    8268    7633    7558    7627    7600    7748    8347    8332    8630    8703    
79     1995 8081    8436    7805    8597    7762    7630    8431    8335    8768    7884    7640    7758    7847    7123    7929    8553    8365    8377    8458    
79     1996 8024    8352    7517    8475    7468    7647    8379    8555    8407    7955    7397    7052    7613    7929    7397    7723    8352    9063    8861    
79     1997 8024    8480    7663    8498    7738    7442    8525    8306    8307    7990    7340    7871    7133    7626    7558    8447    8703    8420    8594    
79     1998 8254    8354    8065    8482    7627    8243    8663    8726    8089    7571    7470    7835    7927    8419    8374    8350    8716    8920    8626    
79     1999 8118    8610    -999999 8588    7796    -999999 8534    8594    8539    8268    7580    7532    7587    7519    -999999 8067    8832    8693    8706    
79     2000 8140    8534    7627    8604    7568    7670    8622    8523    8583    7874    7827    7013    7197    7855    7942    7933    8758    9170    9026    
79     2001 8206    8873    7740    8811    8227    7495    8523    8829    8554    8877    8033    7765    7227    7471    7777    8173    8458    8940    8387    
79     2002 -999999 8390    -999999 8358    -999999 7616    -999999 8255    8439    7884    -999999 7584    7270    7523    8045    -999999 8623    8990    8671    
79     2003 8321    8385    8071    8457    7737    8168    8837    8526    8143    7355    8037    7829    8193    7916    8397    8057    9113    9333    8942    
