EUROPEAN CLIMATE ASSESSMENT & DATASET (ECA&D), file created on: 16-11-2020
THESE DATA CAN BE USED FOR NON-COMMERCIAL RESEARCH AND EDUCATION PROVIDED THAT THE FOLLOWING SOURCE IS ACKNOWLEDGED: 

Klein Tank, A.M.G. and Coauthors, 2002. Daily dataset of 20th-century surface
air temperature and precipitation series for the European Climate Assessment.
Int. J. of Climatol., 22, 1441-1453.
Data and metadata available at http://www.ecad.eu

FILE FORMAT (MISSING VALUE CODE = -999999):

THIS FILE HOLDS DATA FOR STATION RUSSIAN FEDERATION                       ASTRAXAN'                                (STAID:     73)
LATITUDE: dd:mm:ss +46:16:59
LONGITUDE: ddd:mm:ss +047:58:59
ELEVATION: m  -22

DATA IS FOR INDEX Mean of daily average relative humidity (RH) with unit 0.01 Relative humidity (%)

01-06 SOUID: Source identifier
08-11 YEAR : YYYY
13-20 ANNUAL DATA VALUES
21-28 WINTER HALF YEAR DATA VALUES
29-36 SUMMER HALF YEAR DATA VALUES
37-44 WINTER (DJF) DATA VALUES
45-52 SPRING (MAM) DATA VALUES
53-60 SUMMER (JJA) DATA VALUES
61-68 AUTUMN (SON) DATA VALUES
69-76 JANUARY DATA VALUES
etc. 
157-164 DECEMBER DATA VALUES

73     1936 6804    -999999 5660    -999999 5773    5682    7520    8287    7838    6939    5783    4597    5850    5210    5990    6570    7697    8287    8645    
73     1937 6838    8301    5767    8621    6392    5757    6763    8545    8679    7990    5903    5268    5693    5345    6229    6180    6994    7107    8223    
73     1938 -999999 -999999 5651    8294    -999999 5209    7192    8510    8136    -999999 6500    5887    5143    5000    5481    5917    7335    8320    8081    
73     1939 6800    7910    5554    8271    6177    5236    7307    8445    8289    7039    5877    5606    5400    5203    5110    6150    7300    8470    8813    
73     1940 7187    8252    5976    8420    6855    5696    7827    8252    8179    8500    6170    5874    5717    5474    5897    6747    8242    8480    8719    
73     1941 7253    8408    6246    8624    7072    5926    7510    8387    8782    7874    6513    6810    5763    5377    6632    6380    7745    8397    8461    
73     1942 6916    8093    5911    8210    6805    5729    6910    8342    7786    7806    6540    6061    5760    5690    5739    5687    6858    8187    8571    
73     1943 6534    7696    5493    8236    5647    5572    6773    8316    7775    6494    5417    5023    5270    5881    5555    5817    6365    8150    8423    
73     1944 6950    8002    5842    8704    6330    5707    7169    8926    8769    7435    5797    5742    5420    5771    5919    6407    6768    8347    8158    
73     1945 -999999 -999999 6456    -999999 6953    6217    7715    -999999 -999999 8065    6930    5865    5900    5758    6984    7323    7865    7953    8835    
73     1946 -999999 8370    -999999 8727    7001    5910    -999999 8548    8804    8245    6397    6342    5250    6187    6271    -999999 7977    8193    7874    
73     1947 7070    8238    5899    8426    6699    5508    7598    8706    8725    7997    6227    5858    4833    5413    6255    6817    7294    8693    8126    
73     1948 7034    8177    5882    8467    6347    5714    7643    8710    8572    7710    5657    5652    5443    5719    5971    6860    7597    8473    8084    
73     1949 7021    8140    5926    8422    6587    5683    7164    8681    8511    7539    6243    5968    5547    5955    5542    6313    6948    8237    8861    
73     1950 6718    8131    5415    8488    6142    5300    7177    7929    8693    8174    5080    5139    5197    5335    5365    6390    7394    7740    8290    
73     1951 6577    7610    5235    7748    5905    4988    7385    7506    7414    7300    5030    5358    4547    4868    5535    6070    7571    8507    9232    
73     1952 7164    8620    6076    9159    6800    5971    7078    9239    8997    8194    6623    5577    5933    6045    5932    6367    7371    7487    8252    
73     1953 7023    8145    5806    8536    6740    5483    7216    8642    8732    8423    6050    5726    5270    5471    5700    6637    7110    7907    8706    
73     1954 6834    7894    5724    8100    6963    5222    7154    8310    7196    8068    7363    5471    4950    5158    5548    5887    7555    8007    8494    
73     1955 6518    7934    5179    8422    5748    5009    6963    8729    8004    6823    5563    4852    4780    4739    5500    5657    6990    8240    8423    
73     1956 6904    7844    5821    8116    6600    5385    7430    8587    7286    7513    6413    5868    5020    5523    5600    6517    7310    8467    8729    
73     1957 6859    8181    5571    8514    6009    5612    7351    8171    8657    7810    5367    4829    5073    5968    5777    6417    7652    7973    8706    
73     1958 6929    8167    5981    8428    6813    5900    6675    8590    7939    8113    6540    5777    5650    5952    6090    5883    6448    7700    8500    
73     1959 6436    7815    5070    8344    6085    4640    6960    8506    7993    7755    6033    4465    4280    4726    4903    6053    7126    7697    7797    
73     1960 6827    7737    5586    8310    5687    5561    7380    8868    8262    6706    5273    5068    5573    5294    5816    6513    7406    8220    8955    
73     1961 6749    7932    5586    8186    6392    4982    7465    7977    7564    7442    5903    5816    4873    4810    5258    6887    6877    8650    8987    
73     1962 6724    8116    5649    8493    6341    5400    6952    8465    7979    7742    5553    5703    5387    5200    5613    6453    6861    7543    8245    
73     1963 6888    7715    5710    8169    6176    5542    7521    8510    7707    7419    6163    4945    5453    5439    5732    6560    7519    8483    8771    
73     1964 7093    8280    6037    8370    7243    5586    7454    8184    8141    8581    6773    6361    5247    5442    6058    6350    7713    8290    7984    
73     1965 6925    7960    5729    8129    6274    5540    7443    8323    8075    7400    6040    5374    5687    5274    5665    6363    7458    8507    9016    
73     1966 6947    8298    5936    8813    6289    5859    7047    8781    8625    7442    6093    5326    6187    5468    5932    6647    7197    7293    8484    
73     1967 6985    7948    5781    8423    6397    5898    7082    8568    8196    7952    5833    5387    6037    5435    6226    5780    7045    8423    8990    
73     1968 6833    8151    5605    8699    6089    5543    7295    8542    8555    7387    5483    5377    5497    5639    5494    6153    7390    8337    8190    
73     1969 6840    7687    5896    7682    6353    5591    7598    7577    7236    7368    6113    5571    5357    5571    5839    6947    7394    8460    8668    
73     1970 6808    7909    5880    8250    6130    5700    7193    7894    8182    6903    6070    5416    5267    5494    6326    6720    6926    7943    8652    
73     1971 6938    7873    5752    8099    6662    5428    7524    7674    7957    8094    6410    5474    5593    5123    5574    6373    7490    8710    8855    
73     1972 6565    7997    5319    8119    6262    4913    6936    7448    8048    7455    6263    5068    5097    4729    4919    5877    6752    8187    9006    
73     1973 7104    8130    6087    8673    6848    5829    7225    8065    8979    7874    6310    6342    5573    6148    5758    6393    7194    8090    8639    
73     1974 6912    7788    6028    8129    6449    5868    7246    7916    7800    7100    6270    5971    5727    6200    5674    6333    7287    8117    8590    
73     1975 6781    8122    5440    8383    6274    5238    7212    8661    7846    8203    5777    4826    5077    5181    5452    6357    7368    7907    8761    
73     1976 7049    7804    6246    8029    6702    6092    7638    8513    6728    7481    6457    6161    5837    6274    6158    6597    8177    8123    8029    
73     1977 6792    7847    5808    7847    6061    5835    7292    7600    7918    7252    5643    5274    5947    5677    5884    6440    6906    8543    8510    
73     1978 7121    7930    6362    8398    6646    6247    7293    8932    7682    7000    6307    6619    6833    6039    5887    6503    6977    8410    8300    
73     1979 7018    8043    5842    8337    6645    5503    7471    8203    8525    7900    6827    5213    5173    5723    5603    6547    8061    7787    8748    
73     1980 7116    8027    6050    8340    6653    5597    7819    8165    8090    7306    6857    5803    5857    5235    5706    6887    7897    8670    8981    
73     1981 7136    8266    6238    8458    6780    5998    7463    8694    7618    7687    6620    6029    5650    6110    6223    6807    7229    8360    8616    
73     1982 7112    8027    6132    8324    6832    5930    7282    8274    8057    7639    6500    6345    5893    5816    6081    6160    7361    8323    8939    
73     1983 6919    7992    5957    8566    6505    5503    7269    8326    8418    6639    6670    6213    5730    5548    5239    6373    7535    7890    8555    
73     1984 6545    7531    5722    7607    5891    5759    7275    8068    6100    6958    5820    4894    5707    5571    5997    6370    7542    7903    7565    
73     1985 7220    8052    6146    8240    6817    5761    7669    8732    8443    8161    6667    5619    5697    5590    5994    7350    7374    8293    8810    
73     1986 6582    7869    5396    8282    5647    5404    7085    8419    7546    6752    4857    5306    5273    5471    5465    6003    7210    8037    8671    
73     1987 7216    8104    6432    8307    7115    6165    7355    7990    8254    8474    7037    5832    6153    6000    6342    7267    6610    8213    8516    
73     1988 7089    7827    6254    8225    6511    6135    7411    8406    7721    7500    6047    5971    5983    6084    6332    7117    6545    8600    8781    
73     1989 7165    8013    6278    8604    6586    6234    7362    8648    8361    7197    5740    6794    6173    6374    6152    6420    7361    8303    8503    
73     1990 7117    7918    6266    8438    6351    6159    7471    8310    8507    6594    6290    6168    6190    5897    6390    6670    7026    8733    8748    
73     1991 7259    8064    6466    8524    6889    6096    7592    8439    8371    7116    7120    6439    6317    5997    5981    6977    7445    8360    8648    
73     1992 7420    8217    6564    8609    6990    6296    7797    8503    8679    7703    6767    6494    6150    6565    6168    7257    7761    8373    8665    
73     1993 7324    8082    6629    8242    6834    6667    7480    8390    7611    7658    6797    6045    6670    6448    6884    6947    7735    7750    8945    
73     1994 7106    8221    6112    8578    6741    5989    7327    8945    7764    8126    5830    6239    6307    5461    6210    6640    7184    8163    8423    
73     1995 7007    7957    5968    8413    6480    5639    7540    8358    8464    7206    5897    6319    5673    5203    6042    6683    7365    8577    8397    
73     1996 6665    7651    5753    7863    5650    5817    7441    7558    7617    6419    5423    5100    6260    5435    5771    6560    7232    8537    8129    
73     1997 7211    7963    6382    8167    6723    6320    7591    8161    8214    7545    6677    5945    6500    6490    5974    6730    7923    8110    8335    
73     1998 6975    8174    5920    8360    6754    5729    7060    8616    8104    7948    6623    5687    5600    5687    5897    6043    7094    8043    8416    
73     1999 6996    7783    5955    8364    6097    5779    7585    8465    8196    6532    5710    6035    5360    6032    5932    6653    7881    8210    8994    
73     2000 7073    7984    6258    8304    6564    6004    7399    8410    7455    6929    6763    6006    5873    6013    6123    6790    7361    8047    9106    
73     2001 7008    7934    6177    8508    6555    5898    7343    8387    7979    6732    6357    6571    6257    5774    5674    6447    7426    8153    8413    
73     2002 7032    7960    6132    8527    6463    5733    7640    8581    8593    6665    6560    6168    5950    5613    5642    6890    7703    8323    7835    
73     2003 7155    7918    6155    8117    6352    6109    7709    8690    7793    7161    6017    5868    6017    6123    6184    6733    7581    8817    8903    
