EUROPEAN CLIMATE ASSESSMENT & DATASET (ECA&D), file created on: 16-11-2020
THESE DATA CAN BE USED FOR NON-COMMERCIAL RESEARCH AND EDUCATION PROVIDED THAT THE FOLLOWING SOURCE IS ACKNOWLEDGED: 

Klein Tank, A.M.G. and Coauthors, 2002. Daily dataset of 20th-century surface
air temperature and precipitation series for the European Climate Assessment.
Int. J. of Climatol., 22, 1441-1453.
Data and metadata available at http://www.ecad.eu

FILE FORMAT (MISSING VALUE CODE = -999999):

THIS FILE HOLDS DATA FOR STATION GERMANY                                  BAMBERG                                  (STAID:     40)
LATITUDE: dd:mm:ss +49:52:31
LONGITUDE: ddd:mm:ss +010:55:18
ELEVATION: m  240

DATA IS FOR INDEX Mean of daily average relative humidity (RH) with unit 0.01 Relative humidity (%)

01-06 SOUID: Source identifier
08-11 YEAR : YYYY
13-20 ANNUAL DATA VALUES
21-28 WINTER HALF YEAR DATA VALUES
29-36 SUMMER HALF YEAR DATA VALUES
37-44 WINTER (DJF) DATA VALUES
45-52 SPRING (MAM) DATA VALUES
53-60 SUMMER (JJA) DATA VALUES
61-68 AUTUMN (SON) DATA VALUES
69-76 JANUARY DATA VALUES
etc. 
157-164 DECEMBER DATA VALUES

40     1949 7393    -999999 6656    -999999 7042    6240    7741    8665    8464    7348    6623    7142    6580    5803    6348    7463    7442    8327    8590    
40     1950 7602    7964    7103    8182    7283    6748    8295    7897    8046    7500    7500    6855    6340    6835    7055    8050    8255    8580    8361    
40     1951 7620    8188    7187    8223    7095    7212    7815    8316    7968    7639    6557    7071    7247    6981    7410    7863    7335    8263    8803    
40     1952 7665    8220    6958    8568    7452    6516    8284    8465    8428    8042    7297    7013    7083    5748    6735    7917    8381    8550    8377    
40     1953 7558    8099    6949    8394    6455    7257    8027    8603    8182    6526    6503    6339    7470    7397    6910    7080    8426    8563    8732    
40     1954 7785    8207    7362    8157    7055    7548    8375    7774    7943    7790    6710    6655    7130    7719    7781    8173    8384    8567    8797    
40     1955 8056    8246    7780    8404    7325    7859    8571    8261    8129    7335    7170    7465    7337    8032    8190    8473    8387    8860    9029    
40     1956 8146    8336    7937    8431    7428    8132    8596    8429    7793    7500    7697    7097    8017    8023    8352    8450    8897    8430    9048    
40     1957 7981    8607    7451    8783    7349    7362    8568    8619    8671    7977    6927    7129    6700    7394    7971    8583    8642    8477    8706    
40     1958 8031    8389    7605    8473    7474    7660    8497    8323    8382    7806    7213    7394    7273    7729    7965    8047    8648    8790    8810    
40     1959 7495    8435    6681    8428    7133    6717    7698    8477    7950    7897    7160    6342    6413    6342    7387    6443    7690    8960    8887    
40     1960 7733    8297    7206    8518    7292    7062    8129    8526    8114    7616    7123    7132    6390    6894    7881    7807    8258    8317    8726    
40     1961 7994    8264    7768    8487    7749    7666    8234    8219    8518    7571    7770    7906    7567    7648    7781    7933    8235    8533    8294    
40     1962 7663    8162    7198    8180    7410    6964    8111    8232    7996    7674    7127    7419    6340    7555    6977    7760    8026    8550    8303    
40     1963 7734    8113    7313    8069    7245    7365    8226    7942    7950    7903    7027    6797    7377    7071    7648    7970    8323    8383    8435    
40     1964 7520    8260    6837    8382    7278    6470    7971    8794    7886    7719    7190    6923    6313    5981    7110    7520    7987    8407    8416    
40     1965 7894    8308    7475    8463    7550    7372    8187    8803    8139    8084    7597    6971    7257    7384    7471    8193    8019    8353    8477    
40     1966 8038    8242    7667    8412    7603    7712    8388    8384    8371    7861    7797    7158    7310    8000    7813    7923    8535    8700    8626    
40     1967 7849    8342    7397    8390    7403    7247    8319    8700    7786    7661    7413    7135    7493    6726    7529    8113    8148    8700    8784    
40     1968 7827    8358    7318    8579    7140    7271    8496    8532    8410    7590    6617    7197    7037    6852    7916    8290    8577    8617    8300    
40     1969 7563    8297    7077    8418    7164    6902    7836    8687    8250    7358    7093    7039    6990    6687    7032    7633    7987    7883    8165    
40     1970 7763    8071    7279    8192    7632    7080    7991    8174    8243    7987    7807    7106    6233    7177    7803    7537    7971    8467    8665    
40     1971 7609    8214    6975    8469    6995    6877    8100    8503    8214    7474    6480    7013    7733    6110    6816    7733    8016    8553    8726    
40     1972 7932    8160    7680    8412    7368    7660    8355    8339    8155    7184    7340    7581    7527    7503    7945    8183    8032    8860    8555    
40     1973 7493    8371    6886    8620    7092    6677    7688    8910    8371    7513    7367    6406    6627    6874    6529    7543    7716    7803    8316    
40     1974 7716    8004    7177    8339    7043    7365    8126    8590    8086    7516    6333    7258    7167    7387    7535    7357    8665    8340    8342    
40     1975 7578    8025    7017    7981    6863    6975    8419    8381    7139    7210    6867    6513    6817    6965    7139    7817    8681    8750    8613    
40     1976 7402    8373    6508    8679    6541    6058    8386    8723    8703    6803    6590    6232    5880    5745    6542    8090    8529    8533    8523    
40     1977 7900    8366    7402    8484    7252    7411    8366    8729    8171    7697    7400    6665    7777    6645    7823    8140    8613    8337    8835    
40     1978 8066    8450    7612    8628    7517    7532    8692    8732    8282    7881    6940    7713    7157    7574    7852    8427    8826    8820    8584    
40     1979 7956    8571    7520    8537    7552    7552    8235    8765    8232    8177    7670    6813    7030    7697    7913    8003    7829    8887    8471    
40     1980 7991    8193    7683    8180    7403    7805    8482    8090    7966    7923    7780    6519    7530    8242    7635    8410    8548    8487    8765    
40     1981 7990    8464    7509    8601    7478    7564    8331    8848    8146    7958    6837    7619    7103    7703    7871    7900    8574    8510    8768    
40     1982 7727    8287    7168    8440    6973    7271    8238    8500    8011    7342    6510    7052    6947    6990    7865    7630    8794    8273    8790    
40     1983 7678    8405    7100    8403    7825    6650    7942    8487    7882    8152    7663    7655    6763    6194    6997    7343    7868    8617    8529    
40     1984 7931    8080    7634    8255    7373    7562    8423    8319    7893    7258    7067    7784    7393    7519    7768    8270    8368    8633    8890    
40     1985 7748    8338    7311    8408    7236    7334    8132    8565    7700    7823    7060    6819    7060    7268    7665    8000    7965    8437    8603    
40     1986 7856    8105    7478    8078    7603    7339    8422    8300    7250    8006    7353    7442    7127    7300    7584    8067    8439    8760    8577    
40     1987 8061    8445    7720    8596    7489    7825    8340    8561    8654    7710    7093    7652    8287    7248    7955    8097    8145    8783    8606    
40     1988 7825    8420    7113    8484    6972    7287    8467    8587    8241    8155    6577    6171    7447    7300    7119    8087    8552    8760    8919    
40     1989 7880    8635    7276    8862    7434    7112    8243    8942    8711    7939    7953    6426    7030    6955    7348    7980    8371    8373    8610    
40     1990 7638    8156    7109    8217    6975    7122    8258    8210    7789    7555    7317    6065    7763    6868    6755    7943    8116    8720    8613    
40     1991 7619    8158    7103    8028    7454    6982    8058    7574    7882    8032    7083    7235    7380    6626    6952    7360    8097    8717    8516    
40     1992 7804    8341    7233    8509    6897    7421    8354    8374    8645    7729    6973    5990    7157    7471    7626    8203    8161    8703    8668    
40     1993 7563    8193    6917    8348    6843    6825    8201    8129    8236    7281    6660    6584    6853    6861    6761    7803    8313    8483    8845    
40     1994 7682    8254    7173    8339    7475    6789    8262    8297    7825    7729    7627    7074    6850    6387    7132    8000    8010    8783    8506    
40     1995 7832    8216    7369    8362    7208    7237    8589    8429    8129    7448    7120    7052    7593    6939    7190    8350    8835    8573    8358    
40     1996 7895    8177    7563    8064    7388    7453    8630    7877    7948    7468    6983    7700    6853    7616    7871    8337    8694    8857    8519    
40     1997 7659    8481    7036    8470    6980    7272    7888    8816    8032    7935    6420    6568    7067    7739    7003    7413    7906    8343    8661    
40     1998 7865    8049    7389    8324    7113    7201    8766    8223    8064    7106    7503    6742    7340    7597    6671    8517    8706    9077    8887    
40     1999 8137    8698    7595    8703    7945    7387    8525    8652    8557    8306    7980    7548    7413    7239    7510    7893    8539    9143    8900    
40     2000 8204    8734    7760    8836    7840    7518    8716    8981    8614    8235    7930    7358    6490    8074    7958    8747    8861    8537    8648    
40     2001 8076    8463    7496    8369    7513    7335    9051    8516    7896    8265    7683    6597    7637    7110    7268    8733    9181    9233    8810    
40     2002 7734    8586    7162    8613    7068    7215    8177    8797    8193    7284    6477    7426    6743    7271    7616    7410    8277    8840    8474    
40     2003 6985    8065    6138    8127    6478    5850    7665    8277    7575    6923    5650    6835    6027    6274    5255    6790    7616    8590    8039    
40     2004 7686    7819    7185    7858    6939    7289    8355    8097    7410    7158    6640    7010    6993    7429    7435    7593    8571    8893    8965    
40     2005 7974    8484    7440    8586    7493    7275    8531    8448    8318    7703    7340    7432    6680    7248    7877    8057    8461    9077    9058    
40     2006 7913    8577    7302    8622    7593    7224    8307    8384    8404    8077    7717    6990    7130    6523    8016    7447    8677    8783    8842    
40     2007 7971    8524    7436    8667    6905    7736    8669    8355    8818    7703    5963    7019    7540    7774    7887    8420    8561    9030    8629    
40     2008 7958    8457    7358    8424    7468    7117    8765    8458    8169    7894    7867    6658    6887    6984    7474    8313    9081    8890    8835    
40     2009 7913    8619    7361    8583    7492    7277    8352    8461    8439    8000    6947    7513    7183    7458    7187    7877    8616    8553    8742    
40     2010 7937    8352    7528    8548    7293    7425    8451    8671    8196    7323    6613    7923    6943    7097    8219    8350    8374    8630    8894    
40     2011 7785    8311    7265    8603    6668    7562    8437    8745    8125    7090    6483    6426    7423    7577    7681    8003    8381    8930    8581    
40     2012 7681    8230    7062    8196    6876    7220    8381    8306    7666    7503    6650    6468    7357    7423    6884    7603    8527    9013    8794    
40     2013 8092    8399    7717    8571    7488    7513    8726    8542    8357    7184    7153    8116    7690    6942    7913    8497    8658    9027    9045    
40     2014 8279    8693    7790    8923    7716    7496    9086    9197    8486    7739    7593    7813    6847    7510    8110    8863    9087    9307    8797    
40     2015 7655    8509    6896    8520    6798    6740    8457    8516    8218    7129    6587    6671    6950    6390    6887    7917    8784    8660    9187    
40     2016 8093    8602    7541    8832    7274    7700    8615    8935    8341    7687    7260    6874    8043    7565    7503    8023    8813    9003    9081    
40     2017 7983    8524    7602    8600    7418    7479    8585    8448    8236    7552    7193    7511    6880    7600    7939    8473    8503    8780    8635    
40     2018 7326    8336    6630    8360    7030    6399    7612    8619    7768    7668    6730    6684    6776    6252    6194    7177    7600    8060    8387    
40     2019 7421    7803    6800    7982    6800    6791    8062    7958    7561    7235    5870    7265    6580    6329    7458    7277    8339    8560    8584    
40     2020 -999999 8049    6907    8241    6359    7092    -999999 8555    7538    6700    5667    6687    7493    6635    7161    7807    8487    -999999 -999999 
