EUROPEAN CLIMATE ASSESSMENT & DATASET (ECA&D), file created on: 16-11-2020
THESE DATA CAN BE USED FOR NON-COMMERCIAL RESEARCH AND EDUCATION PROVIDED THAT THE FOLLOWING SOURCE IS ACKNOWLEDGED: 

Klein Tank, A.M.G. and Coauthors, 2002. Daily dataset of 20th-century surface
air temperature and precipitation series for the European Climate Assessment.
Int. J. of Climatol., 22, 1441-1453.
Data and metadata available at http://www.ecad.eu

FILE FORMAT (MISSING VALUE CODE = -999999):

THIS FILE HOLDS DATA FOR STATION NETHERLANDS                              DE BILT                                  (STAID:    162)
LATITUDE: dd:mm:ss +52:05:56
LONGITUDE: ddd:mm:ss +005:10:46
ELEVATION: m    2

DATA IS FOR INDEX Mean of daily average relative humidity (RH) with unit 0.01 Relative humidity (%)

01-06 SOUID: Source identifier
08-11 YEAR : YYYY
13-20 ANNUAL DATA VALUES
21-28 WINTER HALF YEAR DATA VALUES
29-36 SUMMER HALF YEAR DATA VALUES
37-44 WINTER (DJF) DATA VALUES
45-52 SPRING (MAM) DATA VALUES
53-60 SUMMER (JJA) DATA VALUES
61-68 AUTUMN (SON) DATA VALUES
69-76 JANUARY DATA VALUES
etc. 
157-164 DECEMBER DATA VALUES

162    1901 8123    -999999 7603    -999999 7704    7589    8565    8000    8857    8468    7190    7439    7563    7481    7723    8230    8703    8757    9106    
162    1902 8073    8673    7614    8793    7787    7459    8437    8758    8486    8210    7557    7587    6953    7342    8065    8173    8645    8487    8613    
162    1903 8184    8340    7868    8427    7633    7871    8710    8277    8386    7642    7850    7413    7337    8145    8113    8350    8716    9063    8932    
162    1904 8160    8733    7526    8722    7818    7413    8579    8852    8359    8465    7337    7639    7423    7255    7561    7947    8845    8937    9277    
162    1905 8185    8714    7663    8750    7633    7612    8756    8371    8586    8261    7740    6900    7133    7881    7806    8533    8777    8957    9316    
162    1906 8228    8734    7814    8908    7615    7837    8689    8545    8857    7974    6783    8061    7763    7855    7890    8517    8684    8867    8974    
162    1907 8237    8686    7784    8841    7498    7959    8742    8758    8786    8061    7333    7094    7817    7890    8165    8413    8852    8957    8758    
162    1908 8250    8693    7911    8708    7971    7911    8310    8542    8831    8235    7640    8026    7750    7910    8068    8063    8490    8370    9077    
162    1909 8159    8573    7684    8699    7287    8022    8692    8726    8250    8487    6857    6503    7587    8245    8219    8693    8645    8740    8942    
162    1910 8286    8681    7910    8899    7622    7997    8703    8897    8854    8026    7393    7439    7727    8161    8094    8650    8742    8717    8768    
162    1911 8082    8709    7442    8852    7722    7298    8353    9077    8696    8255    7563    7342    7467    7323    7110    7863    8410    8783    9135    
162    1912 8364    8764    7891    9005    7823    7932    8757    8977    8897    8394    6973    8074    7917    7445    8432    8493    8742    9037    8990    
162    1913 8237    8577    7968    8599    7659    8142    8614    8752    7996    7906    7220    7835    7950    8368    8103    8317    8684    8840    8826    
162    1914 8133    8596    7646    8560    7589    7860    8552    8481    8354    8374    7227    7155    7847    7735    7997    7917    8848    8880    8781    
162    1915 8182    8662    7679    8667    7572    7810    8688    8748    8450    8248    7443    7019    7200    7829    8381    8193    8987    8873    8806    
162    1916 8244    8666    7882    8627    7801    7958    8466    8706    8352    8258    7500    7635    7770    8055    8042    8287    8355    8760    9197    
162    1917 7955    8470    7474    8626    7378    7427    8519    8416    8225    7852    7420    6865    6670    7561    8026    8303    8377    8880    8874    
162    1918 8165    8507    7632    8684    7679    7480    8692    8777    8371    7761    8190    7103    6943    7513    7968    8087    8961    9020    9287    
162    1919 8202    8868    7625    9006    7432    7886    8611    8774    8950    8229    7890    6190    7450    8377    7816    8040    8861    8923    8974    
162    1920 8186    8654    7964    8709    7957    7736    8322    8790    8338    8023    8203    7652    6767    7942    8468    8750    8113    8110    9052    
162    1921 7851    8440    7227    8843    7472    7104    8076    8810    8650    7913    7250    7245    7140    6855    7319    7563    8490    8160    8848    
162    1922 8061    8451    7556    8618    7336    7698    8544    8803    8157    8206    7107    6687    7247    7739    8094    8467    8274    8900    9048    
162    1923 8199    8637    7682    8884    7677    7562    8686    8842    8750    8026    6857    8123    7770    7216    7706    8420    8723    8913    9065    
162    1924 8211    8584    7847    8745    7675    7783    8602    8661    8493    7655    7740    7632    7227    7606    8497    8373    8687    8743    9210    
162    1925 8231    8685    7769    8884    7841    7601    8718    9035    8357    8045    7937    7545    7023    7471    8290    8347    8706    9100    8910    
162    1926 8175    8649    7798    8874    7536    7778    8553    8813    8904    7503    7600    7506    7840    7603    7894    8360    8545    8753    8842    
162    1927 8235    8669    7798    8846    7646    7941    8646    9068    8604    8200    7737    7003    7853    8003    7965    8243    8645    9050    8481    
162    1928 7915    8405    7354    8534    7220    7270    8393    8974    8121    7165    7340    7158    6873    7129    7794    7827    8603    8743    9239    
162    1929 7846    8477    7336    8438    7464    7347    8378    8581    7393    8206    7307    6874    7330    7023    7687    7810    8716    8597    8577    
162    1930 8146    8426    7742    8473    7740    7541    8595    8648    8164    7835    7487    7890    6833    7906    7861    8457    8635    8690    9313    
162    1931 8093    8562    7720    8983    7367    7716    8489    8845    8771    7139    7280    7681    7513    7758    7871    8213    8429    8827    8839    
162    1932 8074    8351    7734    8655    7486    7558    8585    9119    7962    6919    7780    7768    7000    7861    7794    8193    8803    8750    8910    
162    1933 7899    8424    7475    8559    7410    7367    8433    8606    8118    7335    7463    7432    7117    7403    7574    7863    8577    8853    8452    
162    1934 7996    8541    7354    8589    7605    7222    8353    8987    8300    8065    7273    7468    6830    7084    7739    7723    8426    8907    9139    
162    1935 7928    8484    7493    8701    7412    7363    8413    8816    8089    7503    7993    6758    7433    7377    7281    8150    8455    8633    8677    
162    1936 8140    8469    7737    8643    7607    7677    8540    8903    8328    7816    7717    7290    7120    7810    8084    8400    8345    8880    8987    
162    1937 8345    8575    7993    8666    8107    7786    8741    8526    8464    8245    8513    7574    7383    7932    8029    8543    8613    9070    9258    
162    1938 8081    8661    7622    8741    7538    7648    8689    8968    7918    8081    7507    7026    7027    7816    8081    8277    8652    9140    8448    
162    1939 8107    8630    7533    8657    7626    7382    8575    8942    8571    8035    7507    7332    6737    7552    7835    8233    8606    8883    9055    
162    1940 8135    8636    7654    8699    7616    7698    8543    8335    8707    8239    7567    7042    7147    7926    8003    8237    8490    8903    9042    
162    1941 8060    8669    7444    8861    7435    7418    8558    8661    8882    8061    7290    6948    7063    6781    8400    8187    8739    8743    9010    
162    1942 8134    8723    7382    8843    7187    7609    8812    8626    8900    8339    6130    7058    7050    7848    7910    8273    8977    9180    9326    
162    1943 8110    8760    7541    9011    7143    7633    8715    8929    8754    7410    7243    6781    7783    7342    7777    8343    8874    8923    9216    
162    1944 7950    8567    7418    8662    7245    7463    8532    8816    7903    7635    7307    6794    7220    7890    7271    8037    8806    8743    8961    
162    1945 8216    8775    7636    9033    7803    7396    8641    9135    9000    8023    7670    7713    7007    7197    7971    8260    8590    9073    9003    
162    1946 7967    8602    7461    8624    7291    7567    8486    8294    8571    8090    6777    6990    7433    7248    8016    8307    8345    8810    8768    
162    1947 7632    8401    6909    8327    7462    6645    8043    8297    7871    8277    7170    6929    6790    6794    6355    7437    8035    8657    8977    
162    1948 7964    8299    7576    8526    7341    7614    8501    9000    7538    7548    7407    7071    7350    7661    7823    8150    8410    8947    8635    
162    1949 7871    8426    7274    8607    7271    7063    8513    8706    8464    7416    7200    7194    6770    6971    7439    8080    8590    8867    8797    
162    1950 8210    8555    7837    8606    7741    7751    8654    8587    8414    8071    7450    7694    7207    7919    8110    8633    8365    8973    9100    
162    1951 8359    8784    7911    9071    7773    7913    8670    9242    8850    8187    7633    7494    7407    7855    8461    8613    8400    9007    9187    
162    1952 8456    8825    8010    9102    7833    8176    8657    9087    9028    8261    7760    7474    7867    8139    8513    8303    8677    8990    9384    
162    1953 8484    8950    7937    9243    7853    8074    8821    9345    8975    8332    7630    7590    8120    8055    8048    8183    9097    9173    9281    
162    1954 8039    8728    7589    8694    7307    7858    8413    8297    8486    8026    7253    6639    7607    7926    8032    8080    8468    8690    8990    
162    1955 8276    8498    8063    8617    7859    8013    8662    8700    8111    8000    7813    7761    7677    8100    8252    8777    8571    8640    8887    
162    1956 8046    8205    7757    8314    7177    7889    8751    8684    7307    7097    7270    7168    7703    8119    7839    8450    9042    8750    9081    
162    1957 8373    8816    7945    8961    7884    7905    8743    8871    8929    8232    7677    7735    7307    8068    8323    8550    8903    8770    9123    
162    1958 8539    8792    8125    8953    8045    8149    8944    9045    8664    8232    7843    8052    7737    8135    8561    8410    9129    9287    9361    
162    1959 7967    9055    7313    9190    7801    7301    7807    8968    9246    8365    8003    7042    6870    7235    7784    6940    7432    9060    8745    
162    1960 8258    8384    7934    8645    7682    8015    8677    8610    8576    7913    7553    7574    7567    8048    8416    8437    8813    8777    8806    
162    1961 8538    8808    8271    8937    8275    8107    8956    9026    8982    8458    8473    7900    7760    8074    8474    8957    8942    8970    8487    
162    1962 8216    8548    7865    8487    8023    7633    8656    8781    8161    7926    8003    8139    7020    7810    8048    8157    8765    9043    8716    
162    1963 8291    8681    7956    8606    8021    7910    8602    8558    8536    8468    7780    7806    7537    7719    8461    8430    8761    8610    8826    
162    1964 8164    8519    7742    8674    7625    7796    8543    8961    8203    7735    7973    7177    7633    7887    7861    7930    8774    8917    8910    
162    1965 8288    8610    8074    8730    7946    7954    8505    8835    8414    7800    8260    7787    7880    8081    7900    8550    8448    8520    9000    
162    1966 8302    8625    7898    8767    7999    7884    8598    8465    8843    8490    8283    7232    7603    8155    7884    8243    8658    8890    8919    
162    1967 8126    8572    7733    8681    7564    7684    8556    8903    8171    7861    7517    7313    7673    7439    7939    8537    8335    8803    9023    
162    1968 8225    8520    7801    8814    7417    7850    8829    8939    8459    7568    7040    7632    7777    7613    8158    8587    9003    8890    9032    
162    1969 8005    8772    7561    8912    7742    7493    8095    8932    8757    8019    7457    7742    7260    7706    7506    7687    8387    8200    8435    
162    1970 8131    8398    7697    8666    7891    7447    8374    8974    8579    7826    8303    7558    6663    7900    7752    8003    8565    8547    8910    
162    1971 8084    8559    7630    8721    7664    7739    8169    8813    8411    8094    7830    7074    7750    7674    7794    7667    8074    8770    9074    
162    1972 8212    8471    7995    8862    7720    7999    8390    8790    8710    7432    7997    7739    7707    8226    8055    8247    8055    8880    8735    
162    1973 8232    8663    7642    8991    7822    7409    8646    9268    8968    8106    7800    7558    7220    7645    7355    8287    8835    8810    8977    
162    1974 8383    8765    7972    8854    7755    8104    8869    9071    8479    8394    7267    7590    8047    8171    8094    8663    8965    8977    8874    
162    1975 8153    8699    7618    8647    8027    7290    8610    8871    8146    8319    8213    7555    7170    7626    7071    8093    8706    9027    9035    
162    1976 7957    8664    7307    8843    7420    7009    8603    8623    8872    7748    7343    7165    6873    7035    7113    8333    8603    8873    8948    
162    1977 8420    8766    8038    8989    7835    8187    8704    9290    8700    8177    8070    7265    8103    7832    8623    8347    9006    8750    8887    
162    1978 8188    8682    7766    8727    7868    7648    8592    8706    8571    8161    7663    7774    7297    7813    7823    8220    8645    8910    8694    
162    1979 8245    8721    7831    8829    7823    7895    8431    9065    8718    8300    7610    7552    7960    7655    8071    8147    8242    8910    8748    
162    1980 8056    8595    7638    8780    7315    7887    8353    9077    8497    8100    7660    6197    7733    8016    7906    8340    8568    8143    8452    
162    1981 8269    8556    7758    8723    7798    7858    8420    9139    8564    8458    7323    7597    7710    7974    7884    8053    8710    8487    9313    
162    1982 8062    8573    7548    8758    7524    7517    8538    8658    8254    7984    7450    7135    7690    7184    7684    8163    8758    8687    9106    
162    1983 8147    8577    7811    8587    8210    7435    8491    8510    8096    8265    7937    8419    7197    7361    7739    8213    8390    8873    8752    
162    1984 8276    8548    7941    8671    7776    7879    8688    8587    8676    8026    7143    8139    7993    7894    7755    8723    8806    8530    9045    
162    1985 8393    8705    8077    8729    8189    8020    8688    9219    7836    8703    7953    7903    8003    7797    8258    8553    8658    8853    8916    
162    1986 8054    8531    7651    8476    7822    7450    8554    8735    7700    8252    7913    7303    7243    7471    7629    8367    8552    8743    8706    
162    1987 8200    8427    7933    8542    7548    8089    8543    8384    8536    7665    7187    7781    8333    7732    8210    8357    8397    8880    8971    
162    1988 8137    8590    7701    8626    7437    7996    8533    8739    8138    8397    7070    6832    7827    8203    7952    8323    8681    8590    8871    
162    1989 7929    8570    7423    8762    7407    7349    8280    9048    8325    7884    7813    6535    7083    7329    7626    8177    8332    8330    8690    
162    1990 7891    8234    7467    8378    7237    7499    8500    8626    7757    7626    7160    6923    7843    7235    7429    8237    8248    9023    8590    
162    1991 8051    8437    7648    8517    7549    7679    8446    8390    8575    7829    7120    7684    7963    7526    7558    8040    8274    9030    8671    
162    1992 8114    8636    7576    8789    7532    7625    8443    8968    8724    8165    7760    6677    7467    7500    7903    8170    8574    8580    8910    
162    1993 8287    8464    7970    8750    7452    8046    8873    8310    9061    7410    7613    7339    7927    8255    7952    8747    8810    9063    9035    
162    1994 8321    8637    7956    8603    8003    7637    9007    8777    7932    8148    7997    7865    7997    6968    7958    8990    8865    9170    9177    
162    1995 8253    8716    7833    8833    7703    7693    8848    8697    8604    7790    7957    7371    8153    7706    7235    8617    9090    8830    9032    
162    1996 8139    8623    7728    8599    7530    7808    8801    8329    8424    8026    6793    7748    7380    7948    8081    8397    8881    9123    8532    
162    1997 8289    8709    7858    8614    7883    7875    8641    8797    8504    8410    7363    7858    7557    8277    7781    8303    8523    9100    8990    
162    1998 8554    8714    8268    8748    8160    8203    9078    8665    8571    8435    8497    7558    8290    8187    8135    8970    9016    9250    9103    
162    1999 8277    8946    7802    8939    8050    7640    8613    8813    8896    8600    8130    7423    7733    7400    7790    8360    8587    8893    8758    
162    2000 8362    8687    7974    8696    7899    8027    8831    8926    8383    8561    7643    7484    7583    8387    8097    8650    8906    8933    8771    
162    2001 8344    8830    7824    8864    7871    7734    8805    9016    8800    8555    7893    7165    7263    7832    8090    8713    8668    9040    9123    
162    2002 8268    8594    7985    8713    7696    8090    8668    9019    7921    7742    7387    7948    7690    8103    8465    8297    8529    9183    8884    
162    2003 7958    8509    7467    8534    7462    7351    8526    8710    7954    7765    6717    7881    7287    7329    7435    8147    8481    8953    8819    
162    2004 8199    8540    7757    8669    7548    7904    8523    8813    8355    7823    7357    7458    7710    8016    7981    8013    8435    9123    9294    
162    2005 8202    8699    7769    8769    7826    7737    8598    8555    8425    8348    7633    7490    7103    8035    8052    8290    8503    9003    8987    
162    2006 8104    8674    7585    8807    7699    7464    8530    8648    8782    8139    7790    7171    7023    6658    8697    8177    8723    8683    8794    
162    2007 8227    8516    7907    8654    7380    8127    8724    8423    8757    7748    6667    7703    8207    8148    8029    8683    8826    8660    8900    
162    2008 8116    8531    7683    8519    7439    7871    8642    8558    8069    8145    7517    6658    7467    7900    8232    8330    8632    8963    8916    
162    2009 -999999 -999999 7578    -999999 7601    7517    8438    8626    -999999 8071    7503    7226    7473    7548    7529    8203    8452    8660    8706    
162    2010 8025    8437    7492    8638    7349    7379    8656    8719    8471    7626    6837    7568    7073    7032    8023    8413    8581    8977    8997    
162    2011 8094    8701    7624    8892    7279    7867    8581    9010    8646    8000    6993    6835    7567    7800    8226    8323    8371    9057    8335    
162    2012 8131    8421    7742    8311    7863    7663    8491    8439    8148    8177    7860    7552    7573    7648    7765    8060    8500    8913    8939    
162    2013 7958    8322    7626    8557    7173    7592    8625    8490    8207    6890    6990    7632    7547    7574    7655    8360    8626    8890    8655    
162    2014 8099    8398    7815    8468    7554    7771    8679    8587    8129    7490    7550    7623    7353    7768    8177    8413    8787    8833    8477    
162    2015 7953    8465    7481    8451    7350    7441    8586    8452    8421    7826    7190    7029    7023    7455    7832    8360    8835    8553    8481    
162    2016 8143    8474    7714    8468    7552    7927    8451    8671    8238    8055    7550    7052    8110    7765    7913    7907    8619    8820    9023    
162    2017 8049    8560    7632    8748    7423    7565    8513    8665    8536    7703    7300    7261    7097    7687    7897    8553    8268    8727    8926    
162    2018 7750    8313    7260    8412    7375    7093    8166    8584    7654    7668    7563    6900    7483    6323    7487    7837    8084    8580    8839    
162    2019 7848    8368    7256    8564    7262    7239    8435    8603    8218    7877    6557    7329    7160    7097    7458    7933    8552    8817    8581    
162    2020 -999999 8270    7090    8415    6571    7300    -999999 8790    7838    7035    6183    6481    7093    7513    7287    7980    8542    -999999 -999999 
