EUROPEAN CLIMATE ASSESSMENT & DATASET (ECA&D), file created on: 16-11-2020
THESE DATA CAN BE USED FOR NON-COMMERCIAL RESEARCH AND EDUCATION PROVIDED THAT THE FOLLOWING SOURCE IS ACKNOWLEDGED: 

Klein Tank, A.M.G. and Coauthors, 2002. Daily dataset of 20th-century surface
air temperature and precipitation series for the European Climate Assessment.
Int. J. of Climatol., 22, 1441-1453.
Data and metadata available at http://www.ecad.eu

FILE FORMAT (MISSING VALUE CODE = -999999):

THIS FILE HOLDS DATA FOR STATION RUSSIAN FEDERATION                       KOSTROMA                                 (STAID:     82)
LATITUDE: dd:mm:ss +57:43:59
LONGITUDE: ddd:mm:ss +040:51:00
ELEVATION: m  125

DATA IS FOR INDEX Mean of daily average relative humidity (RH) with unit 0.01 Relative humidity (%)

01-06 SOUID: Source identifier
08-11 YEAR : YYYY
13-20 ANNUAL DATA VALUES
21-28 WINTER HALF YEAR DATA VALUES
29-36 SUMMER HALF YEAR DATA VALUES
37-44 WINTER (DJF) DATA VALUES
45-52 SPRING (MAM) DATA VALUES
53-60 SUMMER (JJA) DATA VALUES
61-68 AUTUMN (SON) DATA VALUES
69-76 JANUARY DATA VALUES
etc. 
157-164 DECEMBER DATA VALUES

82     1936 7566    -999999 6727    -999999 7153    6238    8335    8823    8117    7774    7567    6132    5717    6319    6661    8000    8368    8637    8706    
82     1937 7593    8434    6784    8439    6912    6762    8315    8532    8039    8290    5903    6510    5800    7784    6671    8013    8306    8627    8623    
82     1938 7693    8534    6732    8602    7661    6386    8345    8742    8425    8471    7480    7026    7253    5952    5981    6743    9287    8973    8045    
82     1939 7615    8260    6971    8000    7184    6742    8231    8232    7693    7300    7610    6655    6363    7429    6423    7360    8387    8940    8994    
82     1940 -999999 -999999 7147    -999999 -999999 7308    8656    7903    -999999 -999999 7357    5135    7213    7671    7035    8523    8558    8890    9071    
82     1941 -999999 -999999 7223    -999999 -999999 7068    8595    -999999 -999999 -999999 7160    6665    7197    6471    7542    8337    8555    8893    8474    
82     1942 7970    8398    7568    8372    7348    7765    8355    8594    8014    7839    7103    7094    7583    7871    7835    7920    8829    8300    8629    
82     1943 7983    8382    7572    8357    7572    7598    8280    8019    8429    8087    7750    6884    7127    7719    7932    8023    8158    8663    9035    
82     1944 8000    8654    7428    9010    7521    7362    8384    9035    8955    8097    7630    6839    6927    7513    7632    8037    8352    8763    8258    
82     1945 7987    8413    7454    8377    7209    7588    8646    8619    8239    8242    7383    6006    6893    7732    8116    8610    8787    8537    8687    
82     1946 7910    8470    7518    8648    7185    7539    8324    8574    8686    7571    7277    6710    6683    7597    8310    8530    8000    8453    8577    
82     1947 7971    8341    7389    8449    7614    7245    8525    8623    8114    8258    8153    6448    6657    6965    8094    8040    8590    8943    8774    
82     1948 7808    8374    7360    8378    7045    7443    8558    8119    8231    7597    7007    6529    6917    7581    7816    8317    8394    8970    8242    
82     1949 7697    8435    7125    8530    6948    7397    7810    8823    8525    7681    6870    6290    7070    7129    7981    7407    7548    8483    8610    
82     1950 7809    8043    7496    8174    7117    7568    8433    7748    8164    7729    7150    6474    6623    7761    8290    8677    8245    8383    8484    
82     1951 7652    8132    7096    8247    7032    6962    8256    8442    7768    7442    7237    6423    6810    7316    6755    8063    8526    8170    8868    
82     1952 8017    8370    7667    8574    7343    7733    8507    8761    8059    7810    7447    6777    6900    8090    8181    8603    8842    8063    8642    
82     1953 8155    8343    7810    8368    7383    7968    8744    8552    7861    8045    6883    7203    7267    7894    8723    8880    8952    8393    9139    
82     1954 7988    8381    7635    8541    7238    7589    8715    8277    8171    7332    7483    6906    7073    7448    8229    8680    8906    8553    8803    
82     1955 8146    8754    7631    8888    7890    7493    8534    8903    8964    8406    7773    7487    7543    7587    7352    8057    8735    8803    8203    
82     1956 8149    8311    7863    8191    7710    7836    8560    8571    7772    7765    8183    7197    6550    8381    8535    8313    8681    8683    9106    
82     1957 8154    8625    7717    8873    7332    7872    8652    8774    8725    7794    7407    6797    7957    7684    7977    8507    8668    8780    8835    
82     1958 7996    8462    7577    8663    7326    7528    8577    8552    8596    7365    7483    7135    7330    6910    8339    8273    8806    8643    8571    
82     1959 8007    8577    7383    8680    7312    7302    8678    8890    8568    7984    7270    6681    7070    7687    7142    8467    8781    8783    8803    
82     1960 7719    8518    6948    8616    6618    6954    8508    8671    8359    7710    6413    5726    6920    6571    7371    8727    8155    8653    9387    
82     1961 8002    8716    7298    9027    7260    7425    8566    8848    8825    8439    7173    6165    6237    7816    8184    8203    8858    8627    8674    
82     1962 8008    8446    7550    8564    7107    7760    8671    8897    8075    7513    6707    7087    7107    8077    8074    8230    8642    9143    8526    
82     1963 7750    8259    7271    8187    6654    7689    8466    8174    7825    7232    6927    5813    7883    7316    7874    7840    8813    8733    8584    
82     1964 7848    8298    7418    8330    7495    6948    8591    8452    7928    7268    7977    7255    6150    6994    7674    8470    8642    8660    8703    
82     1965 7898    8468    7264    8510    7077    7324    8530    8294    8536    7984    6093    7123    6767    7535    7652    8397    8423    8773    9216    
82     1966 7639    8545    7085    8510    7488    6791    8293    8445    7800    8545    7843    6087    6370    7016    6974    8260    7919    8713    7735    
82     1967 7727    8124    7116    7974    7385    6936    8381    8174    8018    8190    7633    6339    6540    6726    7529    7957    8403    8783    8465    
82     1968 7736    8291    7240    8198    7040    7354    8386    7961    8166    7977    6943    6197    6047    8081    7894    8267    8081    8820    8400    
82     1969 7714    7638    7542    7362    7055    7510    8866    7165    6432    6852    7593    6739    7180    7561    7777    8417    8823    9360    8600    
82     1970 7796    8384    7248    8302    7046    7105    8680    8361    7907    7239    7220    6684    7043    7123    7148    8293    8832    8910    8810    
82     1971 7868    8502    7289    8612    6887    7377    8580    8829    8154    7455    7023    6187    6550    7910    7645    8423    8300    9027    8929    
82     1972 7483    8297    6605    8298    7149    5979    8484    7919    8028    7587    7387    6481    6427    6003    5523    7873    8613    8960    9052    
82     1973 7711    8468    7011    8531    6967    6868    8581    7955    8593    7661    7363    5890    6390    6539    7661    8253    8565    8927    8819    
82     1974 7999    8636    7384    8718    7515    7455    8309    8558    8782    8187    6860    7477    6553    7635    8148    7590    8368    8967    8868    
82     1975 7834    8673    7122    8826    7096    7221    8201    9052    8529    8248    6957    6077    6853    6832    7965    8067    8074    8467    8926    
82     1976 7909    8344    7438    8641    7127    7770    8218    8758    8210    7623    6947    6806    7653    7465    8187    7563    7990    9107    8606    
82     1977 7901    8408    7264    8396    7392    7137    8682    8090    8500    8187    7057    6923    6800    7197    7403    8213    8603    9233    8648    
82     1978 8054    8722    7536    8652    7013    8010    8633    9052    8214    8548    6307    6161    7640    7926    8452    8733    8442    8730    8435    
82     1979 7883    8418    7162    8407    6995    7312    8657    8274    8521    8126    7057    5803    6597    7713    7603    8210    8694    9067    8977    
82     1980 8023    8399    7721    8520    7428    7570    8600    8358    8203    7103    7737    7455    6730    7877    8074    8447    8519    8837    8942    
82     1981 7736    8486    6910    8753    6836    6604    8762    8835    8454    7339    7013    6161    6687    6013    7116    8520    8716    9050    9003    
82     1982 8061    8504    7602    8584    7260    7660    8709    8339    8393    7529    7400    6855    7457    7352    8165    8397    8861    8863    9145    
82     1983 -999999 -999999 -999999 8957    -999999 -999999 -999999 8897    8814    -999999 -999999 -999999 -999999 -999999 -999999 -999999 -999999 -999999 -999999 
82     1984 7764    -999999 7289    -999999 6492    7705    8782    8284    7369    7281    6537    5661    7270    7771    8061    8443    9000    8897    8568    
82     1985 8096    8449    7717    8457    7182    7970    8634    8590    8186    7442    7850    6274    8133    7871    7910    8300    8623    8980    9035    
82     1986 7905    8632    7269    8768    6821    7509    8702    9016    8196    7910    7113    5448    7040    7555    7916    8573    8690    8843    8587    
82     1987 7981    8323    7809    8461    7059    7898    8505    8206    8604    7052    7263    6868    7423    7771    8484    9053    8110    8367    8635    
82     1988 7772    8254    7158    8582    6637    7407    8357    8826    8266    7323    6807    5787    7230    7048    7935    8167    8281    8627    8997    
82     1989 7893    8526    7167    8802    7048    7307    8513    8845    8539    7874    6777    6484    6810    7387    7706    7833    8742    8957    8787    
82     1990 8047    8675    7346    8809    6880    7547    8895    8758    8889    7948    6147    6523    7023    7629    7971    8783    8761    9143    9035    
82     1991 8056    8721    7494    8946    7049    7670    8656    8819    8986    7619    6930    6594    7507    7377    8119    8450    8632    8887    8832    
82     1992 -999999 8667    -999999 8753    -999999 6501    8614    8690    8734    8239    7313    -999999 6203    6458    6832    7963    8800    9073    8635    
82     1993 8076    8524    7684    8392    7085    8120    8597    8771    7704    8097    7383    5784    7377    8506    8452    8613    8410    8773    9003    
82     1994 7834    8422    7457    8548    7103    7691    8164    8806    7757    7729    6620    6945    7657    7542    7874    8107    7661    8740    8558    
82     1995 7849    8304    7286    8629    7174    7376    8207    8616    8721    7584    7123    6813    7003    7419    7694    7660    8129    8833    8655    
82     1996 7783    8195    7374    8476    6709    7570    8520    8597    8155    6819    6800    6510    7113    8035    7545    8243    8232    9093    8274    
82     1997 7952    8243    7427    8197    7077    7478    8862    8161    8150    7565    7003    6661    7753    7039    7652    8483    9045    9050    8897    
82     1998 7859    8530    7523    8570    6802    8055    8221    8926    7814    7397    6357    6639    7437    8077    8632    7970    8329    8360    8326    
82     1999 7613    8112    6979    8411    6675    6750    8489    8532    8371    6787    6620    6616    6140    6452    7639    8413    8552    8500    8781    
82     2000 7910    8497    7291    8671    6948    7623    8340    8561    8672    7929    6907    6006    7220    7506    8129    7987    8632    8390    8997    
82     2001 7992    8551    7454    8749    7428    7496    8535    8871    8339    8052    7067    7155    7887    7148    7465    8020    8787    8790    8352    
82     2002 -999999 -999999 -999999 -999999 -999999 -999999 -999999 -999999 -999999 -999999 -999999 -999999 -999999 -999999 -999999 -999999 -999999 -999999 -999999 
82     2003 8025    -999999 7657    -999999 7075    7982    8551    8623    8018    7413    7593    6235    7817    7574    8548    8197    8381    9080    8835    
