EUROPEAN CLIMATE ASSESSMENT & DATASET (ECA&D), file created on: 16-11-2020
THESE DATA CAN BE USED FOR NON-COMMERCIAL RESEARCH AND EDUCATION PROVIDED THAT THE FOLLOWING SOURCE IS ACKNOWLEDGED: 

Klein Tank, A.M.G. and Coauthors, 2002. Daily dataset of 20th-century surface
air temperature and precipitation series for the European Climate Assessment.
Int. J. of Climatol., 22, 1441-1453.
Data and metadata available at http://www.ecad.eu

FILE FORMAT (MISSING VALUE CODE = -999999):

THIS FILE HOLDS DATA FOR STATION LATVIA                                   LIEPAJA                                  (STAID:    199)
LATITUDE: dd:mm:ss +56:28:59
LONGITUDE: ddd:mm:ss +021:01:00
ELEVATION: m    7

DATA IS FOR INDEX Mean of daily average relative humidity (RH) with unit 0.01 Relative humidity (%)

01-06 SOUID: Source identifier
08-11 YEAR : YYYY
13-20 ANNUAL DATA VALUES
21-28 WINTER HALF YEAR DATA VALUES
29-36 SUMMER HALF YEAR DATA VALUES
37-44 WINTER (DJF) DATA VALUES
45-52 SPRING (MAM) DATA VALUES
53-60 SUMMER (JJA) DATA VALUES
61-68 AUTUMN (SON) DATA VALUES
69-76 JANUARY DATA VALUES
etc. 
157-164 DECEMBER DATA VALUES

199    1895 7858    -999999 7392    -999999 7334    7611    7885    8958    8446    8223    7490    6294    7220    7710    7890    7757    7790    8110    8435    
199    1896 8035    8222    7672    8308    8183    7379    8125    8290    8190    8510    8243    7797    7047    7494    7587    7867    8397    8103    8877    
199    1897 8111    8472    7772    8642    8165    7654    7977    8632    8393    8410    8037    8045    7597    7768    7597    7583    8587    7740    8926    
199    1898 8207    8521    7867    8882    7752    8050    8327    8645    9096    8165    7347    7732    7847    8306    7990    7967    8358    8657    8429    
199    1899 7931    8388    7695    8417    7779    7527    8090    8513    8296    8074    8070    7203    8000    7061    7535    8340    7952    7983    8200    
199    1900 7944    8083    7679    8261    7680    7678    8234    8135    8468    7794    8023    7235    7800    7865    7374    7793    8261    8647    8000    
199    1901 7681    8181    7484    8100    7355    7593    7720    8355    7929    7887    7753    6439    8130    7239    7429    7957    8035    7157    7894    
199    1902 7641    7633    7606    7664    7362    7854    7557    7600    7482    7600    6717    7748    7690    8010    7858    7587    7694    7387    8261    
199    1903 7770    7786    7686    7948    7770    7525    7887    7935    7614    7794    7873    7645    7163    7642    7758    8033    7787    7843    8135    
199    1904 7633    7836    7419    8055    7466    7257    7747    8181    7834    7232    7667    7506    6997    7158    7606    7577    8003    7653    8171    
199    1905 -999999 7841    -999999 7799    -999999 7334    8136    7342    7893    7984    -999999 7100    7010    7726    7255    7787    8161    8460    8006    
199    1906 8022    8133    7683    8261    7475    7801    8318    8284    8518    7416    7417    7590    8083    7552    7777    7683    8581    8680    8719    
199    1907 8714    8784    8573    8741    8634    8724    8705    8819    8679    9213    8403    8277    8450    8794    8919    8587    8874    8650    8874    
199    1908 -999999 8703    8321    8834    8247    8212    8731    8887    8734    8200    8213    8326    7737    8071    8813    8760    8632    8803    -999999 
199    1909 8498    -999999 8250    -999999 8333    8411    8453    9042    8493    8926    8220    7848    8153    8532    8539    8200    8668    8483    8842    
199    1910 -999999 8673    -999999 8809    8017    -999999 -999999 8800    8782    8465    8077    7513    7887    -999999 8823    -999999 -999999 8487    8829    
199    1911 -999999 -999999 -999999 -999999 -999999 -999999 -999999 -999999 -999999 -999999 -999999 -999999 -999999 -999999 -999999 -999999 -999999 -999999 -999999 
199    1912 -999999 -999999 -999999 -999999 -999999 -999999 -999999 -999999 -999999 -999999 -999999 -999999 -999999 -999999 -999999 -999999 -999999 -999999 -999999 
199    1913 -999999 -999999 -999999 -999999 -999999 -999999 -999999 -999999 -999999 -999999 -999999 -999999 -999999 -999999 -999999 -999999 -999999 -999999 -999999 
199    1914 -999999 -999999 -999999 -999999 -999999 -999999 -999999 -999999 -999999 -999999 -999999 -999999 -999999 -999999 -999999 -999999 -999999 -999999 -999999 
199    1915 -999999 -999999 -999999 -999999 -999999 -999999 -999999 -999999 -999999 -999999 -999999 -999999 -999999 -999999 -999999 -999999 -999999 -999999 -999999 
199    1916 -999999 -999999 -999999 -999999 -999999 -999999 -999999 -999999 -999999 -999999 -999999 -999999 -999999 -999999 -999999 -999999 -999999 -999999 -999999 
199    1917 -999999 -999999 -999999 -999999 -999999 -999999 -999999 -999999 -999999 -999999 -999999 -999999 -999999 -999999 -999999 -999999 -999999 -999999 -999999 
199    1918 -999999 -999999 -999999 -999999 -999999 -999999 -999999 -999999 -999999 -999999 -999999 -999999 -999999 -999999 -999999 -999999 -999999 -999999 -999999 
199    1919 -999999 -999999 -999999 -999999 -999999 -999999 -999999 -999999 -999999 -999999 -999999 -999999 -999999 -999999 -999999 -999999 -999999 -999999 -999999 
199    1920 -999999 -999999 -999999 -999999 -999999 -999999 -999999 -999999 -999999 -999999 -999999 -999999 -999999 -999999 -999999 -999999 -999999 -999999 -999999 
199    1921 -999999 -999999 -999999 -999999 -999999 -999999 -999999 -999999 -999999 -999999 -999999 -999999 -999999 -999999 -999999 -999999 -999999 -999999 -999999 
199    1922 -999999 -999999 -999999 -999999 -999999 -999999 -999999 -999999 -999999 -999999 -999999 8613    -999999 9023    7884    7843    9039    -999999 -999999 
199    1923 -999999 -999999 -999999 -999999 -999999 -999999 -999999 -999999 -999999 -999999 -999999 -999999 -999999 -999999 -999999 -999999 -999999 -999999 -999999 
199    1924 -999999 -999999 -999999 -999999 -999999 -999999 -999999 -999999 -999999 -999999 -999999 -999999 -999999 -999999 -999999 -999999 -999999 -999999 -999999 
199    1925 7996    -999999 7584    -999999 7914    7696    7648    8755    8989    8732    7907    7103    7897    7539    7658    7413    7700    7830    8497    
199    1926 8205    8474    7634    8746    8293    7426    8246    8897    8854    9084    7873    7910    7093    7348    7826    7747    8032    8967    8852    
199    1927 8032    8599    7673    8556    8366    7335    8178    8316    8493    8939    8407    7755    7500    7245    7265    7893    8174    8467    7974    
199    1928 8810    8283    8899    8349    8318    9046    9215    8481    8610    8016    8457    8487    9503    8635    9013    9317    9068    9267    8890    
199    1929 8523    8800    8376    8579    8166    8543    8774    8739    8057    8723    7917    7852    8370    8571    8684    8863    8494    8973    8990    
199    1930 8337    8818    7966    9013    7868    8177    8433    9055    8993    8426    7257    7903    7813    8445    8261    8093    8571    8630    8613    
199    1931 8270    8592    7984    8764    8047    7991    8287    8932    8746    8077    7910    8148    8180    7739    8061    7867    8345    8647    8619    
199    1932 8389    8616    8123    8745    8458    7972    8278    8926    8686    8477    8270    8619    8330    7748    7848    7930    8342    8560    8935    
199    1933 8385    8638    8180    8731    8337    8065    8626    8632    8614    8739    8100    8165    8113    8194    7890    8630    8461    8793    8313    
199    1934 8257    8669    7765    8662    7840    8060    8282    9119    8543    8774    7450    7284    8030    8661    7487    7673    8465    8703    8884    
199    1935 8399    8655    8129    8847    7887    8285    8540    8639    9036    8242    7803    7613    7863    8423    8555    8510    8448    8663    9032    
199    1936 8267    8653    7909    8751    8211    7786    8362    8874    8317    8561    8433    7645    7920    7726    7716    8033    8103    8957    8929    
199    1937 8096    8589    7603    8652    7813    7634    8354    8287    8750    8535    7007    7871    7153    7897    7835    7830    8290    8943    8768    
199    1938 8161    8719    7763    8833    7984    7895    8030    9155    8550    8600    7667    7674    7773    8097    7810    7547    8223    8313    8516    
199    1939 7880    8556    7203    8873    7577    7145    8052    9155    8957    8203    8013    6529    7180    7584    6671    7270    8203    8677    8206    
199    1940 7910    8368    7430    8335    7376    7562    8245    8387    8417    8329    7360    6439    7437    7571    7674    8117    7990    8637    8597    
199    1941 8051    8334    7719    8248    7811    7823    8281    7590    8589    8635    7563    7226    -999999 7723    7977    8083    8390    8367    8697    
199    1942 8198    8215    8155    8382    7984    8200    8140    8355    8064    7406    8143    8406    7897    8490    8203    7767    8277    8370    8965    
199    1943 8476    8517    8332    8873    8071    8445    8599    8865    8782    7865    8370    7987    8660    8529    8152    8307    8635    8853    8752    
199    1944 -999999 8684    -999999 8638    8288    7726    -999999 8668    8486    8700    7923    8229    8063    7439    7687    -999999 -999999 -999999 8558    
199    1945 -999999 -999999 -999999 -999999 -999999 8385    8507    -999999 -999999 -999999 -999999 -999999 8620    8061    8481    8243    8413    8867    8458    
199    1946 8305    8597    8117    8576    8022    8255    8447    8726    8539    8584    7973    7506    8103    8355    8303    8467    8142    8743    8239    
199    1947 8135    8415    7866    8226    8086    7863    8251    8474    7936    8923    8630    6723    7673    7958    7952    8293    7745    8730    8590    
199    1948 8163    8332    8001    8331    8028    8082    8211    8394    7986    8535    7987    7561    8523    8016    7719    8223    8039    8377    8603    
199    1949 8376    8336    8243    8628    7763    8470    8535    8626    8657    7748    8230    7326    8733    8310    8374    8510    8000    9113    8945    
199    1950 8424    8622    8228    8663    8360    8161    8652    8271    8786    8648    8713    7729    8233    8197    8055    8467    8632    8857    8555    
199    1951 8033    8468    7698    8443    7827    7658    8208    8265    8518    8000    8013    7474    7647    7629    7697    7737    8203    8683    8577    
199    1952 8192    8287    7955    8535    7676    8024    8510    8539    8486    7258    8217    7571    8273    7761    8045    7880    8765    8877    8668    
199    1953 8202    8754    7915    8857    7798    8064    8099    8890    9029    8329    7393    7658    7980    8210    8000    8247    8113    7937    8684    
199    1954 8139    8234    7887    8236    7984    7982    8247    8135    7850    8635    8100    7219    7690    7997    8248    8073    8294    8373    9019    
199    1955 8225    8461    8046    8677    8213    7800    8366    8500    8493    8087    8260    8294    7703    7839    7855    8333    8442    8320    8597    
199    1956 8174    8253    8199    8456    8015    8082    8189    8661    8086    7403    8490    8168    7860    8135    8242    8303    8045    8223    8468    
199    1957 8279    8420    8080    8831    7899    8160    8293    8952    9100    7794    8143    7768    8017    8294    8165    8097    8455    8323    8310    
199    1958 8329    8265    8195    8472    7900    8216    8564    8468    8657    7419    7947    8335    7943    8155    8542    8233    8535    8923    8816    
199    1959 8085    8664    7639    8734    7634    7667    8433    8587    8807    8339    7350    7203    7913    7590    7500    8297    8026    8990    8465    
199    1960 8343    8330    8064    8487    7627    8330    8662    8619    8369    7532    7780    7574    8087    8294    8603    8037    8890    9050    9268    
199    1961 8323    8919    8102    9036    7968    8291    8358    8565    9300    8481    6993    8400    8267    8255    8352    8320    8390    8363    8242    
199    1962 8380    8291    8405    8440    8205    8296    8534    8923    8125    7690    8443    8490    7987    8429    8461    8617    8461    8527    8381    
199    1963 8129    8297    7946    8344    7993    7845    8326    8181    8486    7774    8440    7781    7510    7745    8268    7937    8461    8577    8423    
199    1964 8222    8373    7993    8519    7966    7840    8401    8758    8366    7658    8223    8026    7843    7674    8003    8200    8510    8490    8916    
199    1965 8080    8567    7824    8523    7808    7951    8233    8510    8104    8826    7383    7200    7613    8084    8145    8520    8097    8087    8374    
199    1966 8273    8326    7954    8292    8430    7905    8315    8319    8171    8884    8240    8161    7683    8029    7997    7600    8529    8810    8816    
199    1967 8171    8629    7914    8552    8271    7761    8278    8406    8421    8777    7870    8152    7753    7513    8016    8183    8261    8390    8313    
199    1968 7984    8374    7602    8415    7768    7587    8209    8510    8424    8348    7453    7494    7247    7803    7700    7910    8165    8553    8210    
199    1969 7986    8066    7902    8057    8070    7584    8149    8116    7821    7526    8497    8200    7253    7984    7503    7973    8303    8167    8471    
199    1970 8182    8306    7948    8246    8203    7974    8212    8271    7968    8619    8550    7452    7607    8290    8013    7777    8455    8397    8755    
199    1971 8002    8568    7507    8740    7590    7547    8136    9023    8411    8345    7660    6768    7560    7365    7716    7997    8148    8263    8794    
199    1972 8181    8196    8070    8316    7964    8062    8476    7926    8224    7823    8303    7777    7873    8103    8203    8163    8552    8710    8532    
199    1973 8127    8646    7725    8681    8080    7605    8029    8752    8768    8574    8083    7584    7443    7690    7677    7880    8187    8013    8900    
199    1974 8232    8401    7858    8847    7470    8165    8470    8745    8900    7694    7120    7584    7800    8348    8335    7937    8674    8793    8877    
199    1975 8029    8657    7643    8722    8072    7567    8008    8800    8464    8316    8270    7635    7600    7442    7661    7253    8252    8510    8174    
199    1976 8198    8370    7913    8371    7833    8149    8242    8561    8379    8348    7670    7474    8280    8048    8123    7883    7858    8997    8771    
199    1977 8327    8443    8162    8509    8287    8203    8385    8345    8400    8303    8590    7977    8143    8361    8103    7797    8697    8650    8561    
199    1978 8033    8432    7699    8221    7508    8051    8395    8155    7918    8568    7687    6274    7730    8158    8255    8107    8268    8813    8458    
199    1979 8247    8460    7990    8281    8136    8066    8358    8539    7800    8832    8217    7361    7297    8426    8452    8177    8039    8870    8903    
199    1980 8246    8425    8068    8777    7705    8042    8385    8623    8807    7348    8400    7390    7430    8352    8326    8517    8206    8437    9148    
199    1981 8350    8587    8084    8901    7749    8326    8434    8977    8543    8200    7710    7335    8373    8339    8268    8490    8397    8417    9152    
199    1982 8385    8708    8151    8964    8365    8041    8321    8729    9018    8558    8367    8171    8180    8200    7748    8250    8487    8220    8739    
199    1983 8157    8519    8021    8573    8453    7859    7825    8752    8193    8684    8613    8068    8147    7932    7506    7877    7652    7953    8506    
199    1984 8198    8037    8065    8288    7626    8252    8558    8484    7845    7765    7847    7274    8267    8365    8126    8527    8523    8627    8719    
199    1985 8128    8484    7858    8383    7872    8185    8056    8458    7929    8600    8140    6884    8083    8132    8335    7580    8403    8173    8784    
199    1986 7990    8333    7640    8393    7717    7878    8055    8752    7564    8242    7397    7503    7680    8277    7671    7293    8203    8663    8568    
199    1987 8087    8348    7862    8448    7648    8063    8192    8281    8500    7897    7483    7558    8290    7765    8142    7937    7858    8793    8587    
199    1988 7904    8413    7648    8513    7583    7858    7900    8397    8559    8303    7550    6894    7760    7865    7945    7883    8135    7673    7900    
199    1989 7987    8223    7507    8328    7760    7434    8241    8503    8607    8535    7513    7223    7363    7055    7881    8017    8323    8380    8487    
199    1990 8173    8456    7750    8656    7528    7939    8478    8735    8754    8084    7090    7397    7610    8248    7948    8193    8484    8757    8794    
199    1991 8310    8601    8081    8670    8041    8179    8420    8626    8582    8368    7830    7919    8490    7848    8210    8197    8316    8750    8613    
199    1992 8135    8610    7730    8709    8073    7445    8287    8610    8917    8477    8207    7539    6843    7323    8148    8327    8010    8533    8716    
199    1993 8082    8532    7719    8683    7511    8125    7999    8710    8618    8613    7293    6619    8107    8206    8061    8033    8248    7707    8781    
199    1994 7848    8264    7488    8474    7590    7482    7912    8716    7868    8210    7657    6906    8140    6787    7539    7940    7674    8130    8623    
199    1995 8384    8324    8146    8546    8205    8139    8654    8352    8675    8519    7897    8190    8313    8016    8094    8370    8797    8790    8613    
199    1996 8199    8794    7632    8884    8065    7548    8309    9081    8962    8532    7590    8058    7747    7710    7194    7490    8690    8733    8613    
199    1997 8048    8587    7507    8622    7839    7437    8125    8865    8364    8239    7740    7535    7587    7203    7526    7457    8213    8703    9148    
199    1998 8462    8675    8258    9039    7879    8554    8390    9077    8875    8052    7767    7816    8833    8510    8329    8297    8132    8750    9139    
199    1999 8450    8817    8064    9211    8159    7972    8599    9365    9121    8423    8557    7510    8140    7894    7887    8427    8348    9030    8774    
199    2000 8308    8770    7821    8974    7807    8060    8308    9029    9128    8345    7757    7316    7677    8255    8235    7673    8074    9183    9042    
199    2001 8323    8593    8197    8820    7936    8195    8441    8787    8611    7881    8607    7342    8630    7861    8106    8677    8742    7893    8784    
199    2002 7866    8590    7217    8858    7498    7186    8173    9071    8704    8335    7497    6661    7443    7584    6539    7607    8306    8600    8119    
199    2003 8164    8373    7760    8509    7633    7807    8534    8745    8679    7826    7097    7958    7563    7994    7855    8073    8135    9407    8674    
199    2004 8271    8737    7859    8708    7753    8171    8433    8658    8797    8774    6937    7507    8103    8406    8000    8167    8535    8593    8719    
199    2005 8143    8496    7829    8558    7834    7884    8310    8771    8143    8184    7363    7950    7963    7574    8116    8013    8255    8663    8681    
199    2006 8171    8462    7760    8632    7721    7610    8714    8635    8575    7981    8060    7132    7600    7261    7968    8570    8639    8937    8745    
199    2007 8337    8587    8060    8537    8038    8068    8572    8571    8268    8342    7488    8177    7687    8532    7974    8387    8417    8907    9126    
199    2008 8191    8693    7789    8882    7725    7840    8430    8781    8731    8187    7973    7023    7473    7723    8306    8243    8426    8620    8813    
