EUROPEAN CLIMATE ASSESSMENT & DATASET (ECA&D), file created on: 16-11-2020
THESE DATA CAN BE USED FOR NON-COMMERCIAL RESEARCH AND EDUCATION PROVIDED THAT THE FOLLOWING SOURCE IS ACKNOWLEDGED: 

Klein Tank, A.M.G. and Coauthors, 2002. Daily dataset of 20th-century surface
air temperature and precipitation series for the European Climate Assessment.
Int. J. of Climatol., 22, 1441-1453.
Data and metadata available at http://www.ecad.eu

FILE FORMAT (MISSING VALUE CODE = -999999):

THIS FILE HOLDS DATA FOR STATION GERMANY                                  ZUGSPITZE                                (STAID:     58)
LATITUDE: dd:mm:ss +47:25:19
LONGITUDE: ddd:mm:ss +010:59:12
ELEVATION: m 2964

DATA IS FOR INDEX Mean of daily average relative humidity (RH) with unit 0.01 Relative humidity (%)

01-06 SOUID: Source identifier
08-11 YEAR : YYYY
13-20 ANNUAL DATA VALUES
21-28 WINTER HALF YEAR DATA VALUES
29-36 SUMMER HALF YEAR DATA VALUES
37-44 WINTER (DJF) DATA VALUES
45-52 SPRING (MAM) DATA VALUES
53-60 SUMMER (JJA) DATA VALUES
61-68 AUTUMN (SON) DATA VALUES
69-76 JANUARY DATA VALUES
etc. 
157-164 DECEMBER DATA VALUES

58     1900 -999999 -999999 -999999 -999999 -999999 -999999 7878    -999999 -999999 -999999 -999999 -999999 -999999 -999999 8581    7500    8080    8053    7403    
58     1901 8042    7710    8504    7500    7895    8703    7740    7423    7693    7632    7740    8306    8373    8858    8868    8860    7971    6380    8339    
58     1902 8416    7777    9111    8088    8976    9104    7763    7771    8161    8043    9117    9742    8990    9123    9197    8473    8997    5777    7529    
58     1903 8162    7260    8878    7076    8559    9026    8101    6839    6836    7494    9277    8929    9033    9235    8810    7973    8277    8047    7126    
58     1904 8407    7862    8921    7567    8529    8979    8564    7232    8397    8135    8813    8648    8987    8748    9203    9133    8500    8060    7071    
58     1905 8619    8139    8861    7912    8664    8878    9086    8335    8375    8513    9047    8445    9127    8481    9035    9050    9171    9033    6848    
58     1906 8544    8568    8857    8160    8904    8943    7544    8465    9275    8700    8807    9203    9233    9065    8542    8287    7097    7255    8606    
58     1907 8471    7963    8743    8426    8459    9186    7779    8661    7964    8148    9093    8155    9123    9365    9068    7643    8387    7287    8687    
58     1908 8032    7928    8755    7788    8871    8673    7157    6210    8459    8497    9503    8632    8410    8545    9055    8387    6545    6560    7577    
58     1909 8463    7362    8758    7613    8257    9110    8358    7104    8143    8261    8117    8387    9207    9420    8716    8717    8781    7563    8952    
58     1910 8871    8662    9103    9058    8915    9277    8487    9129    9096    8455    9227    9074    9087    9477    9261    8473    8055    8962    8145    
58     1911 8304    -999999 8630    -999999 9058    8619    7682    6892    8130    9235    8530    9390    9150    8300    8413    7980    7168    7917    8306    
58     1912 9023    8420    9342    8748    9350    9191    8938    8990    8962    9197    9567    9294    9253    8861    9461    9630    7984    9233    7890    
58     1913 8635    8158    9174    7904    8852    9180    8351    8681    7061    8029    9390    9155    8940    9648    8945    8957    7352    8777    8577    
58     1914 8479    8055    8869    7730    8735    9133    8591    7768    6750    9006    7883    9287    9570    9368    8474    8613    8777    8377    7726    
58     1915 8693    8516    8793    8311    8917    8974    8045    9097    8089    8987    8910    8855    8880    9113    8926    8060    7829    8253    9242    
58     1916 8728    8606    8924    8879    8790    9164    8410    8290    9121    8923    8567    8874    9380    9245    8874    8597    8577    8050    8252    
58     1917 8317    8187    8610    8053    8598    8828    7987    8794    7014    8319    9207    8287    8583    8877    9016    7680    8574    7687    7632    
58     1918 8279    7639    8948    7069    8623    9265    7711    6848    6689    8313    8717    8842    9513    9287    9003    8317    7994    6813    8868    
58     1919 8923    8295    9038    8737    9121    9217    8627    8820    8504    8761    9463    9148    9007    9500    9139    7950    8790    9137    8813    
58     1920 8316    8285    9003    8022    8399    9154    7648    8703    6448    7729    8790    8690    9607    8661    9210    9077    7542    6330    8906    
58     1921 8238    7848    8623    8550    8502    8736    7427    9190    7446    7587    9210    8732    9273    8477    8474    7580    7413    7290    8123    
58     1922 8824    8244    9002    8718    8878    8901    8701    9484    8529    8623    9327    8700    9557    8784    8384    9300    9084    7707    8400    
58     1923 8687    8484    8737    8618    8670    8647    8532    8697    8771    8245    8920    8852    9470    8232    8265    8713    8384    8503    9232    
58     1924 8280    8251    9088    8242    8715    9166    7857    7316    8171    7861    9393    8829    8973    9116    9403    8810    7752    7013    6706    
58     1925 8811    7845    9122    7606    9147    9073    8565    7081    9241    9429    9227    8787    8717    9290    9200    9513    8035    8163    9119    
58     1926 8971    8883    9088    9119    9365    9302    8163    9423    8782    9742    8710    9623    9850    9529    8545    8257    8323    7903    8910    
58     1927 8647    8442    9134    8647    9005    9060    7945    8952    8018    8490    9343    9194    8803    9326    9042    9090    6639    8150    8681    
58     1928 8793    8057    9062    8210    9303    8852    8709    8219    7697    8939    9310    9661    9040    8816    8706    8840    8126    9180    8955    
58     1929 8350    8057    8762    8072    8386    8760    8149    7977    7200    6855    9247    9084    9230    8719    8345    7953    8471    8013    9026    
58     1930 8339    7923    8990    7656    8932    8824    8439    6861    7018    8065    9263    9477    8873    9461    8139    8720    8030    8567    7523    
58     1931 8498    8095    8978    8078    8326    9032    8477    7890    8889    7748    8683    8558    8680    9094    9310    9543    7852    8057    7670    
58     1932 8033    7402    8881    6922    8562    8896    8167    6340    6743    7681    8920    9097    9167    9210    8319    8577    8626    7283    6310    
58     1933 8409    7510    8910    7310    8596    8709    8548    7781    7896    7183    9260    9319    9223    8816    8103    8757    8252    8647    7648    
58     1934 8254    7918    8816    7348    8621    9037    7665    7755    6564    8532    8280    9039    9120    8694    9300    8447    7781    6763    8597    
58     1935 8380    7893    8459    8473    8249    8467    8288    8377    8443    7413    9090    8271    8140    8439    8813    7979    9065    7783    8726    
58     1936 8443    8300    8921    8546    8500    8746    8484    8829    8052    7313    9150    9058    9250    9168    7835    9087    8684    7673    7232    
58     1937 8651    8165    9090    7943    8901    9179    8232    7826    8861    8768    9270    8677    8807    9339    9381    9060    7629    8027    8206    
58     1938 8085    7661    8814    7786    8207    8920    7673    8410    6629    6977    9063    8606    8613    9097    9039    8457    7490    7077    7445    
58     1939 8410    7508    8825    7206    8825    8963    8548    7732    6357    8823    8063    9565    8747    8865    9271    8397    9258    7967    7668    
58     1940 8534    8178    9183    7741    8897    9321    8375    7716    7845    8587    8700    9397    9577    9403    8990    9023    8106    8003    7052    
58     1941 8543    7931    8916    7910    8738    9097    8292    8574    8125    7745    9257    9229    9087    9097    9106    7700    8852    8307    7400    
58     1942 8283    8169    8624    7891    8605    8565    8209    8445    7821    8158    8523    9132    8120    8906    8655    8380    8268    7977    6965    
58     1943 7879    7478    8467    6982    7875    8743    7795    7077    6896    7645    7887    8094    9357    8877    8016    8583    6919    7910    7268    
58     1944 8153    7619    8540    7493    8201    8816    8337    7055    8203    8403    8007    8187    9200    8942    8319    8593    8335    8083    6552    
58     1945 -999999 7785    -999999 7284    -999999 -999999 7802    7506    7850    8400    7887    -999999 -999999 -999999 -999999 8493    7971    6937    8152    
58     1946 8182    7821    8616    8109    8177    9170    7245    6852    9454    7690    7873    8958    9490    8835    9194    7307    7426    6997    8197    
58     1947 8128    7782    8297    7849    8358    8503    7651    7252    8125    8706    7593    8748    8613    8510    8390    7903    5926    9180    8616    
58     1948 7752    7709    8493    8340    7667    9001    6962    8423    7955    6216    7867    8926    8693    9465    8835    7117    7339    6417    5758    
58     1949 7950    6734    8726    6179    8414    8970    7669    6771    5989    8048    8023    9158    9477    8819    8629    8233    6723    8083    7316    
58     1950 7952    7169    8533    7110    7968    8490    8047    7210    6771    6900    8910    8126    8360    8371    8735    8710    7074    8390    7839    
58     1951 7836    7919    8217    8001    7992    8465    7397    7900    8293    8071    7580    8313    8747    8400    8258    7997    5977    8263    6316    
58     1952 8136    7384    8236    7303    8163    8111    8551    7874    7748    8177    7653    8642    8307    7819    8213    8783    8561    8307    7535    
58     1953 7451    7373    8356    7161    7385    8670    6781    7494    6379    5894    8117    8168    8943    8855    8219    7830    7523    4967    6923    
58     1954 7976    6866    8666    7211    7901    8984    7625    7748    6936    7045    8147    8519    8693    9258    8990    8360    7529    6990    7400    
58     1955 8144    7447    8723    7577    7915    9120    7612    7074    8329    7432    8250    8074    9120    9126    9113    8653    7261    6933    8397    
58     1956 8046    7608    8633    7796    8449    8982    7264    7413    7562    8058    8507    8784    9213    8819    8919    7537    7019    7243    7461    
58     1957 7836    7355    8614    7558    8162    8580    7188    7145    8121    7213    8313    8965    8697    8568    8481    8653    6258    6683    6997    
58     1958 7996    7158    8394    7224    8263    8645    7814    7084    7632    8323    8443    8029    8890    8761    8290    7953    8119    7360    7048    
58     1959 7545    7159    8213    6771    7742    8835    6481    7655    5486    7132    7677    8416    9307    8442    8771    6633    6152    6670    8006    
58     1960 8526    7593    8991    8097    8763    9141    8365    8323    7952    8452    8643    9190    8943    9365    9110    8670    8416    8007    7206    
58     1961 8026    7531    8808    7251    8513    8920    7131    7035    7539    6997    9150    9413    9013    9113    8635    7497    7203    6690    7990    
58     1962 7761    7228    8614    7517    7965    8924    7164    7442    7075    6935    8013    8948    8933    9126    8713    7920    6294    7307    6400    
58     1963 7833    6970    8785    7020    8213    8804    7562    8203    6396    7174    8523    8952    8973    8468    8977    8813    6097    7823    5542    
58     1964 7990    6715    8407    5918    8685    8586    8264    4932    7372    8603    8663    8787    8667    8629    8465    7207    8974    8587    6987    
58     1965 8326    8158    8976    7960    8597    9045    7146    8584    8346    7503    8760    9532    9100    9158    8877    8407    4500    8620    8574    
58     1966 8598    7773    8775    8281    8709    9178    8029    8319    7914    8748    8670    8706    9130    9461    8942    7717    8416    7940    9116    
58     1967 8112    8313    8566    8337    8392    8727    7459    8413    7389    8503    8307    8365    8820    8742    8623    8540    6787    7073    7716    
58     1968 8065    7437    8741    8030    7661    9115    7788    8435    7931    6697    7663    8623    9080    8842    9423    8793    7223    7367    6719    
58     1969 7899    7375    8539    7374    7986    9084    6852    7432    8036    7535    8293    8139    9293    8745    9219    7530    5710    7353    7545    
58     1970 8303    7637    8747    8000    9020    8873    7515    7284    9296    8784    9163    9116    8923    8845    8852    7563    7342    7647    6919    
58     1971 7839    7545    8263    7294    8340    8403    7387    7290    7714    8374    7723    8903    9567    7729    7952    7713    6048    8443    6661    
58     1972 7992    7224    8984    7058    8736    8932    7682    7274    7252    7706    9230    9287    9073    9132    8594    8587    6497    8003    5316    
58     1973 8115    7020    8658    6656    8348    8779    7660    6842    7932    7652    8907    8503    8793    9316    8229    8200    7229    7567    8226    
58     1974 8645    7941    8839    8246    8561    9008    8601    8006    8532    8132    8543    9006    9490    9206    8342    8443    9542    7787    8694    
58     1975 7964    8173    8701    7770    8560    8888    7544    8016    6475    8345    8683    8655    9307    8723    8648    8193    6742    7723    5977    
58     1976 8155    7249    8619    7186    8078    8834    8026    8884    6662    7484    7993    8755    8470    8742    9277    8443    7516    8137    7419    
58     1977 8260    7972    8795    8226    8401    8975    7730    8658    8639    7532    8953    8735    8750    8858    9310    8143    6765    8313    6535    
58     1978 7976    7598    8782    7531    8461    8901    6721    7797    8339    7935    8407    9039    9063    9206    8439    8527    6716    4920    7332    
58     1979 8405    7307    8713    7767    8597    9198    7575    7839    8168    8874    8730    8190    9090    9529    8971    7750    7335    7647    8706    
58     1980 8244    7962    8692    8119    8791    8907    7534    8371    7221    8435    8820    9119    9480    8790    8468    7467    7781    7347    7565    
58     1981 8537    7620    8750    7351    8514    8836    8865    8016    6379    8503    8193    8835    8830    9271    8406    8957    8694    8950    9223    
58     1982 8188    8473    8513    8211    8499    8823    7431    8106    7207    8548    8603    8348    8993    8539    8942    7640    7848    6790    8568    
58     1983 7834    7688    8314    7959    8487    8212    7045    7452    7846    7610    8630    9226    8573    7423    8652    7370    7581    6167    7458    
58     1984 8117    7508    8827    8045    8042    8991    7398    8394    8300    7155    7913    9055    9293    8732    8958    9000    7013    6193    7413    
58     1985 8139    7590    8458    7921    8564    8600    7460    8319    8043    8555    8133    8990    9320    8623    7881    7800    6423    8193    7403    
58     1986 7880    7830    8474    7907    8928    8586    6284    8984    7271    8661    9270    8865    8547    8577    8632    6933    6232    5687    6806    
58     1987 8385    7365    8732    7808    8778    9004    7820    8184    8500    8839    8357    9126    9067    8961    8987    7863    7648    7953    7142    
58     1988 8397    8026    8627    7734    8895    8715    7770    7935    8152    9329    8603    8742    9390    8584    8194    8260    8052    6990    8506    
58     1989 7701    7341    8943    6967    8647    9127    7170    4935    7511    8058    9107    8790    9477    9290    8626    8373    6848    6300    5152    
58     1990 7863    6330    8614    5942    8257    8313    7991    5594    7204    6968    9137    8694    9157    7868    7942    8941    6965    8133    7852    
58     1991 7893    7283    8842    6897    8643    8861    7776    5561    7318    7900    8590    9439    9463    8687    8452    8417    7310    7617    5990    
58     1992 7756    7051    8222    6422    8032    8430    8143    5900    7441    8090    8157    7852    9010    8610    7690    8030    8535    7850    5948    
58     1993 7798    7065    8474    5950    8145    8583    7847    6500    5343    8074    8083    8274    8720    8806    8226    8740    7829    6973    7813    
58     1994 8172    7721    8596    7612    8895    8401    7948    7677    7318    8655    9113    8923    8490    8303    8413    8337    7184    8350    7265    
58     1995 8302    7787    8921    7766    8554    8884    7637    7932    8136    7913    9185    8645    9203    8232    9226    9093    5913    7963    8342    
58     1996 8023    7201    8778    7256    8238    8759    8310    5832    7617    7600    8257    8839    8453    8797    9016    9293    7387    8280    6900    
58     1997 7727    7103    8259    6324    8008    9099    6882    5700    6396    7972    7775    8252    9290    9400    8613    6143    7163    7340    8632    
58     1998 7996    7135    8633    6721    8525    8575    8568    6169    5382    8077    8834    8679    8790    8984    7958    8573    8668    8460    7168    
58     1999 8144    7937    8749    7479    8571    8839    7423    6548    8854    8029    8837    8855    9030    8429    9065    8273    7326    6648    7836    
58     2000 8036    -999999 8357    -999999 8416    8555    8084    6583    7867    8840    7703    8680    8357    9397    7906    8060    8374    7807    6733    
58     2001 8005    7714    8587    7036    8596    8412    7614    6910    7511    8868    8620    8300    8710    8687    7848    9387    6645    6843    7684    
58     2002 7918    6846    8380    6986    7770    8591    8144    5116    8282    6645    8267    8413    8347    8519    8900    7810    7642    8997    8165    
58     2003 7493    7486    8149    7230    7622    8343    7116    7668    5711    6613    7957    8306    8227    8887    7913    7583    6890    6883    7126    
58     2004 8062    7364    8584    7668    8397    8687    7964    8426    7438    7413    8843    8948    8747    8674    8642    7630    8303    7947    5723    
58     2005 7867    7418    8496    6858    7985    8836    7130    7052    7900    7645    8220    8097    8447    8826    9223    8143    6071    7210    7587    
58     2006 7162    6650    7985    6519    7879    8079    6830    5610    6343    7068    7807    8761    7587    7132    9503    7073    6723    6697    5581    
58     2007 7836    6912    8381    6777    7668    8739    7762    7739    7036    7700    6817    8461    8930    8677    8616    8767    6577    7980    6697    
58     2008 7835    6956    8323    6157    8460    8491    7844    6287    5441    8690    8743    7955    8803    8400    8281    7770    8039    7717    7794    
58     2009 7941    7683    8274    7308    8109    8566    7703    5729    8518    8384    7760    8171    9160    8577    7981    7997    7552    7567    7971    
58     2010 8092    7603    8599    7653    8310    8517    7812    7371    7614    7542    7987    9390    8197    8371    8974    8647    6735    8090    8152    
58     2011 7206    7102    8131    7190    7365    8564    5611    7090    6236    6255    7857    8000    9060    8903    7745    7210    5242    4393    8377    
58     2012 7800    6743    8273    8111    7647    8553    6942    8239    7690    6500    8300    8161    8607    8932    8123    7500    6913    6413    8206    
58     2013 8082    7567    8587    8092    8493    8515    8057    7548    8568    7813    8197    9461    9097    8220    8239    8293    8261    7610    5761    
58     2014 8118    7168    8746    7060    7674    8932    8034    7852    7621    5961    8400    8684    8667    8765    9355    8590    7858    7660    7977    
58     2015 7565    7501    8286    7421    7791    8361    7603    7761    6429    7219    7317    8823    8800    8094    8203    8470    7626    6713    5248    
58     2016 7825    7046    8540    6956    7808    8908    7760    7803    7876    7052    7777    8594    9117    9158    8455    8120    8035    7117    4832    
58     2017 7807    6618    8601    5743    7870    8695    7985    5677    6825    7255    8083    8277    8723    8916    8445    9163    7103    7717    7481    
58     2018 7869    7610    8254    7576    7917    8716    7125    7777    7457    8113    6873    8818    8713    8955    8481    7693    7077    6607    7861    
58     2019 7596    6954    8085    7103    7712    8104    7902    7771    5525    6732    7633    8768    7320    8661    8306    7770    7719    8223    6542    
58     2020 -999999 7140    8326    6515    7663    8760    -999999 5748    7307    7345    6870    8748    8940    8894    8452    8017    7761    -999999 -999999 
