EUROPEAN CLIMATE ASSESSMENT & DATASET (ECA&D), file created on: 16-11-2020
THESE DATA CAN BE USED FOR NON-COMMERCIAL RESEARCH AND EDUCATION PROVIDED THAT THE FOLLOWING SOURCE IS ACKNOWLEDGED: 

Klein Tank, A.M.G. and Coauthors, 2002. Daily dataset of 20th-century surface
air temperature and precipitation series for the European Climate Assessment.
Int. J. of Climatol., 22, 1441-1453.
Data and metadata available at http://www.ecad.eu

FILE FORMAT (MISSING VALUE CODE = -999999):

THIS FILE HOLDS DATA FOR STATION CYPRUS                                   NICOSIA                                  (STAID:     25)
LATITUDE: dd:mm:ss +35:10:00
LONGITUDE: ddd:mm:ss +033:21:00
ELEVATION: m  160

DATA IS FOR INDEX Mean of daily average relative humidity (RH) with unit 0.01 Relative humidity (%)

01-06 SOUID: Source identifier
08-11 YEAR : YYYY
13-20 ANNUAL DATA VALUES
21-28 WINTER HALF YEAR DATA VALUES
29-36 SUMMER HALF YEAR DATA VALUES
37-44 WINTER (DJF) DATA VALUES
45-52 SPRING (MAM) DATA VALUES
53-60 SUMMER (JJA) DATA VALUES
61-68 AUTUMN (SON) DATA VALUES
69-76 JANUARY DATA VALUES
etc. 
157-164 DECEMBER DATA VALUES

25     1973 -999999 -999999 5123    -999999 5507    4888    -999999 7120    6886    5852    5600    5066    4669    4743    5223    5393    6237    -999999 7586    
25     1974 -999999 -999999 -999999 -999999 6525    -999999 -999999 7571    -999999 7414    6183    5989    -999999 -999999 -999999 -999999 -999999 -999999 7940    
25     1975 6328    -999999 5713    -999999 -999999 5639    5914    7955    -999999 -999999 5740    6347    5600    5384    5932    5277    5719    6753    7523    
25     1976 -999999 -999999 -999999 -999999 -999999 -999999 -999999 -999999 -999999 -999999 -999999 -999999 -999999 -999999 -999999 -999999 -999999 -999999 -999999 
25     1977 -999999 -999999 -999999 -999999 -999999 -999999 -999999 -999999 -999999 -999999 -999999 -999999 -999999 -999999 -999999 -999999 -999999 -999999 -999999 
25     1978 -999999 -999999 -999999 -999999 -999999 -999999 -999999 -999999 -999999 -999999 -999999 -999999 -999999 -999999 -999999 -999999 -999999 -999999 -999999 
25     1979 -999999 -999999 -999999 -999999 -999999 -999999 -999999 -999999 -999999 -999999 -999999 -999999 -999999 -999999 -999999 -999999 -999999 -999999 -999999 
25     1980 -999999 -999999 -999999 -999999 -999999 -999999 -999999 -999999 -999999 -999999 -999999 -999999 -999999 -999999 -999999 -999999 -999999 -999999 -999999 
25     1981 6411    -999999 5592    -999999 6452    5205    6358    7894    7600    7213    5960    6168    5080    5197    5335    5817    6635    6613    7465    
25     1982 6229    6957    5683    7154    6337    5474    6104    7200    6761    7035    6493    5487    5353    5577    5487    5717    6355    6233    7061    
25     1983 6718    6805    6181    7073    6918    5834    6649    6945    7229    7029    7103    6629    6323    5845    5348    5860    6148    7957    8258    
25     1984 6582    7531    5771    7918    6502    5386    6737    8003    7462    7368    7040    5116    5433    5484    5242    6360    5952    7927    7668    
25     1985 6653    7332    6017    7810    6505    5739    6621    8500    7204    6752    6633    6135    6113    4981    6135    6133    6194    7550    7555    
25     1986 6691    7354    6103    7788    6475    5986    6680    7671    8175    7065    5920    6423    5527    5897    6519    6317    6781    6940    7135    
25     1987 6536    7225    5751    7461    6523    5463    6533    7877    7361    7258    6430    5877    5337    5584    5465    5823    6426    7353    7684    
25     1988 6455    7429    5470    7710    6462    5217    6436    7645    7807    7681    6240    5458    5277    4787    5590    5487    6674    7140    7703    
25     1989 6024    7012    5202    7116    5486    5342    6322    6926    6675    6923    4680    4829    4897    5200    5916    5677    6294    6997    7277    
25     1990 5962    6659    5413    6927    5432    5334    6284    6706    6782    5919    5480    4897    4827    5748    5410    6123    6013    6723    6977    
25     1991 6182    6691    5425    6998    5647    5551    6287    7110    6896    6445    5570    4923    5037    5674    5926    5410    6177    7277    7765    
25     1992 6213    6898    5764    7227    6215    5568    5959    6806    7103    6284    6257    6106    5897    5513    5306    5520    6158    6193    7435    
25     1993 6159    6686    5727    7036    6559    5263    5653    6877    6768    6674    6157    6832    5120    5171    5494    5580    4868    6537    7845    
25     1994 6624    7110    5795    7882    6570    5439    6713    8277    7486    7665    6233    5800    5263    5610    5439    6440    6829    6867    7610    
25     1995 6386    7249    5818    7668    6213    5657    6152    7968    7400    6826    6057    5752    5560    5300    6106    6143    5671    6657    7252    
25     1996 6499    7007    5755    7469    6470    5552    6255    7710    7445    7326    6243    5832    4843    5832    5958    5807    6532    6417    8016    
25     1997 6249    6655    5738    6994    6047    5509    6523    6774    6107    6023    6110    6010    5767    4797    5971    5790    6352    7433    7842    
25     1998 6394    7082    5819    7271    6280    5587    6441    7335    6568    6923    5793    6110    5730    5310    5726    6253    5581    7517    7894    
25     1999 6530    7066    6057    7632    6074    6122    6467    7674    7296    6471    6380    5381    5833    5906    6616    6233    6639    6523    7442    
25     2000 6354    6819    5745    7029    6485    5203    6481    6919    6703    6671    6830    5965    4323    5377    5881    6093    6545    6803    8119    
25     2001 6535    7396    5704    8022    6067    5582    6555    8235    7679    7000    6153    5052    4783    5742    6194    6303    6448    6917    7955    
25     2002 -999999 7056    -999999 7427    -999999 -999999 -999999 7058    7250    6723    -999999 -999999 -999999 -999999 -999999 -999999 -999999 -999999 -999999 
25     2003 6599    -999999 5732    -999999 6420    5568    6557    8194    7625    7526    6967    4784    5817    5071    5826    5980    6477    7217    7794    
25     2004 -999999 -999999 -999999 -999999 -999999 -999999 -999999 -999999 -999999 -999999 -999999 -999999 -999999 -999999 -999999 -999999 -999999 -999999 7710    
25     2005 -999999 -999999 -999999 -999999 -999999 -999999 -999999 -999999 -999999 -999999 -999999 -999999 -999999 -999999 -999999 -999999 -999999 -999999 7668    
25     2006 -999999 -999999 -999999 -999999 -999999 -999999 -999999 -999999 -999999 -999999 -999999 -999999 -999999 -999999 -999999 -999999 -999999 -999999 6332    
25     2007 6396    -999999 5748    7127    6553    5388    6150    7290    7825    7071    5880    6687    5263    4823    6074    5750    6140    6560    7452    
25     2008 5900    6363    5427    6580    5497    5153    6492    5968    6303    5752    5497    5242    4443    5206    5787    6387    6387    6707    7132    
25     2009 6580    7084    5795    7454    6388    5371    6748    7442    7825    7071    6393    5700    4907    5239    5952    6593    6400    7263    8261    
25     2010 6781    7543    6216    8182    6432    6268    6516    8223    8050    7103    6147    6035    6190    6413    6200    6310    6816    6413    7532    
25     2011 6648    7184    6150    7617    6730    5821    6413    7829    7475    7039    6947    6213    5920    5913    5632    6300    6039    6913    7616    
25     2012 6457    6951    5727    7543    6233    5278    6626    7719    7276    6165    6070    6458    5563    5210    5071    6007    6535    7340    8090    
