EUROPEAN CLIMATE ASSESSMENT & DATASET (ECA&D), file created on: 16-11-2020
THESE DATA CAN BE USED FOR NON-COMMERCIAL RESEARCH AND EDUCATION PROVIDED THAT THE FOLLOWING SOURCE IS ACKNOWLEDGED: 

Klein Tank, A.M.G. and Coauthors, 2002. Daily dataset of 20th-century surface
air temperature and precipitation series for the European Climate Assessment.
Int. J. of Climatol., 22, 1441-1453.
Data and metadata available at http://www.ecad.eu

FILE FORMAT (MISSING VALUE CODE = -999999):

THIS FILE HOLDS DATA FOR STATION RUSSIAN FEDERATION                       KANDALAKSHA                              (STAID:     78)
LATITUDE: dd:mm:ss +67:09:00
LONGITUDE: ddd:mm:ss +032:21:00
ELEVATION: m   26

DATA IS FOR INDEX Mean of daily average relative humidity (RH) with unit 0.01 Relative humidity (%)

01-06 SOUID: Source identifier
08-11 YEAR : YYYY
13-20 ANNUAL DATA VALUES
21-28 WINTER HALF YEAR DATA VALUES
29-36 SUMMER HALF YEAR DATA VALUES
37-44 WINTER (DJF) DATA VALUES
45-52 SPRING (MAM) DATA VALUES
53-60 SUMMER (JJA) DATA VALUES
61-68 AUTUMN (SON) DATA VALUES
69-76 JANUARY DATA VALUES
etc. 
157-164 DECEMBER DATA VALUES

78     1936 -999999 -999999 7098    -999999 -999999 6941    8222    -999999 -999999 -999999 7687    6665    5927    7548    7316    7437    8594    8654    8437    
78     1937 -999999 -999999 6847    -999999 -999999 6754    8209    -999999 -999999 -999999 7080    6032    6200    6435    7610    7740    8497    8386    -999999 
78     1938 -999999 -999999 7309    -999999 6946    7452    8791    -999999 -999999 7671    7090    6152    7687    7265    7413    8283    8887    9262    -999999 
78     1939 7962    -999999 7243    -999999 7689    7040    8425    8558    9075    8684    7733    6652    6560    7377    7168    7987    8190    9107    8552    
78     1940 8071    8607    7508    8545    7647    7441    8648    8445    8645    8719    7420    6794    6507    7681    8106    8537    8432    8983    8594    
78     1941 7980    8755    7348    8807    7758    7299    8175    8626    9243    8710    7693    6868    6937    7055    7894    7647    8152    8727    8306    
78     1942 8129    8455    7379    8527    7683    7098    8768    8384    8929    8287    7647    7113    6753    6745    7784    8247    8765    9293    9661    
78     1943 8161    9180    7417    9567    7613    7316    8490    9658    9361    8361    7843    6642    6430    7148    8342    8100    8406    8967    8745    
78     1944 8074    8766    7313    8927    7629    7087    8575    9087    8952    8455    7153    7265    6573    6887    7784    8217    8655    8850    9019    
78     1945 8597    8935    8022    9162    8202    7834    9069    9203    9275    8635    7970    7994    7793    7319    8387    8683    9245    9273    9429    
78     1946 8785    9423    8237    9483    8584    8247    8912    9690    9314    9571    8593    7587    7850    7613    9265    8523    8871    9343    9219    
78     1947 8239    9301    7526    9523    7975    7393    8380    9477    9911    9045    7940    6939    6787    7494    7881    8127    8481    8530    8374    
78     1948 7875    8264    7462    8379    7768    7010    8385    8597    8152    7452    8573    7306    6923    6113    7990    7897    8616    8633    8277    
78     1949 7827    8227    7315    8082    7329    7271    8357    7887    8082    7865    7210    6910    6880    6929    7990    7973    8203    8900    9103    
78     1950 7843    8751    7017    8959    7478    6649    8536    8584    9214    8548    7397    6487    6200    6710    7023    8317    8416    8880    -999999 
78     1951 -999999 -999999 7325    -999999 -999999 7322    8377    -999999 -999999 -999999 7700    6255    6787    7506    7655    8063    8342    8727    8748    
78     1952 7849    8628    7217    8838    7637    6921    8111    8765    9014    8200    7570    7139    6270    6858    7613    7853    7942    8543    8461    
78     1953 7599    8098    7123    8273    7075    7034    8055    8145    8207    7316    7217    6697    6047    6855    8168    7747    7932    8490    8394    
78     1954 7829    8175    7317    8412    6942    7399    8481    8358    8493    7426    6857    6542    7277    7342    7574    8330    8635    8473    8694    
78     1955 7665    8371    7160    8356    7523    6740    8205    8161    8196    8052    7640    6881    6367    6700    7142    8257    7971    8397    8265    
78     1956 7602    8122    6932    8141    7129    6891    8118    8100    8052    7955    6777    6645    6457    6739    7465    7507    8568    8263    8681    
78     1957 7609    8287    7177    8539    7164    7043    8047    8223    8732    7297    6953    7235    6947    7016    7165    7750    8487    7890    7690    
78     1958 7498    8119    6953    8179    7336    6750    7630    8332    8550    7797    6923    7274    6267    7016    6952    7273    7629    7987    8023    
78     1959 7695    8029    6968    8327    7021    6845    8429    8490    8482    7603    7157    6306    5860    6790    7852    7840    8500    8943    8561    
78     1960 7649    8372    7056    8399    7032    6974    8195    8510    8107    7610    6837    6642    6570    6658    7681    7953    7974    8663    8590    
78     1961 7748    8287    7248    8461    7227    7321    8205    8371    8418    7732    7017    6926    6820    7203    7923    7590    8548    8467    7997    
78     1962 7852    8121    7499    8072    7345    7434    8471    8197    8018    7500    7663    6881    6880    7426    7977    8173    8481    8760    8290    
78     1963 7916    8254    7341    8224    7117    7238    8803    8148    8236    7623    6917    6806    7127    6584    8000    8633    8865    8910    9177    
78     1964 8596    8911    8299    8996    8348    8237    8843    8758    9055    8713    8273    8055    7867    8148    8684    8770    8923    8833    9081    
78     1965 8114    8766    7797    8876    7603    7949    8244    8923    8596    8226    7543    7039    7390    7635    8803    8370    7887    8487    8494    
78     1966 8071    8137    7742    8213    7643    7577    8790    8048    8086    7826    7790    7319    7423    7126    8177    8637    8852    8880    8700    
78     1967 7842    8659    7105    8660    7274    6985    8633    8552    8736    8248    7027    6539    5777    7094    8045    8140    8774    8980    8232    
78     1968 7803    8299    7237    8082    7115    7283    8507    8113    7890    7803    7227    6319    6817    7052    7965    8053    8632    8830    8929    
78     1969 8053    8616    7340    8752    7417    7128    8826    8790    8514    8000    7367    6884    6523    7055    7787    8433    8858    9187    9265    
78     1970 8181    8973    7549    9029    7796    7348    8652    9084    8707    8716    7527    7135    6340    7848    7823    8613    8587    8757    9039    
78     1971 8475    8701    7998    8848    7888    7910    9227    8819    8668    8332    7947    7387    7170    7629    8906    8953    9387    9337    9165    
78     1972 8194    9099    7677    9133    8134    7265    8552    9126    9107    8484    8270    7652    7353    6858    7587    8370    8429    8860    8297    
78     1973 7573    8213    7092    8090    7383    6760    8190    7890    8082    7729    7730    6700    6690    6313    7274    7880    8306    8380    7968    
78     1974 7743    8109    7268    8119    6761    7558    8348    8123    8282    7619    6443    6210    7073    7706    7877    8297    8390    8357    8568    
78     1975 7753    8291    7252    8309    7518    7036    8199    8303    8029    8074    7517    6965    6637    7294    7165    7947    8123    8530    8468    
78     1976 8087    8378    7464    8453    7536    7429    8734    8552    8331    8268    7177    7152    6900    7410    7961    8183    8868    9147    9081    
78     1977 -999999 -999999 -999999 -999999 -999999 7743    8764    -999999 -999999 -999999 -999999 7326    7450    7839    7932    8267    8771    9253    8681    
78     1978 7996    8642    7570    8468    7393    7691    8569    8558    8132    8426    7357    6397    6823    7848    8374    8623    8448    8640    8326    
78     1979 8167    8363    7786    8208    7837    7666    8791    8265    8014    8458    7547    7497    7243    7535    8206    8693    8465    9227    8839    
78     1980 8076    8660    7458    8601    7904    6966    8779    8513    8441    8477    8330    6919    6827    6539    7529    8650    8971    8710    9039    
78     1981 -999999 8822    -999999 9028    7654    -999999 8832    9110    8925    8184    7450    7323    7900    -999999 8171    8573    8987    8930    8452    
78     1982 8165    8601    7694    8444    7979    7480    8658    8452    8429    8348    7783    7800    7283    6858    8294    8150    8713    9110    8781    
78     1983 8170    8616    7800    8563    8036    7383    8762    8752    8114    8194    8063    7852    7387    7145    7616    8763    8997    8517    8639    
78     1984 8260    8650    7793    8731    7621    7891    8698    8781    8776    8194    7517    7148    7017    8729    7900    8433    8961    8690    8961    
78     1985 -999999 8554    7332    8399    7513    7123    8649    8039    8175    8465    7103    6958    6773    6526    8058    8587    8403    8967    -999999 
78     1986 8069    -999999 7603    -999999 7832    7226    8792    8668    8436    8206    7453    7823    7017    7129    7526    8683    8674    9023    8219    
78     1987 -999999 8473    7465    8193    7534    7371    8365    8184    8175    8548    7043    6994    7083    7110    7910    8663    8039    8403    -999999 
78     1988 -999999 -999999 -999999 -999999 7173    -999999 8365    8416    8648    8381    6780    6345    6403    7058    -999999 8620    8000    8487    8529    
78     1989 -999999 -999999 7464    -999999 7835    7149    8781    8561    -999999 8465    7983    7061    6680    7355    7397    8330    8894    9117    8284    
78     1990 -999999 8466    7373    8418    7185    7345    -999999 8213    8793    7552    7600    6416    6477    7577    7952    8223    -999999 8547    8687    
78     1991 -999999 -999999 -999999 8491    7598    -999999 -999999 8248    8543    8048    7317    7419    7273    -999999 -999999 -999999 -999999 -999999 -999999 
78     1992 8076    -999999 7621    -999999 7441    7580    8708    8506    8666    8265    7280    6774    6580    7935    8194    8960    8461    8710    8597    
78     1993 7994    8474    7514    8410    7629    7615    8280    8458    8150    8445    7377    7058    7687    7397    7765    7810    8229    8803    8752    
78     1994 7957    8453    7425    8516    7658    7179    8404    8632    8125    8155    7680    7139    6870    6994    7665    8220    8323    8673    9013    
78     1995 8021    8484    7581    8752    7525    7398    8657    8384    8871    7684    7550    7342    7000    7332    7848    8420    8858    8687    8342    
78     1996 7996    8475    7474    8425    7426    7487    8586    8658    8266    8032    7320    6923    7087    7548    7813    8157    8623    8977    8548    
78     1997 7998    8436    7631    8358    7795    7212    8640    8329    8179    7955    7470    7948    6590    7303    7723    8750    8490    8683    8561    
78     1998 8028    8415    7638    8422    7845    7391    8531    8726    7932    8061    7653    7813    6957    7329    7874    8200    8635    8753    8371    
78     1999 8098    8515    7548    8412    7680    7486    8687    8374    8500    8461    7537    7039    6993    7648    7800    8277    8942    8833    8790    
78     2000 8127    8695    7462    8808    7585    7282    8816    8790    8845    7981    7813    6968    6873    7155    7803    8173    8958    9313    8884    
78     2001 7981    8602    7496    8498    7543    7171    8763    8655    7896    7858    7843    6939    6300    7439    7745    8723    8645    8923    8790    
78     2002 7992    8608    7525    8662    7586    7422    8491    8681    8500    8110    7790    6865    6610    7787    7842    8260    8484    8730    8281    
78     2003 7912    8317    7348    8354    7260    7259    8702    8358    8432    7642    7053    7077    6503    7352    7897    8197    8732    9177    8548    
