EUROPEAN CLIMATE ASSESSMENT & DATASET (ECA&D), file created on: 16-11-2020
THESE DATA CAN BE USED FOR NON-COMMERCIAL RESEARCH AND EDUCATION PROVIDED THAT THE FOLLOWING SOURCE IS ACKNOWLEDGED: 

Klein Tank, A.M.G. and Coauthors, 2002. Daily dataset of 20th-century surface
air temperature and precipitation series for the European Climate Assessment.
Int. J. of Climatol., 22, 1441-1453.
Data and metadata available at http://www.ecad.eu

FILE FORMAT (MISSING VALUE CODE = -999999):

THIS FILE HOLDS DATA FOR STATION RUSSIAN FEDERATION                       PETROPAVLOVSK                            (STAID:     93)
LATITUDE: dd:mm:ss +54:49:59
LONGITUDE: ddd:mm:ss +069:09:00
ELEVATION: m  142

DATA IS FOR INDEX Mean of daily average relative humidity (RH) with unit 0.01 Relative humidity (%)

01-06 SOUID: Source identifier
08-11 YEAR : YYYY
13-20 ANNUAL DATA VALUES
21-28 WINTER HALF YEAR DATA VALUES
29-36 SUMMER HALF YEAR DATA VALUES
37-44 WINTER (DJF) DATA VALUES
45-52 SPRING (MAM) DATA VALUES
53-60 SUMMER (JJA) DATA VALUES
61-68 AUTUMN (SON) DATA VALUES
69-76 JANUARY DATA VALUES
etc. 
157-164 DECEMBER DATA VALUES

93     1936 7847    -999999 7287    -999999 7495    7297    8090    8671    8614    8126    8080    6297    7027    7561    7294    7487    8177    8603    8271    
93     1937 -999999 -999999 7458    8483    -999999 7278    8266    8639    8546    -999999 7740    7081    6297    7690    7816    8120    8255    8423    8694    
93     1938 -999999 -999999 -999999 -999999 -999999 7347    8434    8848    -999999 -999999 -999999 7148    7463    7545    7035    8110    8535    8653    8158    
93     1939 7619    8314    7028    8288    7192    6958    8060    8361    8350    7839    7113    6623    5997    7584    7261    7580    7990    8613    8145    
93     1940 7652    8125    7170    8031    6903    7354    8255    7977    7966    8061    6737    5906    6917    7094    8039    8343    8006    8423    8365    
93     1941 -999999 8139    -999999 8187    6942    7182    -999999 7932    8271    7858    6730    6232    7000    6352    8187    -999999 -999999 -999999 -999999 
93     1942 -999999 -999999 -999999 -999999 -999999 -999999 -999999 -999999 -999999 -999999 -999999 -999999 -999999 -999999 -999999 -999999 -999999 -999999 -999999 
93     1943 -999999 -999999 -999999 -999999 -999999 -999999 -999999 -999999 -999999 -999999 -999999 -999999 -999999 -999999 -999999 -999999 -999999 -999999 -999999 
93     1944 -999999 -999999 -999999 -999999 -999999 -999999 8469    -999999 -999999 -999999 -999999 -999999 -999999 -999999 7723    8390    8048    8983    8474    
93     1945 -999999 8691    -999999 8833    8052    -999999 8691    8826    9239    8639    7910    7603    -999999 7942    8735    8797    8732    8543    8771    
93     1946 -999999 8604    7764    8619    7767    7714    8813    8532    8546    8490    7753    7058    7287    7258    8584    8657    8600    9190    -999999 
93     1947 -999999 -999999 7990    -999999 -999999 7991    8753    -999999 -999999 -999999 8293    7161    7413    8006    8535    8540    8671    9050    -999999 
93     1948 8253    -999999 7918    -999999 7942    7701    8737    8829    8593    8061    8083    7687    7697    6958    8448    8657    8742    8813    8494    
93     1949 7896    8512    7374    8506    7147    7633    8195    8606    8407    8010    7207    6226    7697    7197    8006    7933    7855    8807    8855    
93     1950 7885    8241    7386    8319    7334    7212    8665    7900    8189    7852    7623    6535    7037    7313    7281    8560    8432    9010    8939    
93     1951 7710    8531    7047    8776    6868    7117    8216    8710    8668    7455    6977    6177    6480    7490    7361    7800    8413    8430    8616    
93     1952 7789    8236    7233    8441    6676    7366    8623    8526    8162    7271    6163    6577    7097    7006    7987    8573    8535    8763    8816    
93     1953 7826    8231    7493    8399    6765    7814    8332    8397    7939    6923    6813    6561    7133    7794    8494    8153    8648    8183    8848    
93     1954 7932    8409    7483    8603    7214    7589    8480    8635    8296    7823    7123    6694    6603    7981    8152    8330    8639    8467    8439    
93     1955 7793    8389    7189    8454    7583    6647    8542    8416    8514    7874    7190    7671    5947    6932    7039    8353    8661    8607    8348    
93     1956 7779    8254    7164    8285    6707    7584    8396    8642    7834    7413    6720    5987    6263    7897    8548    7540    8681    8957    8819    
93     1957 7987    8498    7575    8714    7058    7547    8642    8577    8750    7200    7243    6742    7117    7377    8132    8853    8468    8610    8813    
93     1958 8009    8481    7501    8824    7259    7504    8568    8794    8871    7371    6490    7890    6987    7242    8268    8097    8935    8660    8532    
93     1959 7637    8446    6841    8669    6553    6652    8644    8916    8546    7100    6457    6100    6080    6961    6897    8570    8232    9143    8716    
93     1960 7805    8415    7195    8568    6589    7387    8532    8503    8479    7445    6457    5861    7090    7171    7890    8720    8377    8503    9197    
93     1961 8098    8638    7515    8904    7135    7846    8685    8826    8668    8255    6443    6684    6797    8129    8577    8433    8816    8800    8735    
93     1962 8072    8549    7685    8662    7190    7811    8616    8835    8389    7713    7197    6661    7190    7958    8265    8843    8390    8623    8810    
93     1963 7851    8325    7303    8656    6942    7380    8536    8787    8339    7013    7103    6716    7040    7087    8003    7870    8961    8763    8558    
93     1964 7948    8497    7436    8487    7517    7168    8598    8358    8548    7803    7813    6945    6387    7110    7984    8387    8948    8447    8661    
93     1965 7756    8529    6974    8628    6686    6992    8669    8716    8493    7903    5713    6410    5767    7223    7948    8760    8310    8950    8897    
93     1966 8032    8553    7564    8516    7571    7572    8570    8423    8196    8523    7837    6361    6957    7842    7897    8510    8377    8830    8648    
93     1967 7952    8473    7389    8638    7405    7246    8574    8655    8607    7742    7553    6926    7013    6677    8039    8143    8516    9063    8555    
93     1968 7911    8465    7357    8457    7322    7232    8581    8487    8321    7858    7213    6890    5853    7752    8045    8370    8361    9020    8752    
93     1969 7743    8147    7286    8116    7040    7116    8633    8200    7318    7181    7540    6416    6577    7548    7206    8453    8513    8937    9006    
93     1970 7858    8590    7217    8790    7299    6907    8591    8726    8621    7748    7823    6342    6063    7032    7597    8470    8558    8747    8626    
93     1971 7816    8566    7183    8651    6938    7452    8190    8913    8389    8152    6487    6161    7040    7213    8090    8107    8039    8430    8794    
93     1972 7742    8101    7276    8341    7053    7023    8680    8239    7966    7139    7560    6477    6547    7110    7397    8593    8535    8917    8458    
93     1973 7599    8327    6887    8276    6982    6697    8385    7713    8696    7697    7290    5968    6447    6116    7519    8020    8481    8650    8700    
93     1974 7981    8454    7333    8570    7030    7574    8773    8210    8825    7903    6550    6623    6443    7765    8477    8110    9052    9147    8690    
93     1975 7806    8660    7056    8600    7201    7021    8338    8877    8193    7971    7577    6068    6650    6923    7477    7663    8361    8990    8945    
93     1976 8058    8615    7456    8614    7024    7991    8607    8619    8255    8506    6580    5971    7947    7745    8281    8227    8455    9143    8974    
93     1977 8147    8758    7534    8956    7464    7584    8723    8887    9011    8113    7497    6784    6813    7697    8216    8193    8803    9170    8639    
93     1978 7991    8690    7530    8586    7091    7877    8460    8735    8361    8416    7317    5548    7127    7816    8665    8723    8123    8547    8545    
93     1979 8129    8425    7602    8576    7599    7612    8671    8726    8443    8171    7893    6742    6833    7642    8335    8167    8652    9197    8761    
93     1980 8091    8742    7545    8866    7608    7373    8519    8819    9028    8029    7900    6903    6907    7361    7835    8380    8477    8700    8794    
93     1981 8274    8538    7828    8769    7396    8010    8871    8719    8796    7774    7503    6913    7687    7719    8613    8540    8965    9107    8990    
93     1982 8105    8724    7630    8652    7633    7640    8507    8510    8436    8319    7383    7187    7293    7352    8265    8303    8439    8780    9003    
93     1983 8318    8707    7952    8746    8371    7609    8581    8648    8568    8794    8223    8090    7383    7842    7594    8590    8681    8470    8932    
93     1984 8140    8566    7633    8604    7640    7510    8855    8616    8241    8432    7097    7374    6630    7826    8045    8817    9042    8700    8829    
93     1985 8216    8570    7960    8490    7717    8083    8608    8432    8179    8203    7607    7339    8147    8010    8094    8577    8477    8773    8755    
93     1986 8036    8488    7613    8618    7403    7539    8702    8987    8057    7848    7560    6806    6980    7606    8013    8723    8374    9020    8461    
93     1987 8151    8511    7954    8448    7738    8071    8281    8319    8575    8339    7057    7797    8093    7552    8568    8657    7629    8580    8684    
93     1988 8263    8594    7805    8799    7817    7988    8440    8832    8886    8971    7343    7123    7353    7984    8606    8413    8213    8700    8732    
93     1989 8088    8543    7464    8612    7548    7458    8691    8742    8336    8519    7633    6494    7190    7287    7887    8317    8881    8870    8910    
93     1990 8228    8683    7711    8894    7134    7975    8841    8923    8846    7690    7467    6255    7477    8342    8090    8653    8710    9163    9177    
93     1991 8492    8865    8099    9023    8078    8146    8819    8913    8975    8271    8150    7816    8003    7894    8535    8200    8997    9253    8926    
93     1992 8228    8851    7678    8847    7732    7371    8955    8700    8921    8329    8303    6581    6397    7674    8010    9127    8719    9027    8997    
93     1993 8394    8817    7992    8829    7659    8375    8667    9003    8450    8677    7067    7213    8233    8332    8555    8550    8710    8740    9174    
93     1994 8169    8768    7575    8954    7549    7387    8799    9100    8550    8310    7547    6790    7283    7048    7826    8990    8416    9003    9206    
93     1995 8155    8733    7658    8999    7624    7495    8678    8755    9039    8016    7623    7232    7270    7526    7681    8637    8629    8770    8755    
93     1996 8005    8507    7342    8735    6947    7566    8688    9106    8317    7458    6817    6561    7333    7935    7423    7983    8748    9330    9055    
93     1997 8105    8749    7374    8824    7304    7188    9060    8771    8629    7968    7017    6919    7053    6994    7513    8773    9242    9160    9255    
93     1998 8316    8935    7808    9086    7326    8091    8827    9361    8593    7971    6917    7077    7570    7961    8726    8587    8835    9060    9126    
93     1999 7895    8706    7195    8851    7174    7140    8466    8665    8754    7813    6970    6732    6657    7252    7497    8067    8684    8640    9058    
93     2000 8057    8608    7462    8857    7040    7740    8599    8723    8786    7771    7340    6019    6783    8252    8155    8223    8587    8987    9071    
93     2001 8102    8714    7441    8860    7598    7239    8796    9113    8346    8155    7397    7235    6977    7061    7671    8317    8929    9137    8897    
93     2002 7742    8695    6889    8876    6726    6972    8565    8997    8718    7506    6337    6323    6363    7239    7294    7770    8800    9117    8497    
93     2003 7927    8334    7487    8323    6928    7785    8595    8216    8250    7139    7567    6100    7100    7706    8526    7930    8713    9137    8771    
