EUROPEAN CLIMATE ASSESSMENT & DATASET (ECA&D), file created on: 16-11-2020
THESE DATA CAN BE USED FOR NON-COMMERCIAL RESEARCH AND EDUCATION PROVIDED THAT THE FOLLOWING SOURCE IS ACKNOWLEDGED: 

Klein Tank, A.M.G. and Coauthors, 2002. Daily dataset of 20th-century surface
air temperature and precipitation series for the European Climate Assessment.
Int. J. of Climatol., 22, 1441-1453.
Data and metadata available at http://www.ecad.eu

FILE FORMAT (MISSING VALUE CODE = -999999):

THIS FILE HOLDS DATA FOR STATION FRANCE                                   BOURGES                                  (STAID:     32)
LATITUDE: dd:mm:ss +47:03:33
LONGITUDE: ddd:mm:ss +002:21:34
ELEVATION: m  161

DATA IS FOR INDEX Mean of daily average relative humidity (RH) with unit 0.01 Relative humidity (%)

01-06 SOUID: Source identifier
08-11 YEAR : YYYY
13-20 ANNUAL DATA VALUES
21-28 WINTER HALF YEAR DATA VALUES
29-36 SUMMER HALF YEAR DATA VALUES
37-44 WINTER (DJF) DATA VALUES
45-52 SPRING (MAM) DATA VALUES
53-60 SUMMER (JJA) DATA VALUES
61-68 AUTUMN (SON) DATA VALUES
69-76 JANUARY DATA VALUES
etc. 
157-164 DECEMBER DATA VALUES

32     1945 -999999 -999999 6662    -999999 6855    6316    8118    -999999 -999999 7228    6487    6910    6443    5990    6519    7640    7897    8823    8397    
32     1946 7666    8234    7103    8318    7314    6983    7976    8061    8514    7755    6407    7752    7310    6848    6800    7497    7997    8433    8668    
32     1947 7288    8155    6594    8344    7015    6504    7358    8016    8350    7494    6500    7035    7007    6497    6026    6507    6958    8623    8532    
32     1948 7984    8021    7671    8507    7392    7642    8340    8661    8314    7077    7467    7635    7863    7494    7577    8000    8306    8713    8719    
32     1949 7430    8095    6683    8260    6765    6290    8351    8468    7521    6803    6423    7058    6663    5629    6590    7757    8329    8967    8968    
32     1950 7846    8363    7347    8568    7489    6905    8471    8774    7896    7216    7893    7371    7010    6632    7077    8130    8626    8653    8884    
32     1951 8033    8469    7681    8603    7595    7658    8364    8629    8264    7745    7277    7752    8037    7119    7829    8083    8519    8483    8674    
32     1952 7446    8541    6760    8686    7327    6234    8323    8781    8597    8194    6773    6997    6270    5558    6874    8117    8271    8583    6416    
32     1953 7581    7604    7067    7669    6577    7122    8156    8494    8143    5800    7253    6700    7313    7403    6655    7093    8284    9087    8810    
32     1954 7691    8431    7072    8466    6933    7201    8181    8432    8121    7845    6193    6735    6987    6668    7942    7903    8361    8273    8826    
32     1955 7321    8314    6528    8643    6543    6684    7365    8671    8411    7352    5803    6452    7073    6916    6074    6857    7452    7783    9052    
32     1956 7582    7869    7051    8365    6549    7263    8278    8497    7490    6916    6360    6365    7443    7332    7019    7800    8406    8623    8726    
32     1957 7543    8275    7038    8384    6892    7152    7912    8400    7989    7487    6510    6668    7063    7155    7235    7600    7903    8233    8294    
32     1958 8008    8166    7608    8389    7409    7761    8463    8519    8350    7716    6973    7523    7937    7490    7861    7860    8571    8953    8368    
32     1959 7313    8313    6585    8183    7305    6385    7381    8390    7750    7813    7227    6874    6647    6132    6384    6260    7542    8337    8413    
32     1960 7727    8023    7251    8231    7129    7213    8319    8329    7931    7594    7013    6777    6800    7000    7826    8093    8523    8333    8490    
32     1961 7447    8086    6872    8310    7007    6691    7903    8416    7993    6761    7347    6923    6783    6629    6665    6897    8310    8490    8194    
32     1962 7148    7949    6552    7944    7097    6130    7497    8094    7504    7077    6977    7232    5707    6465    6206    6720    7326    8450    8032    
32     1963 7680    7790    7391    7873    7208    7296    8278    7697    7893    7374    7223    7026    7513    6629    7752    8230    8294    8310    8258    
32     1964 7478    8261    6660    8395    7358    6089    8069    8755    8155    7787    7187    7094    6480    5581    6219    7437    8316    8447    8310    
32     1965 7811    8078    7525    8103    7445    7395    8132    8639    7282    7410    7650    7281    7480    7142    7565    8050    8016    8333    8839    
32     1966 7817    8174    7355    8500    7438    7238    8068    8487    8139    7229    7620    7471    7110    7171    7429    7330    8281    8587    8961    
32     1967 7653    8331    6996    8542    7102    6787    8274    8658    7950    7523    6343    7416    6967    6365    7035    7857    8277    8687    8765    
32     1968 7868    8241    7451    8489    7177    7403    8401    8581    8097    7045    6800    7674    7483    7032    7697    8020    8510    8670    8806    
32     1969 7782    8406    7335    8541    7385    7180    8141    8594    8189    7655    6927    7558    7527    6861    7165    7987    8029    8410    8510    
32     1970 8143    8341    7743    8482    7996    7686    8234    8629    8289    8177    8230    7587    7873    7416    7774    7590    8648    8450    9055    
32     1971 7996    8500    7469    8799    7385    7552    8241    8706    8618    7532    6720    7881    8250    6658    7771    7540    8355    8823    9135    
32     1972 8123    8533    7755    8910    7592    7757    8345    8952    8624    7326    7640    7813    7813    7423    8035    7803    8029    9213    8835    
32     1973 7922    8421    7450    8962    7157    7623    8040    9106    8943    6474    7173    7823    7407    8061    7394    6810    8539    8753    8626    
32     1974 7882    8467    7186    8428    7571    6818    8593    8548    8075    8232    6850    7606    7327    6652    6494    8217    9081    8467    9039    
32     1975 7908    8442    7454    8320    7924    7023    8663    8710    7093    8132    7657    7974    7237    7061    6777    8033    8768    9183    8213    
32     1976 7133    8408    6013    8571    6502    5370    7985    8939    8562    6819    6100    6574    4803    6152    5135    7320    8181    8447    8594    
32     1977 8127    8301    7781    8518    7853    7779    8267    8781    8143    7652    7553    8345    7973    7781    7590    7433    8742    8610    8890    
32     1978 7791    8520    7398    8697    7762    7286    7653    9045    8096    7700    7810    7777    7513    7416    6935    6937    7471    8557    8255    
32     1979 8228    8416    7678    8596    8121    7576    8511    8752    8800    8706    7783    7861    8043    6916    7784    7697    9000    8820    8613    
32     1980 8051    8691    7556    8697    7552    7773    8154    8739    8741    8239    7113    7290    8140    7961    7229    7610    8516    8323    8723    
32     1981 8053    8441    7669    8563    7863    7572    8270    8810    8114    8126    7273    8171    7700    7648    7371    7847    8565    8390    8594    
32     1982 7612    8318    6723    8541    6854    6726    8168    8590    8429    7355    5980    7200    7230    5994    6971    6967    8832    8683    9135    
32     1983 7880    8663    7400    8753    8182    6792    8021    8884    8186    8213    8260    8074    7017    6197    7171    7707    8126    8227    8516    
32     1984 7727    8033    7158    8347    6802    6953    8660    8897    7579    6832    5853    7690    7353    6048    7471    8540    8813    8623    8994    
32     1985 7994    8471    7600    8464    7976    7603    7818    8487    7854    8003    7430    8477    7950    7242    7629    6853    7490    9120    9355    
32     1986 8353    8744    7771    9084    8418    7338    8703    9235    8618    8645    8343    8265    7897    7019    7116    8017    8961    9123    9016    
32     1987 8127    8593    7620    8712    7173    8002    8543    8055    9104    7365    6653    7484    8563    7958    7503    7557    8558    9513    9294    
32     1988 8240    8868    7625    8867    8263    7273    8436    8990    8279    8555    7883    8339    7977    7297    6568    7707    8642    8953    9681    
32     1989 7524    8779    6763    9169    7426    6358    7546    9200    8568    7616    8127    6558    6260    6361    6448    6857    7526    8257    8587    
32     1990 7589    8099    6637    8559    6980    6385    8259    8994    8046    7184    7107    6655    7310    6100    5774    6923    8426    9423    9181    
32     1991 8191    8727    7650    8807    7657    7657    8843    8603    8618    8123    7573    7271    8307    7642    7042    8100    9106    9313    8648    
32     1992 7962    8613    7270    8476    7163    7452    8701    8503    8262    7845    7127    6516    7817    7429    7123    7633    9055    9403    8855    
32     1993 7874    8731    7374    8838    7932    6800    8022    8755    8911    7445    8243    8116    7677    6806    5945    7500    8142    8420    8642    
32     1994 8121    8441    7557    8726    7733    7187    8711    8739    8804    7932    7817    7452    7203    6906    7452    8540    8361    9243    9084    
32     1995 7689    8558    7013    8766    7307    6625    8144    8774    8404    7490    7567    6871    6827    6590    6465    7797    8281    8350    8913    
32     1996 7674    8336    6832    8753    7136    6578    8214    8865    8462    7152    6593    7645    6457    6203    7071    7010    8652    8967    9010    
32     1997 7781    8631    7075    8810    6967    7353    8029    8997    8382    7765    5873    7229    7707    7194    7171    7267    7874    8950    8977    
32     1998 7725    8298    7114    8654    7387    6567    8404    8613    8343    7055    8383    6755    6893    6813    6006    7890    8706    8607    8729    
32     1999 8023    8492    7427    8600    7854    7034    8468    8526    8539    7855    7963    7748    6950    6855    7294    7763    8642    8993    9187    
32     2000 7835    8586    7270    8814    7555    6965    8215    8577    8669    7465    7723    7484    6597    7303    6984    7530    8339    8773    8603    
32     2001 7952    8527    7387    8518    8002    6962    8357    8542    8396    8503    8060    7445    6520    7161    7190    7957    8394    8720    8558    
32     2002 7765    8251    7178    8390    7079    7185    8260    8500    8082    7252    6513    7455    6893    6897    7755    7533    8281    8967    9042    
32     2003 7378    8147    6562    8463    6614    6362    8108    8603    7668    6303    5980    7539    7250    6439    5426    6747    8384    9183    9026    
32     2004 7866    8557    7143    8720    7416    6943    8326    9039    8052    7648    7653    6955    6447    6713    7655    7440    8461    9073    9245    
32     2005 7775    8645    7097    8837    7640    6642    8185    8877    8339    7858    7827    7242    6567    6942    6416    7610    8158    8787    8719    
32     2006 7879    8503    7148    8718    7666    6652    8416    8839    8582    7948    7127    7906    6367    5945    7635    7903    8658    8680    8977    
32     2007 7977    8609    7486    8784    7517    7574    8163    8916    8425    7984    6580    7958    7763    7358    7606    7633    8303    8547    8645    
32     2008 7943    8338    7415    8392    7773    7291    8254    8587    7914    8010    7913    7400    7633    6694    7558    7313    8365    9080    8855    
32     2009 7575    8315    7011    8490    7337    6587    7933    8439    8143    7019    7450    7545    6973    6668    6132    7323    7939    8537    8784    
32     2010 7456    8186    6762    8646    6714    6679    7881    8948    8157    6761    6413    6958    7093    6394    6565    7163    7694    8793    8590    
32     2011 7451    8157    6630    8498    6458    6667    8103    8419    8482    7013    6480    5881    6330    6397    7265    7437    8042    8833    8910    
32     2012 7500    8108    6874    8315    7130    6696    7930    8777    7186    6865    7247    7284    7517    6674    5923    6627    8261    8890    8742    
32     2013 7712    8507    7032    8773    7480    6637    8114    8997    8561    7606    7037    7784    7213    6377    6339    7460    8448    8423    8361    
32     2014 7678    8105    7145    8298    7080    7107    8096    8565    7932    6897    6987    7355    6527    7381    7394    7207    8332    8740    8810    
32     2015 7419    8398    6557    8602    7089    6157    7926    8865    8082    7542    6497    7210    6307    5881    6287    7170    8094    8510    8616    
32     2016 7569    8264    6913    8500    7484    6684    7553    8716    8145    7503    7473    7474    7903    6342    5845    6477    7813    8360    8806    
32     2017 7243    8135    6751    8374    6988    6589    7036    8355    7918    7542    6250    7148    6380    6690    6690    7337    5823    7990    8823    
32     2018 7244    7825    6297    8566    7195    5947    7260    8900    7911    7516    6983    7077    6507    5665    5687    5877    7306    8597    8932    
32     2019 7186    8013    6187    8443    6862    5762    7780    8761    7550    6903    6657    7019    6540    5148    5623    6163    8306    8853    8726    
32     2020 -999999 -999999 -999999 -999999 -999999 -999999 -999999 -999999 -999999 -999999 -999999 -999999 -999999 -999999 -999999 -999999 -999999 -999999 -999999 
