EUROPEAN CLIMATE ASSESSMENT & DATASET (ECA&D), file created on: 16-11-2020
THESE DATA CAN BE USED FOR NON-COMMERCIAL RESEARCH AND EDUCATION PROVIDED THAT THE FOLLOWING SOURCE IS ACKNOWLEDGED: 

Klein Tank, A.M.G. and Coauthors, 2002. Daily dataset of 20th-century surface
air temperature and precipitation series for the European Climate Assessment.
Int. J. of Climatol., 22, 1441-1453.
Data and metadata available at http://www.ecad.eu

FILE FORMAT (MISSING VALUE CODE = -999999):

THIS FILE HOLDS DATA FOR STATION NORWAY                                   KJOEREMSGRENDE                           (STAID:    191)
LATITUDE: dd:mm:ss +62:06:00
LONGITUDE: ddd:mm:ss +009:03:00
ELEVATION: m  626

DATA IS FOR INDEX Mean of daily average relative humidity (RH) with unit 0.01 Relative humidity (%)

01-06 SOUID: Source identifier
08-11 YEAR : YYYY
13-20 ANNUAL DATA VALUES
21-28 WINTER HALF YEAR DATA VALUES
29-36 SUMMER HALF YEAR DATA VALUES
37-44 WINTER (DJF) DATA VALUES
45-52 SPRING (MAM) DATA VALUES
53-60 SUMMER (JJA) DATA VALUES
61-68 AUTUMN (SON) DATA VALUES
69-76 JANUARY DATA VALUES
etc. 
157-164 DECEMBER DATA VALUES

191    1954 7819    -999999 7408    -999999 7262    7573    8122    8361    8018    7752    6987    7039    7210    7932    7565    7703    8045    8620    8597    
191    1955 7608    8177    7004    8454    6977    6796    8215    8726    7996    7077    7193    6668    6563    6729    7087    7800    8445    8393    8645    
191    1956 7892    8328    7500    8532    7105    7715    8381    8694    8238    7552    7177    6590    7610    7377    8155    8103    7955    9100    8190    
191    1957 7790    8136    7478    8094    7047    7777    8146    8100    7982    7506    6783    6842    7060    8329    7919    7910    7800    8740    8506    
191    1958 7781    8015    7330    8342    6890    7276    8413    8745    7714    6577    7363    6745    6777    7242    7794    8067    8268    8910    9168    
191    1959 7779    8484    7170    8717    7325    7021    8282    8606    8339    7613    7433    6932    6793    6877    7384    7613    8461    8767    8561    
191    1960 7963    8245    7603    8280    7227    7836    8480    8297    7962    7419    7140    7119    7613    8113    7774    7850    8597    8990    8668    
191    1961 7781    8451    7387    8582    7172    7448    8002    8971    8057    7400    6993    7116    6773    7700    7848    7877    7881    8253    8490    
191    1962 7709    8056    7306    8268    7184    7290    8124    8384    7893    7426    7007    7113    6673    7297    7881    7853    7952    8573    8448    
191    1963 7693    8145    7332    8456    7101    7413    7997    8339    8593    7019    7003    7277    7113    6952    8165    7467    7845    8683    7929    
191    1964 7574    7899    7163    8046    6876    7283    7780    8261    7941    6761    7177    6700    7187    7332    7326    7263    7855    8220    8874    
191    1965 8109    8351    7618    8707    7572    7540    8531    9000    8196    7942    7800    6981    7497    7374    7748    8333    8310    8957    9181    
191    1966 8152    8737    7504    9042    7488    7468    8671    9197    8718    8068    7237    7152    7040    7558    7794    8247    8832    8930    9065    
191    1967 8130    8705    7634    8902    7710    7391    8566    8955    8664    7787    7513    7823    6907    7158    8094    8307    8539    8853    8981    
191    1968 8043    8603    7355    8843    7286    7264    8638    8829    8710    7723    7017    7110    6663    7516    7594    8227    8429    9267    9445    
191    1969 8070    8726    7358    9091    7310    7170    8779    9023    8775    7442    7550    6945    6740    7606    7148    8170    8826    9340    9326    
191    1970 8223    8950    7686    9121    7612    7637    8715    9158    8854    8200    7670    6968    6930    8181    7777    8597    8665    8887    8829    
191    1971 8221    8677    7717    8817    7664    7717    8657    9142    8443    8081    7607    7303    7707    7881    7565    8253    8558    9163    8968    
191    1972 8258    8879    7699    9145    7838    7677    8396    9348    9117    8145    7863    7506    8241    7171    7655    7800    8555    8827    8916    
191    1973 8104    8580    7634    8783    7611    7476    8620    8790    8629    7777    7507    7545    6613    8074    7713    8340    8397    9130    8758    
191    1974 8166    8534    7631    8724    7205    7833    8875    8768    8639    7539    7473    6613    7173    8355    7948    8220    8910    9493    8894    
191    1975 -999999 8732    7509    8734    7454    7545    -999999 9016    8246    7813    7173    7368    7420    7526    7684    7883    -999999 7703    7477    
191    1976 -999999 -999999 -999999 7596    6302    -999999 -999999 7677    7634    6665    6350    5880    -999999 -999999 -999999 -999999 -999999 -999999 -999999 
191    1977 -999999 -999999 -999999 -999999 -999999 -999999 -999999 -999999 -999999 -999999 -999999 -999999 -999999 -999999 -999999 -999999 -999999 -999999 -999999 
191    1978 -999999 -999999 -999999 -999999 -999999 -999999 -999999 -999999 -999999 -999999 -999999 -999999 -999999 -999999 -999999 -999999 -999999 -999999 -999999 
191    1979 7439    -999999 6977    -999999 6889    7101    7738    8248    7643    7323    7007    6342    6667    7300    7323    7220    7635    8363    8197    
191    1980 7698    7980    7223    8168    6946    7347    8213    8142    8166    7403    6907    6526    7267    7410    7361    7883    8032    8730    8584    
191    1981 7539    8244    6949    8317    6929    7076    7955    8087    8275    7774    6510    6490    6857    7190    7174    7470    8174    8213    8294    
191    1982 7284    8066    6623    8207    6954    6396    7563    8516    7768    7406    6950    6506    5937    6513    6723    7113    7606    7967    8410    
191    1983 7228    7740    6810    7846    7088    6552    7570    7761    7314    7345    6883    7029    6330    6658    6661    7303    7587    7820    8035    
191    1984 7357    7772    6780    8112    6634    6701    7904    8306    7986    6913    6510    6474    6173    6958    6955    7610    7868    8237    8306    
191    1985 7493    7945    7054    8211    6513    7402    7740    8239    8075    6968    6560    6013    7180    7516    7503    7553    7429    8247    8677    
191    1986 7448    7940    6948    8331    6737    7041    7693    8626    7621    7019    6693    6497    6457    6890    7758    7383    7416    8290    8716    
191    1987 7996    8220    7447    8614    7185    7655    8425    8600    8518    7813    6913    6819    8163    7045    7774    7990    8219    9073    9074    
191    1988 8091    8736    7601    9051    7455    7647    8342    9100    8972    8003    7140    7213    7063    7984    7874    8320    8713    7980    8729    
191    1989 7592    8133    7014    8232    6934    7180    8019    8119    7807    7413    7003    6387    6687    6916    7923    7163    8410    8470    8794    
191    1990 7620    8325    7048    8479    7079    7154    7870    8855    7714    7652    6913    6668    6927    7113    7416    7250    7703    8663    8552    
191    1991 7650    8137    7189    8226    7228    7261    8037    8358    7718    7806    6620    7239    7927    6681    7197    7483    8268    8353    8145    
191    1992 7423    7983    6804    7968    6733    6807    8113    8603    7100    7384    6813    6003    5803    7032    7552    7613    7971    8760    8394    
191    1993 7562    7951    7108    7960    6891    7285    7979    7765    7696    7119    6850    6703    6657    7635    7542    7240    7868    8833    8829    
191    1994 7438    8279    6834    8629    6787    6821    7792    8823    8193    7135    6847    6381    6947    6135    7384    7330    7739    8310    8094    
191    1995 -999999 7874    -999999 7964    6914    -999999 -999999 7832    7968    7326    6980    6439    6967    6487    -999999 -999999 7303    8007    8545    
191    1996 7507    8028    6860    8365    6752    7036    7945    8703    7810    7784    6173    6281    6500    7387    7203    7603    7890    8343    8374    
191    1997 7530    7809    7121    7894    7010    6953    8114    7687    7593    6965    7250    6823    6880    7023    6955    7817    8223    8300    8852    
191    1998 7669    8096    7367    8172    7053    7521    8196    8068    7536    7552    7317    6300    7450    7594    7516    8047    8132    8410    8110    
191    1999 7698    8077    7164    8102    7054    7229    8171    8190    7996    7629    7010    6523    7343    7097    7252    7783    8406    8317    8845    
191    2000 7961    8265    7602    8388    7529    7627    8321    8213    8086    7713    7767    7116    6927    7800    8132    7863    8435    8660    8813    
191    2001 7886    8370    7407    8536    7111    7488    8408    8648    8104    7545    7040    6745    6983    7697    7768    8207    8677    8330    8877    
191    2002 7798    8305    7342    8461    7175    7390    8240    8661    7779    7455    7313    6761    7170    7729    7265    7820    8071    8833    8719    
191    2003 7714    8275    7179    8410    7093    7245    8157    8055    8461    7548    6687    7032    6800    7239    7681    7620    7916    8943    8632    
191    2004 7895    8318    7380    8580    7204    7386    8435    8826    8262    7345    7313    6958    7400    7184    7574    7867    8477    8960    8590    
191    2005 7721    8329    7209    8301    7105    7377    8012    8323    7957    7652    6667    6984    7180    7255    7690    7470    7868    8703    8903    
191    2006 7802    8311    7241    8649    7135    7050    8598    8458    8579    7394    6880    7123    6730    6700    7710    8310    9032    8437    8319    
191    2007 7902    8354    7334    8410    7187    7389    8288    8687    8204    7432    7173    6955    6607    7865    7671    7717    8358    8787    9355    
191    2008 7949    8572    7416    8842    7289    7412    8313    8832    8303    7784    6980    7094    7180    6881    8168    8200    7965    8787    9219    
191    2009 7972    8481    7373    8900    7075    7600    8411    8426    9071    7487    7067    6671    7200    7613    7974    7707    8506    9017    9006    
191    2010 7456    8305    6991    8297    6832    7112    7841    8129    7696    7442    6770    6281    6657    6852    7813    7577    7826    8120    8306    
191    2011 7709    7771    7459    7967    6637    7905    8291    8197    7336    6813    6517    6577    7623    7910    8174    7943    8023    8917    8445    
191    2012 7849    8285    7402    8459    7064    7703    8142    8771    8141    7423    7393    6387    7293    7810    7994    7537    8374    8507    8561    
191    2013 7664    8143    7297    8519    6775    7399    8097    8745    8221    6468    6533    7316    7553    6877    7771    7730    8084    8477    8229    
191    2014 7666    7988    7216    8103    6779    7409    8295    8016    8061    7084    6517    6729    6700    7345    8158    7830    8297    8757    8513    
191    2015 7428    8116    7036    8241    7308    6611    7776    8606    7536    6952    6983    7977    6257    7006    6558    7417    7590    8327    7919    
191    2016 7292    7742    6734    7863    6428    6898    7863    7984    7672    6971    6193    6113    5967    7148    7548    7417    7848    8323    8303    
191    2017 7292    7791    6792    7959    6451    6803    7897    8000    7532    6732    6397    6223    6697    6619    7090    7743    7987    7957    8535    
191    2018 7000    7808    6217    8232    5992    6150    7725    8465    7639    6252    6287    5448    5497    5855    7077    7147    7465    8573    8345    
191    2019 7359    7824    6803    8044    6307    7016    8112    8239    7496    6816    5367    6706    6823    6700    7519    7683    7945    8713    8287    
191    2020 -999999 7785    6705    7775    6373    6864    -999999 7606    7407    6758    6423    5939    6133    6987    7448    7290    8281    -999999 -999999 
