EUROPEAN CLIMATE ASSESSMENT & DATASET (ECA&D), file created on: 16-11-2020
THESE DATA CAN BE USED FOR NON-COMMERCIAL RESEARCH AND EDUCATION PROVIDED THAT THE FOLLOWING SOURCE IS ACKNOWLEDGED: 

Klein Tank, A.M.G. and Coauthors, 2002. Daily dataset of 20th-century surface
air temperature and precipitation series for the European Climate Assessment.
Int. J. of Climatol., 22, 1441-1453.
Data and metadata available at http://www.ecad.eu

FILE FORMAT (MISSING VALUE CODE = -999999):

THIS FILE HOLDS DATA FOR STATION NORWAY                                   JAN MAYEN                                (STAID:    189)
LATITUDE: dd:mm:ss +70:55:59
LONGITUDE: ddd:mm:ss -008:40:00
ELEVATION: m   10

DATA IS FOR INDEX Mean of daily average relative humidity (RH) with unit 0.01 Relative humidity (%)

01-06 SOUID: Source identifier
08-11 YEAR : YYYY
13-20 ANNUAL DATA VALUES
21-28 WINTER HALF YEAR DATA VALUES
29-36 SUMMER HALF YEAR DATA VALUES
37-44 WINTER (DJF) DATA VALUES
45-52 SPRING (MAM) DATA VALUES
53-60 SUMMER (JJA) DATA VALUES
61-68 AUTUMN (SON) DATA VALUES
69-76 JANUARY DATA VALUES
etc. 
157-164 DECEMBER DATA VALUES

189    1956 8455    -999999 8569    -999999 8326    8864    8375    8326    8117    8387    8010    8571    8727    9203    8658    8223    8439    8460    8300    
189    1957 8261    8385    8447    8326    8353    8616    7975    8458    8207    8432    8357    8271    8537    8642    8668    8200    7803    7927    7626    
189    1958 8321    7869    8482    7861    7955    8755    8446    8142    7811    7900    8033    7935    8697    8939    8629    8657    8274    8413    8384    
189    1959 9115    8553    9458    8478    9251    9632    9045    8381    8689    9184    9220    9348    9700    9629    9568    9280    9306    8540    8503    
189    1960 9196    8789    9543    8445    9480    9600    9095    8184    8662    9523    9433    9484    9620    9752    9429    9537    8874    8880    8968    
189    1961 9146    8915    9283    8918    9079    9424    9169    8794    9000    8981    8837    9413    9377    9619    9274    9163    9329    9010    8935    
189    1962 8694    8943    8990    8866    9010    9066    8141    8981    8661    8716    9220    9100    9217    9197    8790    8410    7929    8090    8019    
189    1963 8264    8069    8579    7848    8509    8693    8157    7561    7975    8832    7907    8768    8667    8768    8645    8703    8503    7253    7545    
189    1964 8036    7934    8154    7763    8167    8328    7853    7935    7810    8526    7677    8284    8263    8390    8329    7960    8074    7517    7623    
189    1965 8195    7699    8420    7721    8018    8370    8400    7906    7625    7435    8570    8068    8307    8158    8642    8787    8587    7820    8400    
189    1966 8697    8210    8857    8217    8630    9100    8499    8048    8200    8190    8950    8761    9100    9161    9039    8120    8494    8883    9377    
189    1967 9472    9084    9613    9261    9430    9726    9380    9197    9204    9352    9443    9497    9590    9739    9845    9557    9187    9403    9629    
189    1968 8589    9124    8684    9411    8263    8851    8315    9848    8710    7948    8163    8674    8603    9148    8794    8703    7906    8350    8203    
189    1969 8327    8157    8622    8197    8242    8970    7869    8361    8007    8106    8097    8519    9030    8974    8906    8190    7784    7637    8265    
189    1970 8240    8118    8362    8302    8304    8589    7969    8577    8039    8381    8033    8490    8843    8439    8494    7863    8126    7913    7655    
189    1971 8095    7965    8334    8004    8004    8552    7699    8006    8389    7739    7777    8490    8400    8713    8539    8063    7648    7387    7994    
189    1972 8384    8053    8487    8335    8310    8677    8111    8700    8310    8274    8287    8368    8707    8745    8581    8230    8097    8007    8290    
189    1973 8171    8163    8400    8269    8074    8558    7935    8565    7918    8071    7997    8152    8750    8729    8200    8577    7523    7720    7842    
189    1974 8023    7871    8177    7928    8173    8283    7862    8174    7750    8200    8080    8235    8200    8487    8158    7887    7887    7810    7374    
189    1975 7570    7592    7544    7441    7499    7690    7695    7345    7621    7523    7510    7465    7693    7639    7739    7210    7726    8147    7239    
189    1976 8081    7911    8101    7755    8005    8266    8068    8077    7962    8326    7383    8287    8220    8326    8252    8117    8416    7660    7903    
189    1977 7948    7925    8007    7888    7811    8125    7915    8074    7664    7800    7683    7945    8023    8213    8135    8033    7977    7733    8061    
189    1978 8022    7886    8219    7846    8072    8497    7684    7416    8082    8061    7930    8219    8593    8548    8352    7657    7665    7730    8010    
189    1979 8080    7943    8240    8072    7799    8596    7998    7935    8293    8055    7870    7474    8577    8629    8581    8313    8213    7460    7581    
189    1980 8425    8146    8654    8104    8670    8757    8015    8300    8455    8865    8453    8684    8900    8968    8406    8510    7355    8203    8013    
189    1981 8207    7998    8396    8080    8066    8771    8051    7868    8389    8206    7850    8135    8233    9184    8877    8060    8177    7910    7587    
189    1982 8075    8033    8069    7913    7855    8512    7873    7713    8496    8355    7747    7461    8097    8945    8481    7663    8490    7443    8003    
189    1983 -999999 7878    7933    7839    7758    8168    -999999 7752    7754    7800    7657    7813    8070    8390    8042    7610    -999999 7010    7977    
189    1984 8374    -999999 8496    8177    8242    8625    8156    8352    8203    7781    8543    8413    8297    8826    8742    8137    7897    8443    8845    
189    1985 8304    8487    8459    8676    8342    8748    7848    8568    8607    8574    7890    8548    9007    8945    8300    8050    8000    7490    7668    
189    1986 8516    8053    8565    8070    8485    8711    8524    8613    7914    8600    8140    8703    8773    8932    8429    8400    8584    8587    8448    
189    1987 8582    8557    8693    8331    8996    8603    8444    8471    8046    9158    9050    8781    8587    8868    8355    8523    8468    8340    8287    
189    1988 8556    8386    8846    8414    8529    9167    8037    8077    8910    8268    8137    9171    9147    9194    9161    8233    7948    7933    8487    
189    1989 8580    8236    8704    8444    8580    8755    8466    8548    8282    8213    9083    8461    8777    8748    8742    8420    8810    8157    8690    
189    1990 9056    8781    9213    9018    8797    9455    8922    9390    8968    8671    8803    8916    9547    9413    9410    9187    9058    8517    8781    
189    1991 9278    9031    9615    9069    9502    9810    8835    9113    9339    9394    9467    9645    9850    9832    9748    9137    8816    8553    8448    
189    1992 -999999 8852    -999999 8864    -999999 -999999 8426    8823    9352    9142    9193    -999999 -999999 9074    8852    9040    8003    8250    7668    
189    1993 8439    7958    8701    7749    8180    9046    8557    7974    7589    8235    8007    8294    8857    9058    9216    8757    7939    8997    8287    
189    1994 8293    8343    8590    8186    8601    8772    7651    7694    8618    8571    8407    8819    8403    9177    8723    7980    7094    7897    8155    
189    1995 8166    7865    8350    8007    7997    8761    7912    8135    7700    8194    7760    8029    8583    8916    8777    8013    7945    7777    8097    
189    1996 8263    8106    8398    8231    7878    8780    8207    8632    7945    8219    7537    7868    8780    8748    8813    8637    8155    7830    7961    
189    1997 8504    8098    8611    8132    8123    8917    8670    8023    8443    8203    7617    8532    8830    9342    8577    8747    8474    8797    8452    
189    1998 8623    8613    8811    8562    8680    9084    8249    8510    8743    8723    8547    8768    8897    9261    9087    8283    8361    8100    8187    
189    1999 8488    8261    8680    8217    8391    8854    8510    8071    8411    8445    7850    8861    8860    8852    8852    8787    8594    8147    8113    
189    2000 8440    8164    8668    8095    8236    8791    8656    7926    8255    7958    7863    8874    8710    8806    8855    8880    8590    8500    8052    
189    2001 8448    8341    8613    8312    8299    8754    8281    8452    8446    8023    8193    8677    8580    8735    8942    8530    8332    7980    8474    
189    2002 8472    8235    8629    8320    8540    8673    8330    8335    8132    8139    8913    8581    8520    8613    8881    8260    8258    8473    8529    
189    2003 8419    8334    8578    8380    8311    8749    8508    7981    8657    8139    8327    8468    8617    8848    8777    8420    8168    8947    7719    
189    2004 8383    8344    8558    8049    8713    8547    8090    8674    7734    8803    8840    8500    8340    8745    8548    8373    8177    7717    8087    
189    2005 8414    8162    8543    8208    8400    8829    8025    8187    8364    8442    8553    8210    8883    8723    8884    7997    7984    8097    8639    
189    2006 -999999 -999999 8758    -999999 8271    9075    8146    -999999 8050    7948    8460    8410    9070    9181    8974    8443    7810    8197    8223    
189    2007 8145    8070    8307    7961    8245    8548    7903    7626    8043    8526    7767    8426    8637    8613    8397    7987    8194    7520    7974    
189    2008 8205    7825    8493    7981    7793    8708    8293    8100    7862    7294    7953    8139    8400    8897    8816    8740    8226    7917    8106    
189    2009 8455    8147    8615    8034    8639    8667    8403    8352    7604    8619    8517    8777    8333    8581    9077    8387    8119    8713    8300    
189    2010 8258    8101    8592    8112    7895    8775    8302    8335    7657    7458    7957    8271    8820    9000    8506    8997    8168    7747    8139    
189    2011 8480    8070    8720    8237    8302    8727    8737    8229    8354    7800    8897    8229    8323    8923    8923    9027    8374    8823    7884    
189    2012 8405    8458    8355    8280    8061    8695    8422    8842    8103    8713    7463    7987    8440    8684    8952    8583    8219    8470    8361    
189    2013 8504    8281    8868    8430    8059    9212    8271    8339    8607    7729    7670    8765    9157    9200    9277    9120    8113    7587    8481    
189    2014 8513    8338    8521    8661    8096    8938    8532    8945    8546    8352    8240    7700    8723    9548    8535    8373    8561    8660    7977    
189    2015 8301    8270    8511    8038    8165    8650    8382    8310    7804    8277    8110    8106    8583    8313    9052    8907    8023    8230    7871    
189    2016 8387    8042    8423    7993    8036    8551    8833    8097    8014    8019    7707    8371    8527    8571    8555    8803    9290    8390    8277    
189    2017 8416    8316    8758    8108    8126    8898    8713    7635    8443    7877    8120    8381    8860    9035    8797    9357    8855    7923    7732    
189    2018 8481    8107    8795    8207    8205    8976    8337    8316    8611    7248    8460    8916    8577    9374    8965    8447    8313    8253    8294    
189    2019 8235    8056    8649    8072    8220    8652    8098    7671    8271    7561    8680    8432    8460    9252    8239    8833    7690    7783    7974    
189    2020 -999999 7816    8771    7954    7972    9108    -999999 8403    7452    7571    8013    8332    9160    9084    9081    8950    8548    -999999 -999999 
