EUROPEAN CLIMATE ASSESSMENT & DATASET (ECA&D), file created on: 16-11-2020
THESE DATA CAN BE USED FOR NON-COMMERCIAL RESEARCH AND EDUCATION PROVIDED THAT THE FOLLOWING SOURCE IS ACKNOWLEDGED: 

Klein Tank, A.M.G. and Coauthors, 2002. Daily dataset of 20th-century surface
air temperature and precipitation series for the European Climate Assessment.
Int. J. of Climatol., 22, 1441-1453.
Data and metadata available at http://www.ecad.eu

FILE FORMAT (MISSING VALUE CODE = -999999):

THIS FILE HOLDS DATA FOR STATION AUSTRIA                                  SONNBLICK                                (STAID:     15)
LATITUDE: dd:mm:ss +47:03:00
LONGITUDE: ddd:mm:ss +012:57:00
ELEVATION: m 3106

DATA IS FOR INDEX Mean of daily average relative humidity (RH) with unit 0.01 Relative humidity (%)

01-06 SOUID: Source identifier
08-11 YEAR : YYYY
13-20 ANNUAL DATA VALUES
21-28 WINTER HALF YEAR DATA VALUES
29-36 SUMMER HALF YEAR DATA VALUES
37-44 WINTER (DJF) DATA VALUES
45-52 SPRING (MAM) DATA VALUES
53-60 SUMMER (JJA) DATA VALUES
61-68 AUTUMN (SON) DATA VALUES
69-76 JANUARY DATA VALUES
etc. 
157-164 DECEMBER DATA VALUES

15     1901 8456    -999999 8930    -999999 9388    8780    7652    7081    8918    9587    9097    9471    8970    9129    8248    8663    8039    6240    8045    
15     1902 7905    7648    8293    7932    8277    8424    7311    7145    8679    7794    8253    8784    8670    7935    8674    7427    8435    6033    7065    
15     1903 7932    7011    8464    6601    8489    8553    7570    6097    6646    7723    8803    8952    8807    8768    8094    7347    7603    7760    8497    
15     1904 8017    8107    8193    8341    8199    8077    8048    7958    8583    8261    8290    8048    8087    7835    8310    8600    7994    7553    6735    
15     1905 8046    7703    8300    7543    8248    8312    8189    7900    8043    8023    8343    8381    8530    7877    8535    8137    7977    8460    6384    
15     1906 7990    7710    8461    7370    8326    8422    7226    7426    8400    7703    8540    8742    8580    8716    7974    8210    6603    6887    8142    
15     1907 8499    7528    8754    7894    8428    8930    8515    7910    7604    8010    8650    8632    8533    9426    8819    8440    9448    7627    8781    
15     1908 8363    8406    9122    7990    9397    9240    7055    6652    8576    9339    9533    9323    8900    9223    9587    8140    6816    6217    8042    
15     1909 8611    7380    8975    7516    8516    9311    8776    6623    7921    8677    7883    8968    9620    9416    8906    9047    9239    8027    8945    
15     1910 8840    8478    9257    8539    8824    9334    8777    8171    8496    7977    9213    9294    9577    9342    9090    9030    8510    8800    8590    
15     1911 8470    8281    8864    7827    9054    8884    7970    7313    7550    8871    8747    9535    9080    9248    8329    8230    7800    7887    8965    
15     1912 8789    8577    9208    8960    8975    9393    8411    8971    8945    8894    8847    9181    9537    9100    9548    9027    7742    8487    7229    
15     1913 8414    7669    8975    7436    8424    8901    8555    7658    7418    7481    8833    8971    8360    9097    9229    9350    7784    8557    8177    
15     1914 8824    8109    9105    7781    8875    9439    8995    7890    7221    8955    8157    9490    9597    9571    9155    8633    9277    9063    8723    
15     1915 8819    9013    8995    8907    8900    9224    8244    9148    8843    9006    8417    9261    9210    9377    9084    8593    8313    7823    8713    
15     1916 8668    8211    9141    8073    8990    9292    8454    6745    8807    8894    8770    9300    9403    9561    8916    8883    8042    8450    8277    
15     1917 8139    7875    8693    7503    8554    8966    7721    8168    5911    8232    8833    8606    8673    9110    9106    7807    8781    6540    7658    
15     1918 8450    7423    9197    6762    9073    9304    8679    6135    6464    8839    9240    9145    9343    9290    9281    8877    9232    7792    7526    
15     1919 7943    7199    8866    5942    8732    8908    8273    8470    1479    8281    8953    8968    8670    9432    8613    8547    8494    7770    7103    
15     1920 7642    7171    8640    6702    7797    8695    7219    7006    5948    6645    8327    8435    8573    8510    8997    9000    6829    5840    7519    
15     1921 7837    6820    8496    7163    7789    8672    7612    7735    6136    6761    8230    8390    7920    9155    8916    8333    7590    6913    7797    
15     1922 -999999 8080    -999999 8453    9093    -999999 -999999 9245    8304    8616    9353    9319    9567    9316    -999999 -999999 8852    7823    7700    
15     1923 8434    8035    8672    7882    8383    8675    8452    8077    7868    7865    8577    8713    8973    8706    8355    8717    8113    8537    8684    
15     1924 8552    8366    9284    8335    8953    9473    8086    7865    8466    8545    9130    9190    9553    9255    9613    8953    7971    7337    6768    
15     1925 8460    7507    9270    6992    8941    9378    8267    5948    8396    8700    8883    9239    9133    9645    9348    9360    7516    7950    7439    
15     1926 8717    7917    8954    7901    8696    9090    8663    7903    8411    8332    8407    9339    9530    9426    8329    8687    8177    9140    8923    
15     1927 8839    8520    9398    8431    9100    9447    8553    8513    7796    8519    9250    9535    9323    9594    9419    9257    7684    8747    8371    
15     1928 8528    7955    8997    7685    8846    8912    8696    7945    6672    8255    9153    9139    8753    8865    9113    8953    8419    8723    8274    
15     1929 8433    7736    8951    7426    8301    9093    8710    7184    6754    6997    8587    9329    9340    8916    9032    8487    8813    8827    8816    
15     1930 8307    8094    9125    7619    8967    9042    7965    7026    6950    8045    9370    9500    9187    9558    8387    8747    7529    7633    7674    
15     1931 7282    5505    9114    3449    8264    9235    8414    1229    1229    7390    8607    8806    8813    9168    9710    9570    7913    7777    6768    
15     1932 8303    7178    9139    6607    8547    9133    8859    6087    6990    7542    9087    9029    9277    9465    8661    9323    9148    8097    6929    
15     1933 8513    7926    9067    7461    8671    9077    8596    7958    7500    7887    8913    9219    9577    9135    8535    9033    8300    8463    7600    
15     1934 8713    8064    9222    7530    9127    9377    8341    7771    7186    8990    8990    9397    9560    9032    9545    8797    7735    8510    8923    
15     1935 8396    8137    8694    8328    8535    8760    8101    8055    7971    7626    9067    8929    8777    8258    9245    7877    9242    7147    8490    
15     1936 8536    8219    9245    8223    9010    9267    8066    8590    7545    8219    9397    9426    9520    9545    8745    8840    8190    7163    7210    
15     1937 8783    7766    9363    7423    9210    9377    8607    6906    8232    8919    9323    9390    9210    9332    9584    9330    8323    8177    8648    
15     1938 8165    7856    9033    7833    8227    9249    7741    8258    6461    7145    8520    9026    8910    9497    9329    8890    7542    6797    7452    
15     1939 8278    7392    8895    7186    8832    8985    8238    7790    6221    8416    8603    9468    8820    8871    9258    8317    8813    7567    6994    
15     1940 8507    7697    9182    7177    8690    9496    8658    7429    7103    8232    8507    9326    9687    9577    9229    8747    8226    9017    6971    
15     1941 8440    7971    9141    7599    8697    9407    8073    8100    7739    7784    9063    9255    9327    9397    9494    8287    8368    7553    6861    
15     1942 8519    7812    9014    7581    8702    8992    8593    7806    8129    8174    8903    9035    8883    9168    8923    9167    8406    8213    7413    
15     1943 8310    7588    8893    7133    8177    9076    8593    7094    6868    7484    8237    8813    9293    9339    8603    9073    8300    8417    8119    
15     1944 8364    7983    8870    7638    8462    9178    8598    7213    7579    8258    8440    8687    9157    9313    9065    8543    9139    8093    6861    
15     1945 7936    7675    8448    7058    7747    8799    7747    6913    7436    7597    7567    8071    8723    8452    9219    8643    7384    7227    7961    
15     1946 8446    7595    8869    7683    8305    9125    8375    6877    8268    7906    7953    9045    9297    8835    9248    8820    8316    7990    8787    
15     1947 8742    8635    8598    8768    8662    8811    8580    8287    9279    9190    7743    9023    8770    8897    8765    8363    8161    9230    9216    
15     1948 8293    8588    8963    8941    8579    9262    7395    9184    8386    7358    9033    9361    9317    9335    9135    7563    7603    7010    6223    
15     1949 8344    7195    8790    6796    8496    8988    8420    7442    6714    8126    8047    9300    9130    8797    9042    8397    7729    9157    8132    
15     1950 8573    8076    8905    7774    8679    8838    8566    7816    7332    8255    9090    8706    8747    8719    9045    9130    7429    9177    9368    
15     1951 8626    8628    9028    8844    8764    9249    8282    8371    8789    8668    8273    9335    9297    9281    9171    8787    7084    9017    7484    
15     1952 8592    8046    8848    7886    8828    8636    8854    8265    7910    8542    8657    9281    8893    8319    8703    9243    8777    8543    7961    
15     1953 8140    7853    8850    7627    8168    8947    7868    7829    7032    6919    9070    8545    9393    9010    8452    8647    8774    6153    7774    
15     1954 8566    7873    9250    7988    8833    9508    7921    8335    7839    8303    8830    9365    9500    9490    9532    8760    7729    7280    7765    
15     1955 8318    7710    8818    7763    8046    9324    8078    7035    8568    7955    8053    8129    9420    9306    9248    8743    8335    7147    7906    
15     1956 8166    7807    8957    7641    8814    9280    7333    7690    7303    8403    8853    9187    9440    9132    9274    7830    6826    7360    6661    
15     1957 8078    7310    8692    7460    8197    8742    7634    7329    8489    7313    8480    8806    8950    8671    8613    8630    6819    7480    7432    
15     1958 8203    7353    8657    7368    8240    8945    8163    6852    7868    7719    8583    8429    9120    9113    8606    8083    8100    8307    7665    
15     1959 8146    7663    8787    7049    8678    9293    7175    8000    5314    8384    8443    9200    9320    9181    9381    7150    6613    7780    8713    
15     1960 8872    8098    9165    8469    8954    9384    8823    8284    8407    8800    8783    9274    9293    9639    9216    8763    9071    8627    8274    
15     1961 7952    7735    8674    7370    8286    8786    7474    6671    7143    6594    9150    9142    8880    9045    8435    7373    7768    7270    7897    
15     1962 8082    7577    8672    7540    8572    8699    7726    7142    7586    7794    8673    9252    8827    8810    8465    7987    6632    8597    7226    
15     1963 8192    7507    9025    7513    8349    9100    8165    8116    7164    7306    8563    9184    9177    8939    9187    9090    6661    8793    6113    
15     1964 8011    7030    8542    6136    8598    8655    8425    5139    7228    8313    8737    8748    8980    8503    8494    7787    9206    8257    6748    
15     1965 8151    8048    8864    7717    8472    8863    7144    8652    7754    7652    8340    9419    8577    9219    8784    8820    4600    8097    7897    
15     1966 8584    7472    8825    7913    8700    9179    8320    8074    7754    8458    8843    8803    9253    9416    8871    7743    9013    8180    8513    
15     1967 8216    8264    8908    7996    8702    8937    7560    7942    7482    8374    8587    9142    9093    8800    8923    8900    6758    7050    7497    
15     1968 8425    7386    9290    7808    8338    9493    8133    7881    8062    7103    8610    9310    9517    9142    9823    9323    7284    7820    7258    
15     1969 8388    7774    8989    7856    8293    9396    7611    7871    8500    7981    8470    8435    9643    8823    9729    8830    6194    7857    8371    
15     1970 8483    7905    9050    8254    8877    9282    7960    8010    8396    8648    8760    9219    9380    9268    9200    8457    7645    7790    7032    
15     1971 8407    7802    9032    7618    8868    9087    8036    8232    7586    8506    8850    9248    9697    8884    8700    8823    6645    8687    7019    
15     1972 8783    8051    9432    8124    9332    9314    8437    8348    9066    8626    9657    9723    9360    9458    9126    9267    7929    8133    6761    
15     1973 8469    7788    9055    7526    8576    9293    7975    8161    7668    8074    8880    8784    9253    9684    8942    8777    7826    7327    8187    
15     1974 8877    8170    9178    8352    9011    9305    8898    8158    8750    8800    8877    9352    9517    9335    9071    8910    9032    8747    7981    
15     1975 8486    8349    9091    7723    9126    9222    8178    7884    7261    9100    9027    9248    9477    8968    9229    8590    7629    8333    7013    
15     1976 8490    7874    8701    7826    8167    8825    8755    8803    7652    7816    8293    8397    8693    8597    9181    9040    8419    8817    8142    
15     1977 8590    8358    9128    8344    8496    9436    8402    8384    8525    7894    8280    9306    9387    9355    9565    8847    8023    8350    7177    
15     1978 8294    8046    8980    7830    8805    8977    7404    8258    8079    8400    8693    9319    9077    9081    8777    8927    7555    5727    7594    
15     1979 8461    7579    8797    7826    8623    9082    8069    7719    8200    8677    8710    8484    8807    9368    9061    8333    7813    8070    8265    
15     1980 8322    8088    8825    8066    8761    9001    7720    8352    7548    8445    8517    9313    9297    9094    8623    8090    7900    7163    7468    
15     1981 8476    7484    8912    7161    8484    8955    8898    7539    6404    8316    8070    9052    8633    9400    8823    9477    8994    8220    8597    
15     1982 8203    8094    8530    7706    8353    8826    7901    7874    6532    8200    8240    8616    8653    8681    9139    7823    8365    7500    8632    
15     1983 8050    7812    8731    7712    8804    8549    7502    6990    7493    7848    9110    9465    8857    7868    8932    8153    8187    6143    7500    
15     1984 8318    7721    8883    7902    8743    8782    7819    7903    8331    8252    8590    9384    8937    8423    8990    8970    7923    6560    7545    
15     1985 8426    7793    8798    7767    8953    8920    7937    8242    7486    8932    8670    9248    9450    8513    8813    8090    7432    8307    7861    
15     1986 8503    8379    8961    8453    9341    8949    7426    9084    8411    9181    9703    9152    8923    8971    8952    8060    7303    6920    7358    
15     1987 8466    7808    8809    7897    8825    9070    8145    8148    8214    8916    8437    9110    9177    9026    9010    8073    8329    8027    7094    
15     1988 8711    8186    9062    7842    8965    9223    8400    8316    8134    9210    8693    8984    9630    9084    8968    9020    8590    7583    8290    
15     1989 8585    7903    9553    7333    9573    9548    8370    5852    7914    9177    9850    9700    9850    9397    9406    9120    8390    7600    6771    
15     1990 8642    7642    9171    7156    9173    8910    8608    6794    7982    8348    9657    9529    9580    8516    8655    9117    8300    8417    8816    
15     1991 8254    8110    8851    7582    9308    8628    8107    6261    7679    9155    9377    9394    9000    8835    8061    8447    7642    8247    6965    
15     1992 8136    7623    8512    7234    8534    8454    8391    6826    7959    8142    8657    8806    9253    8390    7745    8240    9006    7907    6742    
15     1993 8113    7445    8701    6581    8491    8560    8463    7000    5939    7945    8910    8632    8523    8881    8274    8993    8358    8040    7713    
15     1994 8194    7995    8457    7714    8812    7923    8410    7732    7696    8400    9240    8810    8210    7790    7777    8950    7687    8617    7442    
15     1995 8118    7879    8599    7634    8375    8542    7499    7781    7686    8065    8637    8432    9050    7697    8897    8910    5271    8390    8642    
15     1996 8236    7375    8786    7595    8520    8633    8635    6423    7728    7855    8727    8984    8030    8606    9242    9113    8332    8470    7332    
15     1997 8029    7536    8503    6841    8352    9103    7260    6587    6579    7852    8543    8668    9023    9290    8994    6450    7465    7860    8894    
15     1998 8248    7413    8882    6931    8793    8699    8923    6406    5339    8329    9267    8800    8830    9103    8168    9143    9119    8500    7777    
15     1999 8390    8322    9020    7740    9071    9072    7838    6868    8664    9042    9163    9010    9277    8665    9281    8727    7752    7040    7239    
15     2000 8396    7585    8715    7385    8764    8690    8643    6903    8055    8532    9023    8745    8413    9332    8316    8450    8690    8787    7519    
15     2001 8562    8415    8860    7962    8926    8743    8243    8313    8064    9094    8731    8942    8803    9006    8423    9257    7445    8053    8587    
15     2002 8511    7725    8988    7727    8630    8903    8840    6406    8236    7684    9093    9129    8393    8935    9365    8997    8358    9180    8377    
15     2003 8135    8053    8707    7688    8364    8834    7776    7942    6643    7719    8817    8571    8490    9174    8826    8350    7516    7470    7971    
15     2004 8552    7879    9054    8148    8796    9163    8549    8319    8155    7845    9403    9158    8887    9297    9297    8260    8845    8533    6626    
15     2005 8532    8049    9154    7649    8500    9436    7852    7223    9254    7945    8717    8845    9213    9381    9706    9043    6874    7670    8597    
15     2006 8521    8037    9131    8212    9303    9296    7834    7668    8389    9045    9257    9606    9067    8952    9861    8007    7819    7677    6890    
15     2007 8599    7958    8940    7812    8724    9045    8512    8381    8204    8790    8140    9223    9467    8774    8906    9127    7835    8597    7739    
15     2008 8793    8017    9217    7529    9135    9300    8838    7887    6921    9071    9543    8803    9367    9400    9135    9063    8397    9070    8800    
15     2009 8794    8864    9076    8707    9501    9013    8080    7739    9675    9587    9650    9271    9540    9216    8300    8493    8097    7650    8397    
15     2010 8647    8134    8974    8319    8541    8996    8545    7787    8821    8103    8463    9055    9030    8723    9235    9337    7613    8717    8932    
