EUROPEAN CLIMATE ASSESSMENT & DATASET (ECA&D), file created on: 16-11-2020
THESE DATA CAN BE USED FOR NON-COMMERCIAL RESEARCH AND EDUCATION PROVIDED THAT THE FOLLOWING SOURCE IS ACKNOWLEDGED: 

Klein Tank, A.M.G. and Coauthors, 2002. Daily dataset of 20th-century surface
air temperature and precipitation series for the European Climate Assessment.
Int. J. of Climatol., 22, 1441-1453.
Data and metadata available at http://www.ecad.eu

FILE FORMAT (MISSING VALUE CODE = -999999):

THIS FILE HOLDS DATA FOR STATION GERMANY                                  HALLE                                    (STAID:     45)
LATITUDE: dd:mm:ss +51:30:52
LONGITUDE: ddd:mm:ss +011:57:02
ELEVATION: m   93

DATA IS FOR INDEX Mean of daily average relative humidity (RH) with unit 0.01 Relative humidity (%)

01-06 SOUID: Source identifier
08-11 YEAR : YYYY
13-20 ANNUAL DATA VALUES
21-28 WINTER HALF YEAR DATA VALUES
29-36 SUMMER HALF YEAR DATA VALUES
37-44 WINTER (DJF) DATA VALUES
45-52 SPRING (MAM) DATA VALUES
53-60 SUMMER (JJA) DATA VALUES
61-68 AUTUMN (SON) DATA VALUES
69-76 JANUARY DATA VALUES
etc. 
157-164 DECEMBER DATA VALUES

45     1951 7842    -999999 7368    -999999 7247    7498    8067    8616    8489    7852    6383    7477    7503    7477    7513    7843    7719    8650    8610    
45     1952 7958    8337    7370    8619    7536    7166    8425    8581    8669    7823    7360    7419    7330    7061    7113    7957    8416    8903    8897    
45     1953 7681    8597    6998    8930    7055    7174    7674    9071    8811    7516    6550    7084    7650    7319    6568    6817    8161    8027    8648    
45     1954 7661    8101    7167    8216    7035    7323    8114    8242    7707    7781    6923    6397    6540    7768    7635    7727    8110    8507    8574    
45     1955 8005    8293    7668    8477    7301    7907    8359    8442    8407    7739    7327    6839    7373    8187    8142    8137    8145    8803    8548    
45     1956 7908    8283    7544    8410    7354    7668    8230    8252    8431    7545    7790    6742    7923    7481    7610    7743    8348    8593    8484    
45     1957 7738    8329    7179    8419    7276    7053    8192    8319    8457    7794    7347    6690    6213    7316    7603    7900    8274    8400    8577    
45     1958 7976    8306    7496    8283    7774    7448    8413    8229    8018    8313    7657    7348    7513    7371    7461    7633    8429    9177    8571    
45     1959 7267    8384    6477    8436    7042    6365    7265    8145    8607    7423    7153    6555    5797    6284    6997    6063    6935    8807    8529    
45     1960 7660    8117    7018    8290    7299    6962    8003    8410    7907    8123    6853    6906    6657    6726    7494    7470    8552    7970    8816    
45     1961 7790    8210    7324    8426    7618    7120    8003    8135    8314    7474    7470    7906    6787    7216    7345    7203    7797    9017    8839    
45     1962 8004    8523    7419    8673    7816    7228    8296    8445    8743    8335    7620    7487    6600    7629    7435    7730    8429    8723    8894    
45     1963 7676    8610    6926    8963    7261    6583    7980    9213    8764    7658    7143    6977    6643    6155    6952    7710    8074    8153    8739    
45     1964 7631    8309    6887    8520    7514    6578    7970    8832    7952    8077    7583    6884    6253    6339    7132    7140    8142    8623    8600    
45     1965 7834    8403    7284    8563    7621    7117    8087    8690    8382    7984    7693    7187    7010    7394    6945    7483    8290    8480    8497    
45     1966 7763    8223    7228    8404    7198    7124    8385    8484    8214    7381    7470    6752    6823    7329    7210    7797    8552    8800    8387    
45     1967 7827    8256    7460    8297    7110    7516    8278    8648    7807    7316    7220    6797    7863    7203    7494    8213    7829    8807    8752    
45     1968 7848    8374    7304    8660    7242    7214    8345    8558    8672    7658    6690    7361    7200    7135    7306    8133    8335    8567    8587    
45     1969 8147    8479    7693    8620    7799    7604    8365    8716    8550    8129    7630    7632    7730    7455    7632    8093    8403    8597    9219    
45     1970 8406    8861    7942    9173    8468    7549    8692    9306    8975    8668    8597    8145    7263    7403    7971    8283    9213    8563    8506    
45     1971 7681    8532    7175    8357    7653    6875    7812    8168    8400    8329    7437    7187    7870    6610    6177    7820    7632    7990    8639    
45     1972 7929    8129    7675    8492    7595    7527    8276    8390    8445    7694    7403    7681    7283    7535    7755    8393    8248    8187    8152    
45     1973 7548    8219    6914    8516    7179    6670    7833    9100    8271    7358    7057    7119    6580    7003    6423    7310    8432    7737    8210    
45     1974 7687    8079    7221    8296    7097    7363    7960    8406    8268    7426    6427    7416    7540    7232    7323    7377    8610    7873    8352    
45     1975 7678    8264    7080    8272    7629    6797    8089    7890    8607    8271    7657    6961    7203    6674    6526    7497    8390    8370    8177    
45     1976 7298    8132    6432    8264    6549    6111    8332    8177    8448    7258    6117    6258    5867    5839    6619    7910    8710    8363    8058    
45     1977 8023    8214    7764    8156    7537    7834    8338    8387    8007    7745    7637    7232    7713    7506    8277    8227    8539    8243    8748    
45     1978 7766    8227    7332    8448    7141    7227    8316    8139    8457    7261    6863    7290    7017    7174    7484    8167    8481    8297    8606    
45     1979 7927    8369    7643    8459    7657    7671    8046    8355    8411    8068    7787    7119    7537    7745    7726    7957    7887    8300    8274    
45     1980 7673    8069    7346    8299    6976    7445    7980    8400    8217    7355    7333    6252    7283    7874    7171    8187    7742    8020    8277    
45     1981 7489    8048    7038    8317    7172    7064    7333    8523    8132    7600    6707    7194    7107    6890    7197    7127    7171    7707    8532    
45     1982 7405    7937    6709    8458    6808    6796    7603    8510    8318    7413    6397    6600    6900    6903    6587    6867    8242    7680    8471    
45     1983 7294    7967    6816    8199    7243    6521    7338    8023    8093    7297    7280    7155    6513    6187    6861    6907    6832    8293    8155    
45     1984 7624    7679    7374    8040    6917    7418    8003    7845    8124    6871    6763    7113    6877    7723    7639    8117    7877    8020    8529    
45     1985 7539    8048    7079    8080    7437    7065    7693    8413    7214    8155    7163    6984    7263    6961    6977    7137    7897    8040    8216    
45     1986 7500    7990    7121    8084    7240    7054    7685    8132    7886    7758    7220    6742    7187    7081    6900    7617    7629    7810    8071    
45     1987 7726    7885    7362    8252    7067    7366    8145    8365    8329    7145    6647    7397    7477    7013    7613    8027    8006    8407    8339    
45     1988 7192    7923    6572    7776    6527    6836    7678    7555    7410    7803    6150    5616    7333    6861    6329    7173    7906    7947    8223    
45     1989 7180    7770    6592    8048    6486    6315    7885    8113    7782    6658    6883    5929    5840    6358    6732    7833    7648    8180    8258    
45     1990 7378    7641    6985    7708    6628    6946    8270    7810    6986    6919    6737    6232    7497    6645    6713    8211    8171    8427    8283    
45     1991 -999999 -999999 -999999 -999999 -999999 -999999 -999999 -999999 -999999 -999999 -999999 -999999 -999999 -999999 -999999 -999999 -999999 -999999 -999999 
45     1992 -999999 -999999 -999999 -999999 -999999 -999999 -999999 -999999 -999999 -999999 -999999 -999999 -999999 -999999 6854    -999999 -999999 -999999 8660    
45     1993 -999999 -999999 -999999 -999999 -999999 -999999 -999999 -999999 -999999 7296    6180    -999999 -999999 7738    7521    -999999 -999999 -999999 -999999 
45     1994 -999999 -999999 -999999 -999999 -999999 -999999 8289    -999999 -999999 -999999 -999999 7282    -999999 -999999 7207    8053    8028    8793    8348    
45     1995 -999999 -999999 -999999 -999999 7510    7203    -999999 8207    7826    7327    7765    7473    7862    7003    6745    8207    8232    8546    8738    
45     1996 -999999 -999999 -999999 -999999 -999999 -999999 -999999 8475    7969    -999999 -999999 -999999 -999999 -999999 -999999 -999999 -999999 -999999 -999999 
45     1997 -999999 -999999 -999999 -999999 -999999 -999999 -999999 -999999 -999999 -999999 -999999 -999999 6573    7366    6842    -999999 -999999 8565    8897    
45     1998 -999999 -999999 -999999 -999999 -999999 7300    -999999 7812    7359    7333    7763    6941    7726    7384    6814    8696    8744    9362    8640    
45     1999 -999999 -999999 -999999 -999999 -999999 -999999 -999999 8403    8693    -999999 -999999 -999999 -999999 -999999 6586    -999999 -999999 -999999 -999999 
45     2000 -999999 -999999 -999999 -999999 -999999 -999999 -999999 8200    7823    -999999 -999999 6108    -999999 -999999 -999999 -999999 8035    7990    8323    
45     2001 7840    8124    7337    8188    7424    7213    8456    8358    7837    8155    7290    6819    7563    6916    7171    8300    8453    8613    8613    
45     2002 7841    8039    7548    7960    7491    7445    8335    7996    7204    7300    7387    7784    7403    7200    7729    7783    8155    9073    9042    
45     2003 7560    8479    6688    8642    7004    6376    8385    8635    8207    7752    6187    7048    6700    6610    5829    7773    8516    8860    8639    
45     2004 8096    8409    7794    8480    7775    7812    8391    8748    8024    7655    7487    8174    8137    8023    7287    7653    8287    9237    8435    
45     2005 7564    8204    7049    8152    6979    7007    8064    7868    8154    7271    6520    7132    6777    6900    7335    7620    8052    8520    8655    
45     2006 -999999 8377    6716    8602    7160    6618    -999999 8577    -999999 7889    7063    6594    6790    5665    7430    6812    7924    7900    8090    
45     2007 7420    -999999 6876    7916    6729    6923    8067    7558    8118    7261    6113    6794    7040    6710    7037    7587    8219    8390    8219    
45     2008 7356    7839    6880    7821    7001    6542    7966    7719    -999999 6977    7377    6661    6510    6581    6535    7647    8000    8250    8606    
45     2009 7473    8188    6818    8438    7054    6696    7754    8323    8379    7594    6670    6887    7180    6829    6094    7270    8242    7733    8529    
45     2010 7568    8021    7048    8353    7090    6800    7977    8571    7918    7116    6367    7765    6583    6271    7539    7750    7742    8447    8745    
45     2011 7455    7977    6912    8292    6499    7060    8296    8615    7489    6897    6360    6235    6613    7142    7410    7710    8194    8987    7997    
45     2012 7459    8155    6807    8149    6783    6929    7811    8323    8128    7329    6580    6432    7210    6916    6671    7047    7868    8517    8516    
45     2013 7752    8357    7171    8608    7554    6849    8111    8565    8757    7965    6943    7735    7153    6562    6823    7783    7916    8640    8190    
45     2014 7763    8044    7347    8071    7365    7088    8492    8655    7293    7500    7230    7365    7037    6971    7255    8240    8477    8760    8323    
45     2015 -999999 -999999 -999999 8188    -999999 -999999 -999999 8190    8036    -999999 -999999 -999999 -999999 -999999 -999999 -999999 -999999 -999999 -999999 
