EUROPEAN CLIMATE ASSESSMENT & DATASET (ECA&D), file created on: 16-11-2020
THESE DATA CAN BE USED FOR NON-COMMERCIAL RESEARCH AND EDUCATION PROVIDED THAT THE FOLLOWING SOURCE IS ACKNOWLEDGED: 

Klein Tank, A.M.G. and Coauthors, 2002. Daily dataset of 20th-century surface
air temperature and precipitation series for the European Climate Assessment.
Int. J. of Climatol., 22, 1441-1453.
Data and metadata available at http://www.ecad.eu

FILE FORMAT (MISSING VALUE CODE = -999999):

THIS FILE HOLDS DATA FOR STATION GREECE                                   HELLINIKON                               (STAID:     60)
LATITUDE: dd:mm:ss +37:54:00
LONGITUDE: ddd:mm:ss +023:45:00
ELEVATION: m   10

DATA IS FOR INDEX Mean of daily average relative humidity (RH) with unit 0.01 Relative humidity (%)

01-06 SOUID: Source identifier
08-11 YEAR : YYYY
13-20 ANNUAL DATA VALUES
21-28 WINTER HALF YEAR DATA VALUES
29-36 SUMMER HALF YEAR DATA VALUES
37-44 WINTER (DJF) DATA VALUES
45-52 SPRING (MAM) DATA VALUES
53-60 SUMMER (JJA) DATA VALUES
61-68 AUTUMN (SON) DATA VALUES
69-76 JANUARY DATA VALUES
etc. 
157-164 DECEMBER DATA VALUES

60     1955 6223    -999999 5507    -999999 5970    5185    6616    7284    6868    6126    5890    5890    5457    4994    5113    5713    7235    6880    7261    
60     1956 5676    6865    4977    7007    5987    4504    5557    7010    6731    6065    6107    5794    5210    4229    4097    4453    5384    6840    6261    
60     1957 5793    6149    5217    6341    6053    4413    6173    6281    6496    5687    6127    6348    4217    4432    4584    5607    6381    6523    6877    
60     1958 6030    6726    5308    6930    6374    4625    6054    6881    7043    6674    6413    6035    5553    4181    4171    5547    5558    7073    7348    
60     1959 5780    6392    5209    6522    6003    4798    5838    6526    5604    6187    6013    5810    5177    4835    4394    5043    5752    6723    7274    
60     1960 5921    6631    5176    6936    6124    4650    6049    6797    6724    6523    6107    5742    4963    4326    4671    5273    6300    6567    7087    
60     1961 5733    6451    4973    6687    5888    4528    5829    6910    5996    5803    5970    5894    5103    4519    3981    4390    6219    6863    7148    
60     1962 5951    6690    5027    6788    5983    4518    6467    6797    6379    6710    5510    5713    4893    4703    3971    5393    6619    7383    7358    
60     1963 6133    6935    5355    7069    6395    4750    6421    7003    6821    6429    6197    6552    5270    4494    4503    5133    6861    7253    7129    
60     1964 6358    7117    5660    7084    6668    5316    6271    7135    6979    7339    6213    6439    5833    4839    5294    5353    6277    7183    7423    
60     1965 6611    7040    6228    7206    7100    5787    6375    7168    7007    7184    7150    6968    5947    5690    5729    5897    5997    7243    7384    
60     1966 6701    6993    6252    7289    6795    5905    6881    7177    7307    6887    6723    6771    6423    5623    5687    6310    7071    7257    7229    
60     1967 6496    7148    5873    7220    6671    5328    6811    6939    7521    6913    6900    6206    5470    5545    4974    6173    6729    7533    7155    
60     1968 6320    7048    5556    7182    6147    5205    6658    6874    7541    6503    6173    5765    5670    4487    5474    5800    6474    7707    7452    
60     1969 6104    7286    5218    7370    6337    4903    5905    7310    7346    7448    6000    5552    5680    4474    4581    5057    5406    7270    7232    
60     1970 6191    6851    5421    7232    6393    5030    6187    7497    6939    6784    6260    6132    5240    5000    4858    5043    6487    7020    7068    
60     1971 6240    7106    5479    7376    6426    4933    6266    7665    7396    7026    6617    5642    5580    4726    4513    5850    5997    6960    7019    
60     1972 6409    6919    6096    7297    6726    5677    6175    7526    7348    6694    7277    6226    5553    6223    5252    6063    6152    6310    6329    
60     1973 6138    6679    5473    6988    6307    5037    5982    7126    7564    6665    6667    5600    5120    5526    4468    5487    5961    6500    7084    
60     1974 5750    6597    5025    6880    6211    4327    5913    6506    7068    6503    6250    5881    5263    3877    3871    5053    6174    6503    6174    
60     1975 5888    6408    5320    6363    6171    5061    5627    6526    6393    6681    5533    6277    5427    4484    5284    4910    5623    6350    7181    
60     1976 6099    6463    5457    6710    6324    5008    6453    6416    6521    6690    6453    5832    4917    5019    5084    5453    6945    6943    6926    
60     1977 5780    6802    4981    6941    5621    4640    5935    6881    7025    6119    5310    5423    5077    4655    4203    5243    5413    7167    6958    
60     1978 5990    6688    5290    7112    6196    4518    6076    7232    7150    6268    6570    5761    4870    4313    4384    5890    6235    6097    7210    
60     1979 6089    6592    5370    6771    6459    4905    6377    6484    6604    6910    6220    6239    4503    4868    5332    5047    6935    7130    6823    
60     1980 6237    6932    5626    6792    6666    5185    6411    6684    6876    7145    6617    6235    5437    5135    4990    5360    6732    7130    6535    
60     1981 5918    6744    5277    6663    6025    4935    5923    6684    6782    6616    5977    5481    5557    4603    4665    5413    6261    6083    6955    
60     1982 6146    6540    5651    6719    6566    5227    6052    6832    6332    6742    6987    5984    5427    5158    5103    5273    6255    6620    7048    
60     1983 6221    6724    5626    6869    6470    5357    6093    6497    7082    6871    6750    5797    5500    5494    5081    5153    6187    6937    7368    
60     1984 6231    7002    5573    7238    6689    4918    6289    7177    7166    7184    6820    6068    5167    4368    5229    5823    6123    6927    6781    
60     1985 6041    6819    5309    6884    6546    4905    5714    7184    6668    7219    6163    6242    5637    4626    4477    4727    5548    6873    7161    
60     1986 5726    6626    5020    6880    5730    4889    5736    6510    6979    6726    5563    4897    5533    4829    4326    5003    5958    6240    6255    
60     1987 6115    6502    5398    6649    6441    5008    6146    6797    6921    6874    6243    6200    5460    4500    5077    4920    6052    7470    6935    
60     1988 5967    6864    5320    7047    6318    4797    5785    7435    6752    6552    6380    6026    5690    4426    4303    5137    5497    6730    6735    
60     1989 5841    6286    5276    6280    6092    4809    6040    5858    6243    6665    6010    5600    5617    4268    4568    5640    5871    6613    7194    
60     1990 5603    6229    4883    6540    5485    4221    6297    6503    5857    5313    5910    5245    4897    3871    3916    5510    6190    7193    6887    
60     1991 6181    6863    5497    6924    6595    4918    6326    6942    6946    7035    6537    6210    5413    4510    4848    5497    6529    6947    6819    
60     1992 5773    6557    5098    6444    6082    4747    5980    6210    6293    6539    6407    5310    5560    4694    4013    4647    6687    6583    6371    
60     1993 5784    6381    5120    6246    6083    4466    6171    6542    5779    6271    5847    6123    4813    4242    4355    5363    6255    6893    6916    
60     1994 5937    6824    5008    7136    6248    4285    5971    7358    7132    6419    6390    5939    4547    4152    4165    4883    6648    6360    7313    
60     1995 5844    6833    5076    7209    5716    4757    5751    7171    7136    6384    5847    4923    5203    4084    4997    5443    5313    6510    7235    
60     1996 5967    6545    5105    6968    6204    4267    6327    6806    6855    6571    6057    5981    4003    3900    4890    5820    6368    6793    7581    
60     1997 5887    6557    5165    6926    5440    5111    6219    6906    6221    5445    5927    4965    5417    4984    4942    4777    6597    7270    7216    
60     1998 5913    6903    5148    7111    6185    4401    6168    7371    6707    6248    6030    6271    4950    3910    4361    5397    6390    6710    6668    
60     1999 5917    6586    5273    6493    6157    4810    6129    6642    6136    6932    6167    5371    4757    4839    4832    5697    6345    6337    6952    
60     2000 5580    6279    4722    6329    5764    3984    6286    5910    6110    6010    6317    4984    3787    4565    3594    5123    6132    7607    6877    
60     2001 5831    6820    5057    6871    5909    4548    5955    7210    6489    6597    6030    5103    4840    4677    4135    5597    5342    6947    7074    
60     2002 6356    6706    5546    7099    6109    4965    7100    7206    7007    6697    6543    5100    4413    5232    5232    6793    6729    7790    7594    
60     2003 5987    7107    5038    7299    5985    4424    6358    7448    6807    6265    6253    5445    4337    4665    4268    5287    6384    7403    7339    
60     2004 6180    6956    5417    7181    6071    5062    6462    7345    6838    6435    6060    5716    5560    4265    5377    5553    6968    6847    7216    
