EUROPEAN CLIMATE ASSESSMENT & DATASET (ECA&D), file created on: 16-11-2020
THESE DATA CAN BE USED FOR NON-COMMERCIAL RESEARCH AND EDUCATION PROVIDED THAT THE FOLLOWING SOURCE IS ACKNOWLEDGED: 

Klein Tank, A.M.G. and Coauthors, 2002. Daily dataset of 20th-century surface
air temperature and precipitation series for the European Climate Assessment.
Int. J. of Climatol., 22, 1441-1453.
Data and metadata available at http://www.ecad.eu

FILE FORMAT (MISSING VALUE CODE = -999999):

THIS FILE HOLDS DATA FOR STATION CYPRUS                                   LIMASSOL                                 (STAID:     24)
LATITUDE: dd:mm:ss +34:40:00
LONGITUDE: ddd:mm:ss +033:02:59
ELEVATION: m    5

DATA IS FOR INDEX Mean of daily average relative humidity (RH) with unit 0.01 Relative humidity (%)

01-06 SOUID: Source identifier
08-11 YEAR : YYYY
13-20 ANNUAL DATA VALUES
21-28 WINTER HALF YEAR DATA VALUES
29-36 SUMMER HALF YEAR DATA VALUES
37-44 WINTER (DJF) DATA VALUES
45-52 SPRING (MAM) DATA VALUES
53-60 SUMMER (JJA) DATA VALUES
61-68 AUTUMN (SON) DATA VALUES
69-76 JANUARY DATA VALUES
etc. 
157-164 DECEMBER DATA VALUES

24     1981 -999999 -999999 -999999 -999999 -999999 -999999 -999999 7768    7432    7426    -999999 7227    -999999 -999999 -999999 -999999 6987    6907    -999999 
24     1982 -999999 -999999 7270    -999999 7322    7299    6677    7376    -999999 7603    7429    6961    7130    7335    7426    7353    6990    5677    7042    
24     1983 7066    6824    7014    6928    7291    6964    6964    6748    7000    7468    7196    7200    6887    7152    6852    6803    6659    7420    7384    
24     1984 6963    7234    7025    7334    7102    6945    6859    7519    7083    7300    7352    6671    6950    7058    6826    7323    6306    6967    6242    
24     1985 6824    6622    6766    6707    6804    6670    -999999 7248    6621    6358    6873    7184    6887    6316    6813    -999999 6711    7287    7029    
24     1986 7109    7251    7221    7426    7072    7408    6690    7490    7793    7181    6537    7481    7217    7635    7365    7063    6819    6166    6533    
24     1987 -999999 6806    -999999 6847    7126    -999999 6283    6597    7443    7293    7089    6997    7487    7773    -999999 6629    5984    6270    7348    
24     1988 7061    7030    6974    7500    7265    -999999 6415    7548    7600    7465    7123    7203    7239    6759    7231    6287    6410    6550    7306    
24     1989 6604    6688    6562    6720    6477    6911    6429    6477    6339    7006    6020    6390    6757    7081    6890    6210    6268    6813    6948    
24     1990 6254    6366    6388    6351    6082    6529    6320    5816    6282    6077    6143    6026    6057    7010    6506    6573    6026    6370    6171    
24     1991 6817    6383    6840    6357    6565    7205    6759    6465    6443    6829    6530    6335    7157    7271    7187    6550    6635    7097    7274    
24     1992 6597    6735    -999999 6740    6706    6955    6066    6532    6390    6471    6621    7063    7444    6903    6613    5603    6413    6170    7113    
24     1993 6782    6717    6975    6928    7254    6855    6055    7000    6643    6939    7146    7704    6977    6703    6890    6513    5752    5910    7316    
24     1994 -999999 6842    -999999 7322    6991    7285    -999999 7552    7054    7474    6710    6757    6967    7394    7471    6818    6714    -999999 6963    
24     1995 -999999 -999999 6916    -999999 6785    6976    6664    7215    7062    6688    6793    6858    6927    6942    7068    6921    6187    6910    7158    
24     1996 6855    6987    6791    7234    6900    6802    6484    7139    7417    7139    6759    6784    6170    7077    7139    6790    6535    6123    7168    
24     1997 -999999 6399    -999999 6598    -999999 -999999 -999999 6284    6314    5844    -999999 -999999 7171    -999999 6929    6407    7069    7154    7387    
24     1998 7016    -999999 7087    6920    6984    7257    6842    6835    6496    6926    7117    6913    7203    7577    6987    6717    6171    7660    7555    
24     1999 6935    7131    7073    7384    6983    7300    6378    7497    7071    6845    7220    6890    7277    7458    7165    6417    6565    6147    6655    
24     2000 6804    6557    6767    6531    7145    6530    6696    6219    6731    7026    7393    7023    6173    6729    6677    6603    6752    6730    7577    
24     2001 7159    7358    7077    7673    7250    7149    6545    8000    7418    7658    7367    6729    6750    7403    7281    6927    6290    6427    7645    
24     2002 6801    6778    6957    6984    7308    6700    6432    6477    6814    7013    7740    7174    6510    6803    6781    6737    6248    6317    7003    
24     2003 6809    6724    6706    -999999 6516    6930    6808    7316    6832    6739    6953    5871    7103    6629    7072    6647    6919    6853    6900    
24     2004 6877    6949    6952    7196    6533    7241    6548    7487    7200    6361    6320    6938    7353    7077    7297    6685    6561    6410    6835    
24     2005 6739    6626    6815    6670    6660    7040    6454    6677    6479    6774    6550    6652    6723    7123    7308    6597    6126    6681    7226    
24     2006 -999999 6948    -999999 7139    7339    -999999 -999999 7000    7196    7439    7446    7142    7450    -999999 -999999 -999999 7457    -999999 -999999 
24     2007 6699    -999999 6629    -999999 6736    6654    6409    -999999 7175    6681    6040    7465    6472    6535    6942    6277    6452    6497    7097    
24     2008 6520    6447    6707    6499    6328    6852    6631    5987    6407    6242    6190    6548    6317    6845    7377    6952    6410    6550    6416    
24     2009 6787    6680    6545    6879    6436    6598    6678    6910    7357    6486    6439    6387    6233    6913    6635    6647    6519    6873    8029    
24     2010 7047    7253    7124    7715    7054    7415    6377    7603    7482    7045    6897    7220    7212    7735    7258    6410    6561    6153    7045    
24     2011 6949    6857    7129    7106    6963    7287    6467    7203    7064    7110    6933    6842    7313    7700    6848    7120    6029    6267    6968    
24     2012 6959    6662    6908    7102    6741    7042    6756    7739    6566    6384    6850    6994    7253    7406    6474    6463    6755    7050    7542    
24     2013 -999999 7259    -999999 7690    6947    -999999 -999999 7806    7725    6716    7153    6977    -999999 -999999 -999999 -999999 -999999 -999999 -999999 
