EUROPEAN CLIMATE ASSESSMENT & DATASET (ECA&D), file created on: 16-11-2020
THESE DATA CAN BE USED FOR NON-COMMERCIAL RESEARCH AND EDUCATION PROVIDED THAT THE FOLLOWING SOURCE IS ACKNOWLEDGED: 

Klein Tank, A.M.G. and Coauthors, 2002. Daily dataset of 20th-century surface
air temperature and precipitation series for the European Climate Assessment.
Int. J. of Climatol., 22, 1441-1453.
Data and metadata available at http://www.ecad.eu

FILE FORMAT (MISSING VALUE CODE = -999999):

THIS FILE HOLDS DATA FOR STATION NORWAY                                   FAERDER FYR                              (STAID:    192)
LATITUDE: dd:mm:ss +59:01:36
LONGITUDE: ddd:mm:ss +010:31:48
ELEVATION: m    6

DATA IS FOR INDEX Mean of daily average relative humidity (RH) with unit 0.01 Relative humidity (%)

01-06 SOUID: Source identifier
08-11 YEAR : YYYY
13-20 ANNUAL DATA VALUES
21-28 WINTER HALF YEAR DATA VALUES
29-36 SUMMER HALF YEAR DATA VALUES
37-44 WINTER (DJF) DATA VALUES
45-52 SPRING (MAM) DATA VALUES
53-60 SUMMER (JJA) DATA VALUES
61-68 AUTUMN (SON) DATA VALUES
69-76 JANUARY DATA VALUES
etc. 
157-164 DECEMBER DATA VALUES

192    1951 8646    -999999 8326    -999999 8013    8325    9231    8874    8911    7965    8363    7723    7817    8171    8971    8913    9268    9510    9290    
192    1952 9186    9295    9270    9415    9058    9335    9258    9713    9231    8758    9570    8861    9407    9268    9332    9197    9784    8777    8342    
192    1953 8255    8559    8082    8238    7997    8067    8466    8245    8114    8058    8070    7865    8087    8132    7984    8363    8642    8387    9090    
192    1954 8506    8671    8219    8601    8377    8339    8604    7874    8864    9177    7753    8181    8183    8406    8423    8357    8374    9090    9406    
192    1955 8679    8657    8855    8856    8387    9023    8609    8716    8400    7942    8340    8877    8797    8910    9355    8833    8416    8583    8942    
192    1956 8989    8880    8885    9023    8876    8915    9069    9226    8893    9210    8443    8961    8930    8687    9129    9157    8877    9180    9158    
192    1957 8718    9287    8346    9479    8633    8509    8371    9529    9779    9242    8223    8419    8450    8948    8126    7893    8345    8877    8839    
192    1958 8402    8541    8204    8829    8038    8020    8842    9148    8464    7577    8497    8055    7523    7735    8784    8630    8558    9347    8519    
192    1959 8207    8765    7467    8652    8113    7126    8698    8606    8850    8739    8443    7168    6917    7242    7213    7843    9003    9237    9268    
192    1960 8537    8833    8266    8787    7947    8672    8744    8268    8828    8406    7703    7723    8707    8829    8481    8143    8829    9257    9274    
192    1961 8516    8893    8305    9313    7514    8583    8935    9090    9604    7384    7433    7723    8187    8716    8832    8927    9142    8730    8503    
192    1962 8347    8775    8030    8691    8195    7966    8466    9406    8107    8694    8370    7526    7677    7871    8342    8407    8452    8540    8735    
192    1963 8461    8465    8368    8513    8546    8196    8654    7997    8839    8265    8837    8545    7750    8077    8745    8243    8719    8997    8548    
192    1964 8233    8486    8124    8434    8057    8120    8312    8484    8259    7910    8490    7784    8080    8358    7919    8123    8706    8093    8581    
192    1965 8146    8242    8054    8309    7753    8058    8413    8823    7439    7729    8360    7190    8000    7884    8287    8630    8206    8410    8752    
192    1966 8276    8469    7858    8681    7802    8087    8446    8658    8629    8174    7520    7703    7757    8155    8339    7657    8810    8860    9039    
192    1967 8700    8892    8485    9069    8551    8233    9076    9006    9171    8494    8247    8903    7793    8339    8552    9063    8977    9190    8697    
192    1968 8537    8828    8187    8875    8033    8300    8723    9039    8890    8194    8107    7800    8290    8129    8481    8320    8448    9410    9355    
192    1969 8531    8931    8264    9299    8212    8162    8430    9716    8775    7881    8460    8303    8087    8397    8000    8343    8516    8427    9461    
192    1970 8616    9113    8591    9532    8851    8835    7856    9410    9746    9155    9063    8342    8340    8961    9187    7630    7681    8263    7684    
192    1971 7623    7990    7487    8000    7762    7397    7393    8442    7861    8003    7427    7845    7273    7442    7471    7453    7206    7527    7519    
192    1972 7952    7796    7853    8035    7896    7990    7593    8226    8383    7942    7823    7919    8277    7987    7716    7393    7694    7690    8381    
192    1973 7263    7957    7077    8214    7301    7109    6840    8468    7750    7732    6703    7448    6950    7368    7003    6967    6810    6743    7210    
192    1974 6929    7120    6497    7429    6223    6691    7321    7674    7400    6897    5907    5855    6277    6623    7161    7153    7206    7607    7413    
192    1975 6857    7291    6583    7411    6460    6650    7138    7529    7279    6719    6150    6500    6413    6829    6700    6893    7129    7393    6771    
192    1976 -999999 -999999 -999999 -999999 -999999 -999999 7746    -999999 -999999 -999999 -999999 -999999 -999999 -999999 -999999 6993    8187    8043    7916    
192    1977 7670    8099    7170    8139    7341    7255    7893    8387    8111    7948    7130    6939    7207    7271    7287    7187    8523    7950    8106    
192    1978 7801    7919    7478    7824    7015    7823    8222    8006    7311    7558    6707    6771    7633    8142    7687    7920    8277    8467    9068    
192    1979 8122    8523    7857    8668    8228    7815    7955    8645    8250    8400    8110    8171    7660    7974    7806    7410    8077    8373    8574    
192    1980 7727    8309    7464    8734    7072    7513    7791    8623    9024    7229    7330    6665    7703    7252    7590    8273    7535    7573    8013    
192    1981 7614    7841    7372    7929    7450    7409    7621    7687    8104    8148    6543    7629    7647    7590    6997    7823    7706    7330    8177    
192    1982 7526    8078    6963    8407    7573    6660    7611    8190    8900    8219    6710    7761    6260    6697    7010    7320    7845    7660    7800    
192    1983 7785    7723    7522    7650    7857    7207    8114    7581    7561    7871    7953    7748    7000    6955    7658    7823    8039    8483    8732    
192    1984 8343    8601    7975    9066    8040    7840    8433    9194    9286    7913    8600    7626    7530    7903    8077    8127    8119    9063    8732    
192    1985 8354    8704    8022    8760    8154    8213    8093    8668    8893    8781    7707    7961    7917    8135    8577    7813    8361    8097    9332    
192    1986 8297    8720    7901    8784    8716    7907    7980    8803    8157    9494    7977    8655    7967    7748    8006    7030    8355    8543    8761    
192    1987 8125    8569    7886    8650    8108    7985    8074    8884    8268    8571    8280    7477    8487    7435    8048    7610    8171    8437    7855    
192    1988 8430    8558    8151    8784    7872    8361    8444    9355    9166    8400    7570    7635    7887    8426    8755    8623    8603    8100    8635    
192    1989 8431    8676    8256    8797    8495    8226    8314    8939    8818    8955    8430    8097    8133    8106    8435    8337    8348    8257    8335    
192    1990 8115    8513    7568    8878    7742    7508    8231    9074    9261    7868    8057    7313    7423    7213    7884    7527    8600    8553    8690    
192    1991 8495    8819    8118    8858    8067    8553    8520    9187    8679    9184    7780    7229    8383    8739    8532    8040    8552    8967    8661    
192    1992 8392    8622    8213    8662    8275    8043    8546    8752    8566    8245    8417    8168    7483    7987    8642    8577    8200    8873    8800    
192    1993 8265    8465    8048    8658    7889    8087    8488    8635    8525    7774    7930    7965    7623    8452    8171    8133    8513    8817    8645    
192    1994 8137    8548    7658    8580    7770    7617    8397    8555    8536    8229    8250    6845    7580    7671    7600    8033    8235    8927    9226    
192    1995 8161    8725    7850    8892    8052    7784    8120    8884    8532    8532    7743    7871    8200    7710    7455    8137    8145    8077    8665    
192    1996 8085    8298    7824    8627    7892    7799    8149    9003    8186    7697    8197    7794    7830    7494    8074    7560    8397    8483    8306    
192    1997 7686    8195    7336    8396    7227    7449    7557    8697    8161    7129    6603    7929    7553    7081    7716    7107    7171    8407    8694    
192    1998 8102    7686    8269    7997    7299    8429    8733    7558    7711    6603    8043    7274    8447    8516    8326    9033    8297    8883    8558    
192    1999 8453    8725    8609    8714    8816    8501    8080    9148    8407    9029    8780    8639    8860    8445    8210    8740    7394    8130    7674    
192    2000 7915    7723    7723    7963    7636    7624    -999999 7861    8379    6955    8573    7410    7397    7790    7677    7503    -999999 8517    8426    
192    2001 7858    -999999 7628    8451    7851    7553    7601    8965    7911    8113    8313    7142    7513    7526    7619    7677    8374    6727    8387    
192    2002 7617    7907    7293    8311    7510    7222    7440    8687    7811    7406    7837    7297    6833    7668    7152    6967    7261    8097    8387    
192    2003 7609    8090    7285    8333    7791    7113    7524    8235    8382    8203    7117    8032    7260    7326    6758    7210    6990    8390    7461    
192    2004 7528    7860    7261    8009    7422    7313    7313    8490    8079    7781    7750    6745    7193    7400    7342    7147    7490    7297    7635    
192    2005 7873    7609    7808    7582    8028    7702    8048    7419    7704    8110    7970    8003    7603    7619    7881    7770    8381    7983    8006    
192    2006 7951    8239    7731    8422    7865    7565    7910    8527    8771    7819    8527    7271    7597    7548    7552    7917    8219    7583    8168    
192    2007 7820    8027    7540    8047    7705    7674    7612    7674    8325    8210    7090    7797    7353    8103    7555    7313    7845    7670    8890    
192    2008 7824    8205    7540    8654    7793    7303    7642    8571    8490    7768    8300    7329    6933    7352    7613    7727    7648    7550    8626    
192    2009 7913    8240    7462    8631    7925    7351    7744    8332    8968    8365    8247    7174    6690    7716    7626    7317    7303    8627    8674    
192    2010 7896    8348    7540    8730    7635    7642    7632    8639    8893    8013    7663    7229    7370    7748    7800    7423    7529    7947    8561    
192    2011 7883    8125    7693    8437    7746    7700    7984    8481    8250    7990    7977    7277    7760    7742    7600    7817    7529    8620    7610    
192    2012 8055    7995    7743    7854    7814    7765    8347    7919    8045    8268    8000    7181    7473    7800    8013    7997    8110    8943    8913    
192    2013 7748    8369    7528    8773    7528    7373    7686    8806    8582    6897    7627    8065    7587    7194    7345    7353    8071    7620    7887    
192    2014 7772    8213    7179    8492    7633    6975    7990    8477    9179    8119    7420    7352    6720    7123    7074    7387    8197    8380    7939    
192    2015 7627    8129    7243    8032    7441    7239    7781    8055    8111    8100    6907    7300    6933    7394    7381    7533    7674    8140    8006    
192    2016 7714    8130    7397    8138    7802    7285    7629    8442    7955    8552    7530    7316    6940    7377    7526    7693    7384    7817    8029    
192    2017 7643    7974    7369    8178    7641    7221    7524    8000    8539    8126    7180    7603    7157    7003    7500    7773    7335    7470    8087    
192    2018 7610    7873    7130    8279    7577    6904    7602    8574    8164    7619    7893    7229    6633    7039    7032    6957    7423    8433    8355    
192    2019 7722    8048    7296    8183    7215    7604    7873    7619    8618    7910    6773    6948    7857    7265    7700    7230    7761    8630    8423    
192    2020 -999999 8080    7074    8138    6957    7225    -999999 8165    7807    7694    6670    6497    6963    7152    7552    7613    7935    -999999 -999999 
