EUROPEAN CLIMATE ASSESSMENT & DATASET (ECA&D), file created on: 16-11-2020
THESE DATA CAN BE USED FOR NON-COMMERCIAL RESEARCH AND EDUCATION PROVIDED THAT THE FOLLOWING SOURCE IS ACKNOWLEDGED: 

Klein Tank, A.M.G. and Coauthors, 2002. Daily dataset of 20th-century surface
air temperature and precipitation series for the European Climate Assessment.
Int. J. of Climatol., 22, 1441-1453.
Data and metadata available at http://www.ecad.eu

FILE FORMAT (MISSING VALUE CODE = -999999):

THIS FILE HOLDS DATA FOR STATION RUSSIAN FEDERATION                       VY'TEGRA                                 (STAID:    104)
LATITUDE: dd:mm:ss +61:01:00
LONGITUDE: ddd:mm:ss +036:27:00
ELEVATION: m   55

DATA IS FOR INDEX Mean of daily average relative humidity (RH) with unit 0.01 Relative humidity (%)

01-06 SOUID: Source identifier
08-11 YEAR : YYYY
13-20 ANNUAL DATA VALUES
21-28 WINTER HALF YEAR DATA VALUES
29-36 SUMMER HALF YEAR DATA VALUES
37-44 WINTER (DJF) DATA VALUES
45-52 SPRING (MAM) DATA VALUES
53-60 SUMMER (JJA) DATA VALUES
61-68 AUTUMN (SON) DATA VALUES
69-76 JANUARY DATA VALUES
etc. 
157-164 DECEMBER DATA VALUES

104    1936 7875    -999999 7087    -999999 7420    6878    8598    8855    8276    8523    7597    6145    6753    6955    6923    8193    8645    8953    8706    
104    1937 8016    8694    7426    8708    7545    7425    8443    8781    8629    8452    6900    7261    6770    7745    7739    8127    8319    8887    8600    
104    1938 8038    8569    7383    8561    7765    7253    8596    8429    8664    8532    7430    7323    7713    6855    7206    7797    8939    9040    8587    
104    1939 8064    8718    7400    8628    7578    7262    8707    8529    8782    8445    7593    6697    6550    7694    7519    8357    8661    9103    8887    
104    1940 8020    8595    7476    8416    7386    7573    8766    8348    7986    8561    7367    6229    7130    7326    8248    8577    8690    9033    8748    
104    1941 8041    8519    7636    8408    7579    7551    8716    8290    8161    8174    7433    7126    7597    6865    8194    8623    8861    8660    8519    
104    1942 8047    8409    7723    8394    7537    7826    8430    8500    8139    7755    7440    7413    7417    8019    8029    8010    8819    8447    8561    
104    1943 8032    8331    7563    8319    7447    7540    8582    8158    8229    7768    7903    6684    7033    7597    7974    8203    8723    8817    9310    
104    1944 8419    9091    7783    9395    8007    7723    8741    9400    9479    8832    7763    7416    7517    7671    7974    8363    8355    9517    8794    
104    1945 -999999 -999999 -999999 -999999 -999999 -999999 -999999 -999999 -999999 -999999 -999999 -999999 -999999 -999999 -999999 -999999 -999999 -999999 -999999 
104    1946 -999999 -999999 7679    -999999 -999999 7572    8684    -999999 -999999 -999999 7756    7039    6840    7284    8568    8603    8400    9057    8919    
104    1947 7879    8573    7298    8620    7536    7189    8288    8755    8139    8139    7980    6503    6267    7365    7906    7770    8303    8790    8629    
104    1948 7843    8261    7324    8324    7038    7285    8749    8206    8124    7519    7400    6206    7173    6826    7852    8523    8765    8960    8600    
104    1949 7807    8550    7157    8606    6961    7393    8156    8781    8418    7777    7007    6100    7367    6945    7868    7677    8023    8773    9000    
104    1950 7948    8484    7379    8707    7326    7296    8502    8477    8636    8016    7303    6658    7003    7294    7581    8457    8319    8737    8948    
104    1951 8173    8578    7552    8921    7395    7436    8779    9045    8754    7687    7487    7013    7107    7632    7558    8530    8810    8997    9500    
104    1952 8368    8979    7650    9305    7372    7627    9092    9342    9059    8171    7370    6574    7427    7184    8265    9110    9077    9090    9774    
104    1953 8739    9205    8268    9494    7991    8436    9193    9674    8986    8603    7740    7623    7720    8413    9152    8950    9403    9220    9365    
104    1954 8621    8994    8394    9026    8026    8460    9138    8858    8836    8274    8250    7561    7790    8658    8910    9197    9303    8910    8910    
104    1955 8547    9081    8018    9160    8521    7517    9056    9339    9239    8797    8480    8284    7243    7623    7677    8817    8961    9393    8774    
104    1956 8610    8939    8134    8845    8177    8196    9008    9290    8445    8752    8060    7716    7133    8500    8919    8453    9132    9433    9426    
104    1957 8361    9119    7990    9352    8045    7724    8610    9435    9179    8126    8103    7906    7657    7348    8165    8777    8416    8643    8642    
104    1958 7844    8251    7481    8424    7105    7549    8424    8384    8229    7200    6797    7310    7033    7181    8416    8137    8729    8397    8316    
104    1959 7785    8322    7100    8569    6611    7057    8747    8658    8750    7126    6740    5971    6747    7126    7287    8760    8548    8940    8868    
104    1960 7977    8582    7397    8701    6855    7640    8641    8661    8566    7919    6463    6171    7433    7474    8006    8853    8403    8673    9119    
104    1961 8116    8703    7704    8909    7507    7932    8449    8739    8864    8432    7080    6994    6833    8284    8642    8363    8668    8310    8197    
104    1962 7847    8154    7374    8161    7001    7400    8647    8403    7854    7468    7057    6481    6800    7229    8152    8537    8655    8750    8774    
104    1963 8058    8418    7512    8499    7186    7611    8852    8439    8261    7623    7210    6726    7427    7490    7910    8323    9094    9130    9084    
104    1964 8274    8863    7850    8834    7957    7637    8719    8858    8541    8458    7847    7561    6820    7894    8171    8807    8910    8433    8968    
104    1965 8142    8828    7498    8964    7418    7541    8760    8923    9007    8732    6450    7042    6580    7935    8077    8887    8652    8747    8694    
104    1966 7834    8447    7515    8346    7578    7420    8320    8352    7954    8245    7827    6671    6970    7506    7768    8370    8223    8370    7774    
104    1967 7995    8149    7510    8044    7562    7399    8701    8161    8214    8168    7613    6906    7110    7029    8048    8370    8529    9210    8606    
104    1968 7991    8566    7502    8507    7539    7446    8431    8387    8528    8152    7377    7084    6577    7810    7923    8230    8265    8803    8758    
104    1969 7771    8062    7474    7852    7458    7241    8624    7974    6714    7748    7773    6861    6660    7761    7284    8523    8513    8840    8519    
104    1970 7842    8281    7495    8297    7310    7258    8646    8265    8086    7461    7687    6794    6730    7255    7771    8757    8887    8287    8155    
104    1971 7456    8108    6910    7977    6708    7038    7958    8226    7504    7539    6267    6303    6727    7010    7368    7790    7826    8263    8635    
104    1972 -999999 8150    7078    8367    7261    6734    8318    8181    8279    7729    7467    6594    6627    6726    6845    8243    8297    8413    -999999 
104    1973 7684    -999999 7072    -999999 7080    6954    8540    7497    8357    7758    7460    6035    6640    6465    7748    8117    8632    8867    8710    
104    1974 8145    8663    7501    8749    7466    7536    8757    8648    8904    8248    7203    6939    6580    7481    8516    8270    8977    9017    8984    
104    1975 8250    8863    7741    8924    7767    7768    8584    9106    8657    8419    7613    7265    7633    7606    8061    8277    8465    9013    8910    
104    1976 8106    8599    7824    8646    7439    8196    8395    8610    8403    8197    7157    6955    7993    8013    8574    8250    8387    8547    8190    
104    1977 7988    8331    7495    8290    7480    7511    8585    8248    8446    8187    6903    7332    7123    7403    7994    8203    8687    8860    8481    
104    1978 7885    8496    7428    8396    7071    7708    8474    8613    8061    8245    7240    5732    7020    7658    8423    8513    8129    8790    8213    
104    1979 8030    8420    7517    8421    7703    7502    8443    8394    8682    8352    8303    6474    6943    7442    8103    7857    8597    8870    8400    
104    1980 7892    8447    7356    8486    7430    7148    8364    8474    8590    7774    7900    6632    6337    7290    7790    8200    8265    8630    8848    
104    1981 7928    8344    7448    8646    7121    7347    8715    8765    8289    7271    7480    6623    6917    7058    8052    8580    8826    8737    8571    
104    1982 7907    8451    7501    8356    7409    7498    8380    8071    8432    8077    7307    6839    7087    7342    8052    8390    8335    8417    8577    
104    1983 7979    8368    7572    8379    7600    7628    8298    8252    8300    8323    7280    7187    7133    7952    7784    8087    8584    8213    8652    
104    1984 7778    8135    7428    8011    7201    7523    8565    7848    7500    7974    6937    6684    7050    7445    8058    8400    8910    8373    8132    
104    1985 7989    8041    7791    7826    7350    7968    8579    7823    7489    7474    7377    7200    7850    8016    8035    8273    8687    8773    8835    
104    1986 8101    8770    7472    8952    7302    7509    8703    9216    8789    8323    7307    6277    6787    7858    7858    8757    8423    8940    8719    
104    1987 8209    8757    7901    8912    7765    8012    8242    8739    9318    8461    7577    7252    7807    7845    8377    8557    7781    8403    8484    
104    1988 7801    8150    7343    8300    6902    7690    8233    8297    8107    7835    6433    6423    6837    7797    8410    8137    8035    8533    8752    
104    1989 7858    8369    7230    8542    7107    7336    8570    8645    8196    8039    6727    6542    6820    7532    7639    8120    8781    8803    8452    
104    1990 7877    8316    7481    8200    6978    7727    8523    8094    8039    7719    6623    6581    7270    7739    8158    8517    8500    8553    8726    
104    1991 8034    8375    7706    8500    7528    7779    8422    8490    8261    7716    7703    7171    7507    7681    8142    8037    8484    8743    8487    
104    1992 7776    8406    7231    8477    7413    6836    8388    8435    8510    7794    7720    6735    6217    6955    7316    8463    8171    8537    8497    
104    1993 -999999 8287    -999999 8299    7364    -999999 8341    8503    7854    8126    7293    6671    -999999 7648    8303    8207    8484    8327    8632    
104    1994 7719    8283    7337    8352    7164    7318    8162    8481    7900    7839    7030    6619    7007    7342    7597    8440    7813    8243    8326    
104    1995 7937    8141    7457    8397    7283    7423    8535    8361    8514    7629    7187    7029    7117    7229    7913    8273    8374    8963    8706    
104    1996 7834    8385    7260    8580    6889    7441    8455    8929    8072    7261    6950    6458    7217    7616    7484    7843    8435    9087    8668    
104    1997 7872    8464    7254    8553    7043    7235    8664    8590    8386    7629    6723    6768    7103    7081    7516    8343    8845    8797    8710    
104    1998 7837    8466    7387    8549    6879    7711    8299    8816    8075    7526    6347    6748    7123    7684    8306    8093    8326    8477    8506    
104    1999 7587    8065    7146    8247    6896    6923    8312    8165    8050    6877    6820    6987    6330    6742    7677    8320    8348    8267    8490    
104    2000 7899    8215    7421    8411    6865    7691    8562    8345    8397    7458    7073    6071    6840    7945    8261    8337    8623    8723    8723    
104    2001 7883    8520    7214    8537    7329    7134    8564    8832    8004    8171    6687    7110    6657    7058    7671    8097    8626    8967    8694    
104    2002 7847    8538    7245    8663    6880    7413    8580    8810    8468    7674    6273    6674    6793    7471    7955    8293    8777    8663    8329    
104    2003 7976    8315    7568    8272    7347    7683    8491    8106    8393    7639    7860    6558    7193    7513    8326    7967    8487    9020    8700    
