EUROPEAN CLIMATE ASSESSMENT & DATASET (ECA&D), file created on: 16-11-2020
THESE DATA CAN BE USED FOR NON-COMMERCIAL RESEARCH AND EDUCATION PROVIDED THAT THE FOLLOWING SOURCE IS ACKNOWLEDGED: 

Klein Tank, A.M.G. and Coauthors, 2002. Daily dataset of 20th-century surface
air temperature and precipitation series for the European Climate Assessment.
Int. J. of Climatol., 22, 1441-1453.
Data and metadata available at http://www.ecad.eu

FILE FORMAT (MISSING VALUE CODE = -999999):

THIS FILE HOLDS DATA FOR STATION GERMANY                                  BERLIN-DAHLEM                            (STAID:     41)
LATITUDE: dd:mm:ss +52:27:50
LONGITUDE: ddd:mm:ss +013:18:06
ELEVATION: m   51

DATA IS FOR INDEX Mean of daily average relative humidity (RH) with unit 0.01 Relative humidity (%)

01-06 SOUID: Source identifier
08-11 YEAR : YYYY
13-20 ANNUAL DATA VALUES
21-28 WINTER HALF YEAR DATA VALUES
29-36 SUMMER HALF YEAR DATA VALUES
37-44 WINTER (DJF) DATA VALUES
45-52 SPRING (MAM) DATA VALUES
53-60 SUMMER (JJA) DATA VALUES
61-68 AUTUMN (SON) DATA VALUES
69-76 JANUARY DATA VALUES
etc. 
157-164 DECEMBER DATA VALUES

41     1908 -999999 -999999 7274    -999999 -999999 7062    7828    -999999 -999999 -999999 7550    7426    6400    7155    7610    7493    7700    8310    9203    
41     1909 7887    8484    7189    8866    7140    7313    8488    8817    8557    8345    6980    6090    7003    7345    7581    8150    8371    8947    8535    
41     1910 7869    8443    7250    8563    7125    7259    8414    8626    8525    7681    6910    6777    6457    7539    7755    8050    8323    8873    8942    
41     1911 7309    8477    6336    8622    6939    6011    7690    8768    8089    7832    6703    6274    6303    6061    5677    7027    7619    8427    8997    
41     1912 7764    8338    7154    8721    7092    7132    8295    8539    8621    7845    6490    6923    7197    6290    7910    8127    8094    8670    8506    
41     1913 7482    8087    6769    8133    6576    6837    8297    8245    7596    7384    6347    5990    6213    6948    7329    7790    8384    8713    8829    
41     1914 7651    8355    6944    8383    7072    7043    8189    8406    7864    7897    6437    6861    7003    7081    7045    7233    8755    8560    8645    
41     1915 7505    8488    6702    8573    6932    6555    8160    8726    8325    7903    7410    5497    5197    6665    7761    7687    8619    8160    8139    
41     1916 7727    8229    7102    8132    7087    7325    8059    8258    7990    8190    6803    6258    7053    7458    7455    7590    8103    8483    9068    
41     1917 7601    8619    6444    9006    6860    6334    8223    8913    9038    8167    7170    5297    5253    6497    7216    7240    8497    8923    9235    
41     1918 7892    8645    7150    8992    6798    7379    8448    9481    8182    7516    7280    5613    6677    7252    8187    7903    8539    8900    9177    
41     1919 7780    8615    7034    8821    7274    7031    8141    8613    8657    7816    7533    6481    6883    7430    6787    7113    8371    8930    8797    
41     1920 7685    8379    7286    8534    7265    7136    7730    8629    8152    7397    7590    6819    6930    6900    7571    7923    7313    7967    9048    
41     1921 7219    7908    6406    8520    6458    6177    7967    8477    7982    6668    6520    6187    6803    5735    6013    7220    8032    8647    8423    
41     1922 7682    8177    7160    8304    7011    7198    8086    8352    8121    7500    7390    6155    6607    7490    7477    7850    7848    8567    8858    
41     1923 -999999 -999999 -999999 -999999 -999999 -999999 -999999 -999999 -999999 -999999 -999999 -999999 -999999 -999999 -999999 -999999 -999999 -999999 -999999 
41     1924 -999999 -999999 -999999 -999999 -999999 -999999 -999999 -999999 -999999 -999999 -999999 -999999 -999999 -999999 -999999 -999999 -999999 -999999 -999999 
41     1925 -999999 -999999 -999999 -999999 -999999 -999999 -999999 -999999 -999999 -999999 -999999 -999999 -999999 -999999 -999999 -999999 -999999 -999999 -999999 
41     1926 -999999 -999999 -999999 -999999 -999999 -999999 -999999 -999999 -999999 -999999 -999999 -999999 -999999 -999999 -999999 -999999 -999999 -999999 -999999 
41     1927 -999999 -999999 -999999 -999999 -999999 -999999 -999999 -999999 -999999 -999999 -999999 -999999 -999999 -999999 -999999 -999999 -999999 -999999 -999999 
41     1928 -999999 -999999 -999999 -999999 -999999 -999999 -999999 -999999 -999999 -999999 -999999 -999999 -999999 -999999 -999999 -999999 -999999 -999999 -999999 
41     1929 -999999 -999999 -999999 -999999 -999999 -999999 -999999 -999999 -999999 -999999 -999999 -999999 -999999 -999999 -999999 -999999 -999999 -999999 -999999 
41     1930 -999999 -999999 -999999 -999999 -999999 -999999 -999999 -999999 -999999 -999999 -999999 -999999 -999999 -999999 -999999 -999999 -999999 -999999 -999999 
41     1931 -999999 -999999 -999999 -999999 -999999 -999999 -999999 -999999 -999999 -999999 -999999 -999999 -999999 -999999 -999999 -999999 -999999 -999999 -999999 
41     1932 -999999 -999999 -999999 -999999 -999999 -999999 -999999 -999999 -999999 -999999 -999999 -999999 -999999 -999999 -999999 -999999 -999999 -999999 -999999 
41     1933 -999999 -999999 -999999 -999999 -999999 -999999 -999999 -999999 -999999 -999999 -999999 -999999 -999999 -999999 -999999 -999999 -999999 -999999 -999999 
41     1934 -999999 -999999 -999999 -999999 -999999 -999999 -999999 -999999 -999999 -999999 -999999 -999999 -999999 -999999 -999999 -999999 -999999 -999999 -999999 
41     1935 -999999 -999999 -999999 -999999 -999999 -999999 -999999 -999999 -999999 -999999 -999999 -999999 -999999 -999999 -999999 -999999 -999999 -999999 -999999 
41     1936 7946    -999999 7317    -999999 7447    7262    8423    8497    8403    8065    7140    7126    6520    7603    7639    7863    8529    8873    9074    
41     1937 8302    8592    7860    8712    7758    7908    8792    8394    8664    8032    8400    6861    7253    8048    8400    8207    9006    9157    9226    
41     1938 8042    8736    7557    8872    7517    7397    8552    8997    8343    7661    7930    6974    7363    7394    7432    8280    8629    8743    8790    
41     1939 8027    8688    7446    8726    7704    7321    8477    8916    8443    8587    7410    7106    6853    7432    7661    8217    8616    8593    8497    
41     1940 7778    8360    7268    8315    7267    7172    8336    8458    7969    8010    6583    7187    6250    7300    7935    8330    8126    8560    8590    
41     1941 7961    8316    7516    8506    7368    7487    8409    8348    8586    7719    7297    7087    6807    7403    8229    8267    8526    8430    8861    
41     1942 7939    8322    7397    8514    6983    7534    8774    8258    8414    7455    6773    6713    6997    7684    7903    8310    8884    9123    8787    
41     1943 7971    8523    7413    8696    7007    7362    8656    8771    8511    7081    7457    6497    7937    7261    6906    8470    8384    9123    9339    
41     1944 8183    8866    7419    9088    7709    7250    8789    9000    8914    8448    7260    7403    7510    7610    6639    8110    9103    9143    9077    
41     1945 -999999 8887    -999999 8943    -999999 -999999 -999999 8868    8879    8261    -999999 -999999 -999999 -999999 -999999 -999999 -999999 9328    9123    
41     1946 7972    -999999 7445    8794    7625    7479    8176    8545    8707    8397    7230    7235    7603    7045    7794    7773    8110    8647    8632    
41     1947 7418    8271    6595    8220    6984    6625    7781    8316    7657    8219    6993    5739    6400    6716    6752    6990    7816    8537    8874    
41     1948 7633    8301    6950    8601    6922    7046    8067    8645    8262    7677    6497    6577    6450    7123    7545    7493    8258    8443    8613    
41     1949 7678    8242    7092    8437    7057    7140    8002    8300    8393    7468    6953    6745    7363    7358    6706    7440    7719    8857    8900    
41     1950 7548    8201    6980    8339    7121    6791    8093    8158    7918    7645    7137    6581    6363    7039    6958    7817    7845    8627    8519    
41     1951 7505    8144    6951    8288    6928    6957    7870    8271    8050    7558    6227    6977    6777    6997    7090    7630    7271    8730    8510    
41     1952 7814    8033    7219    8549    6713    7234    8581    8513    8631    6606    6417    7106    7063    7081    7552    8090    8606    9047    9090    
41     1953 7514    8499    6813    8882    6190    7252    7857    8945    8582    6752    5527    6271    7330    7342    7087    7310    8032    8223    8813    
41     1954 7922    8172    7415    8261    6849    7839    8689    8213    7704    8003    6533    6000    6850    8384    8252    8460    8629    8980    9006    
41     1955 7935    8553    7461    8628    7222    7538    8477    8455    8400    7848    7157    6658    7363    7487    7758    8360    8497    8573    8700    
41     1956 7768    8164    7393    8288    7160    7428    8242    8129    8017    7071    7780    6648    7663    6939    7690    7667    8506    8543    8597    
41     1957 7827    8355    7308    8606    6946    7286    8448    8648    8568    7294    6930    6613    6287    7506    8032    8473    8552    8317    8735    
41     1958 8024    8294    7602    8406    7453    7623    8558    8297    8161    7690    7363    7303    7473    7552    7839    8083    8603    8987    8948    
41     1959 7527    8416    6849    8603    6788    6811    7969    8394    8454    7135    7020    6216    5887    7006    7510    7447    7529    8947    8848    
41     1960 7806    8223    7237    8438    6953    7428    8432    8548    7883    7587    6880    6390    6703    7603    7955    7883    8855    8543    8806    
41     1961 7862    8419    7500    8500    7386    7545    8233    8187    8507    7629    6737    7771    6907    7594    8113    7847    8042    8817    8226    
41     1962 7798    8104    7415    8140    7187    7349    8447    8203    7975    7371    6960    7223    6430    7716    7871    8273    8423    8647    8468    
41     1963 7525    8156    6922    8322    6776    6727    8235    8310    8175    6932    6680    6713    6310    6300    7558    7977    8348    8377    8655    
41     1964 7631    8200    7053    8333    7024    6959    8247    8677    7621    7490    7093    6490    6430    6642    7787    7883    8310    8547    8587    
41     1965 7885    8387    7368    8538    7398    7298    8258    8784    8211    7874    7473    6848    6873    7584    7423    8017    8332    8423    8790    
41     1966 8046    8467    7489    8711    7324    7505    8647    8813    8511    7935    7517    6526    7043    7768    7690    8403    8629    8910    8845    
41     1967 7880    8455    7404    8556    7101    7380    8436    8861    7896    7552    7177    6577    7127    7145    7861    8560    8271    8483    9042    
41     1968 7788    8407    7136    8755    6953    7011    8586    8781    8421    7448    6013    7368    6680    7216    7126    8403    8652    8700    8648    
41     1969 7855    8424    7308    8623    7292    7100    8366    8813    8386    7352    7077    7442    7150    6942    7210    8037    8774    8273    8829    
41     1970 8021    8576    7377    8778    7764    7036    8503    8806    8689    8087    8043    7171    6347    7465    7274    7970    8819    8710    8906    
41     1971 7678    8547    7044    8691    7130    6850    8066    8516    8646    7697    7110    6584    7753    6368    6458    8047    7823    8337    8903    
41     1972 7843    8154    7528    8581    7188    7417    8469    8403    8428    7052    7103    7406    7107    7229    7906    8417    8355    8640    8106    
41     1973 7819    8383    7216    8581    7440    6872    8146    9032    8607    7587    7457    7277    6593    7177    6835    7970    8435    8023    8865    
41     1974 7680    8110    7133    8568    6383    7467    8381    8590    8214    6539    5903    6690    7357    7574    7468    7797    8868    8463    8713    
41     1975 7609    8327    6938    8390    7017    6690    8438    8306    8125    7474    7077    6503    6490    6716    6858    8010    8752    8543    8490    
41     1976 7448    8256    6568    8305    6635    6302    8512    8384    8024    7335    6337    6223    6183    5916    6803    7973    8803    8750    8665    
41     1977 7875    8556    7318    8701    7053    7529    8295    8865    8561    7700    7243    6223    7300    7355    7926    7877    8739    8253    8503    
41     1978 7722    8284    7110    8379    6835    7085    8581    8394    8225    7581    6480    6432    6697    6981    7565    8520    8716    8503    8603    
41     1979 7663    8373    7155    8349    7171    7192    7955    8477    7925    7974    7043    6490    6813    7552    7200    7840    7377    8667    8613    
41     1980 7776    8183    7302    8604    6599    7682    8281    8719    8472    7281    6957    5571    7320    8013    7700    8270    8377    8193    8468    
41     1981 7767    8231    7197    8290    6996    7435    8226    8726    7611    7952    6333    6681    7183    7413    7700    7867    8355    8453    8871    
41     1982 7357    8253    6586    8498    6678    6515    7842    8610    7961    7245    6183    6590    6717    6126    6710    7203    8300    8007    8645    
41     1983 7504    8126    6846    8287    7535    6175    8086    8132    8061    7603    7450    7548    6007    5574    6939    7573    8142    8540    8523    
41     1984 7624    7989    7227    8233    6629    7327    8242    8242    7914    6587    6267    7023    7453    7448    7084    8093    8455    8170    8758    
41     1985 7653    8159    7189    8169    7152    7202    8182    8281    7393    7826    7177    6455    7233    6942    7432    7917    8439    8183    8526    
41     1986 7466    8108    6872    8179    7108    6553    7982    8352    7604    7500    7460    6374    6230    6674    6745    7773    7910    8267    8716    
41     1987 7765    8073    7362    8463    6784    7484    8313    8248    8421    6913    6713    6723    7573    6968    7913    8300    7890    8763    8826    
41     1988 7524    8385    6810    8527    6462    7253    7975    8523    8214    8097    5703    5561    7510    7206    7052    7850    7739    8343    8516    
41     1989 7290    8079    6434    8422    6508    6325    7949    8561    8164    7168    6837    5529    5793    6265    6900    7303    8003    8540    8477    
41     1990 7383    7977    6835    8088    6496    6870    8090    8168    7568    7087    6513    5887    7417    6606    6603    8030    7545    8713    8513    
41     1991 7356    7955    6862    8041    7020    6799    7676    7735    7857    7381    6663    7003    6973    6255    7174    7107    7555    8370    8235    
41     1992 7313    8122    6310    8396    6639    6060    8044    8516    8438    7648    6540    5726    5030    6387    6729    7453    8165    8510    8626    
41     1993 7511    8082    6927    8274    6270    7189    8331    7745    8471    7029    5510    6245    6743    7503    7306    8243    7974    8787    8639    
41     1994 7408    8190    6734    8172    6997    6352    8184    8458    7339    7881    6573    6523    6660    5532    6874    8283    7958    8317    8503    
41     1995 7584    8108    6881    8329    6904    6667    8387    8313    8154    7416    6863    6432    7580    6268    6184    8020    8358    8783    8726    
41     1996 7771    8236    7298    8332    7098    7316    8422    8287    7959    7303    6053    7903    7030    7658    7252    7863    8648    8747    8519    
41     1997 7285    8218    6668    8232    6811    6559    7579    8513    7604    7235    6293    6887    6467    6774    6432    7153    7535    8050    8468    
41     1998 7410    7709    6961    7947    6714    6823    8212    8084    7218    6861    7063    6229    6997    6787    6690    8040    8045    8557    8368    
41     1999 7255    8157    6426    8241    6864    6261    7711    8106    8250    7639    6893    6061    6610    5932    6252    6843    7729    8560    8274    
41     2000 7379    8114    6651    8201    6698    6661    7908    8226    8097    7813    6630    5648    5933    7110    6916    7677    7952    8093    8461    
41     2001 7687    8145    7134    8372    7053    6997    8376    8642    7975    7726    7063    6371    7303    6565    7132    8417    8352    8360    8374    
41     2002 7510    7981    7106    7968    7152    7053    8001    8055    7421    7281    7010    7161    6830    7045    7277    7307    8119    8573    8023    
41     2003 7055    7933    6236    8010    6330    6137    7768    8374    7593    6903    5860    6213    5903    6571    5929    6937    7758    8610    8026    
41     2004 7785    8009    7180    8153    7053    7168    8413    8619    7790    7258    6753    7139    7120    7174    7210    7687    8474    9077    9103    
41     2005 8052    8596    7461    8840    7168    7586    8520    8777    8618    7545    6347    7587    7117    7748    7877    8063    8313    9190    9445    
41     2006 7669    8807    6797    9029    7522    6538    7854    8806    8814    8287    7683    6600    6457    5694    7461    6907    7990    8660    8752    
41     2007 7881    8283    7401    8514    7030    7591    8449    8232    8564    7539    6353    7177    7463    7594    7713    8097    8413    8840    8623    
41     2008 7684    8310    6996    8293    7232    6738    8399    8490    7731    7745    7730    6235    6037    6855    7300    7840    8626    8723    8890    
41     2009 7768    8635    6972    8813    7093    7050    8102    8890    8643    8042    6300    6913    7283    7174    6700    7463    8513    8317    9003    
41     2010 7721    8360    7138    8613    7285    6817    8213    8610    8186    7516    6533    7781    6533    6184    7726    8060    7945    8643    8939    
41     2011 7437    8054    6930    8297    6523    7098    8102    8719    7118    6887    6413    6265    6517    7329    7429    7620    8129    8557    8210    
41     2012 7448    7942    6879    8036    6527    7121    7981    8110    7772    6881    6507    6194    6950    7281    7126    7217    8016    8710    8626    
41     2013 7632    8216    7013    8473    6951    6723    8416    8452    8329    7190    6523    7126    6660    6423    7084    8273    8194    8790    8600    
41     2014 7864    8249    7325    8346    7335    7138    8587    8713    7657    7500    7170    7329    7037    7087    7287    8050    8761    8943    8800    
41     2015 7619    8468    6919    8580    6933    6687    8432    8684    8221    7390    6730    6671    6617    6716    6726    8077    8565    8650    8429    
41     2016 7894    8448    7103    8478    7238    7242    8422    8771    8217    8045    6950    6710    7123    7148    7452    7233    9135    8873    9048    
41     2017 7948    8616    7432    8730    7268    7366    8574    8929    8157    7516    7260    7029    7060    7561    7468    8223    8581    8917    8690    
41     2018 7389    8312    6546    8271    6827    6447    7945    8568    7479    7574    6877    6032    6633    6329    6384    7053    7906    8877    8958    
41     2019 7596    8330    6758    8443    6939    6627    8503    8697    7593    7894    5967    6926    6263    6716    6890    7780    8587    9140    8665    
41     2020 -999999 8301    6581    8419    6323    6637    -999999 8648    7910    6858    5423    6658    6633    6810    6468    7487    8639    -999999 -999999 
