EUROPEAN CLIMATE ASSESSMENT & DATASET (ECA&D), file created on: 16-11-2020
THESE DATA CAN BE USED FOR NON-COMMERCIAL RESEARCH AND EDUCATION PROVIDED THAT THE FOLLOWING SOURCE IS ACKNOWLEDGED: 

Klein Tank, A.M.G. and Coauthors, 2002. Daily dataset of 20th-century surface
air temperature and precipitation series for the European Climate Assessment.
Int. J. of Climatol., 22, 1441-1453.
Data and metadata available at http://www.ecad.eu

FILE FORMAT (MISSING VALUE CODE = -999999):

THIS FILE HOLDS DATA FOR STATION GERMANY                                  HOHENPEISSENBERG                         (STAID:     48)
LATITUDE: dd:mm:ss +47:48:06
LONGITUDE: ddd:mm:ss +011:00:42
ELEVATION: m  977

DATA IS FOR INDEX Mean of daily average relative humidity (RH) with unit 0.01 Relative humidity (%)

01-06 SOUID: Source identifier
08-11 YEAR : YYYY
13-20 ANNUAL DATA VALUES
21-28 WINTER HALF YEAR DATA VALUES
29-36 SUMMER HALF YEAR DATA VALUES
37-44 WINTER (DJF) DATA VALUES
45-52 SPRING (MAM) DATA VALUES
53-60 SUMMER (JJA) DATA VALUES
61-68 AUTUMN (SON) DATA VALUES
69-76 JANUARY DATA VALUES
etc. 
157-164 DECEMBER DATA VALUES

48     1851 8362    -999999 8016    -999999 8391    7610    8953    8245    9000    8765    8037    8361    7200    7713    7903    8887    8465    9523    8310    
48     1852 7940    8751    7616    8508    8089    7429    8103    8110    9145    9006    8093    7168    7243    7219    7819    8177    8223    7907    7242    
48     1853 8432    8375    7957    8256    8714    7590    8320    8006    9654    9329    8610    8200    8133    7184    7471    8177    7774    9027    9739    
48     1854 8341    9025    7592    9447    7915    7843    8258    9123    9482    9052    6937    7726    7797    7729    8003    7340    8281    9153    9513    
48     1855 8563    9156    8018    9516    8392    7810    8629    9706    9307    8990    8623    7571    7827    7674    7929    8513    7871    9527    9300    
48     1856 8242    8731    7736    8722    8093    7652    8708    8297    8559    8845    7180    8226    7793    7932    7235    8043    8277    9817    8716    
48     1857 8157    9019    7601    8989    8362    7249    8163    9752    8446    9077    8370    7639    7267    6829    7652    7873    8194    8420    8374    
48     1858 8448    8766    7781    9053    8254    7533    8642    9487    9325    8842    7943    7968    6617    7916    8035    8190    8777    8953    9335    
48     1859 8225    8813    7755    9126    8167    7273    8371    9129    8889    7806    8023    8668    7720    6629    7484    8020    8519    8570    9290    
48     1860 8801    9084    8297    9385    8600    8183    9002    9016    9879    9261    8393    8139    8113    8510    7923    8713    9100    9190    9419    
48     1861 8441    9090    7966    9081    8473    7711    8556    9348    8411    9006    8203    8200    7967    7971    7203    8267    8842    8550    9300    
48     1862 8728    9020    8314    9502    8159    8253    9046    9739    9464    8252    8247    7981    8593    7758    8419    8910    8848    9387    9223    
48     1863 8640    9045    8170    8952    8639    7855    9043    8552    9096    9181    8387    8342    8257    8081    7242    8743    8874    9517    9461    
48     1864 8933    9269    8523    9492    8529    8515    9138    9661    9345    8771    8523    8294    8670    8558    8323    8787    8939    9697    9648    
48     1865 8565    9607    7739    9704    8203    8093    8420    9584    9900    9903    7303    7374    8237    7471    8577    7463    8716    9070    9242    
48     1866 8923    9195    8516    9286    8991    8378    9178    9232    9393    9529    8513    8916    8257    8510    8365    8527    9429    9570    8855    
48     1867 9147    9407    8660    9298    9026    8490    9454    9723    9318    9542    9100    8439    8753    8494    8232    8967    9687    9700    9819    
48     1868 7360    9443    5963    9345    7302    5950    7463    9339    8845    9239    7663    5016    5930    6235    5684    5283    8271    8807    8042    
48     1869 7593    8562    6377    8188    7704    6370    7754    9139    7296    9700    7113    6281    6857    5642    6626    5763    8552    8920    9142    
48     1870 7671    9091    6411    9164    7733    5935    7759    9310    9029    9581    7703    5913    6050    5113    6645    7097    7694    8490    9516    
48     1871 7767    8629    6516    9271    7620    6107    8020    9787    8429    7832    7927    7110    7050    5468    5832    5750    8639    9650    9771    
48     1872 7258    8820    6498    8980    7384    6101    7131    8855    8269    7726    7500    6929    6463    5474    6377    6267    7161    7963    8148    
48     1873 7504    8077    6581    8440    7791    5672    7793    7990    9261    8052    7713    7606    6093    5471    5465    7177    7626    8583    9168    
48     1874 7471    8615    6345    9017    7610    5926    7214    8939    8936    8468    7027    7316    5820    5352    6603    5947    6774    8937    9610    
48     1875 7586    8788    6085    9372    7135    5834    8064    8748    9800    8961    6580    5845    6027    5984    5497    6607    8587    8980    9561    
48     1876 7527    8913    6684    9166    7905    5918    7665    9229    8676    8432    7513    7758    6550    5648    5577    7090    7084    8840    7997    
48     1877 7601    8270    6627    8360    8020    5659    7856    8106    9043    8642    7840    7571    5080    6145    5732    7407    7884    8277    9565    
48     1878 7762    8806    6689    9286    7674    6315    7858    9606    8621    8848    7547    6623    6473    6206    6271    7043    7687    8850    9413    
48     1879 7872    8329    7642    8461    7893    7346    8451    7800    8139    8084    7463    8119    7287    7610    7139    8233    8774    8333    7497    
48     1880 7687    7516    7861    7231    7292    7822    8269    7619    6531    6303    7697    7890    7870    7277    8319    8113    8284    8410    7900    
48     1881 7751    7955    7532    7714    7905    7015    8395    7942    7257    7887    8570    7281    7330    6623    7103    8337    9039    7787    7842    
48     1882 7856    7826    7813    7577    7423    7759    8616    7361    7521    7377    7517    7377    7510    7694    8065    8723    8755    8367    7997    
48     1883 8088    8496    7691    8341    7990    7683    8105    8313    8754    8813    7860    7294    8070    7577    7413    7960    8361    7987    8710    
48     1884 7848    8074    7597    8142    7657    7613    8218    8013    7672    7671    8220    7097    8287    7242    7332    7443    8768    8423    8026    
48     1885 7587    8151    7017    7671    7559    6879    8085    7739    7204    8665    6630    7352    6607    7255    6768    7483    8042    8730    8503    
48     1886 7709    8222    7274    8469    6820    7693    7993    8624    8271    7210    6900    6352    8167    7052    7877    7317    8113    8547    8200    
48     1887 7501    7840    7060    7597    7298    6776    8264    7177    7393    7587    6180    8090    6457    6974    6887    7747    8787    8240    8432    
48     1888 7617    8230    7677    8288    7355    7584    8085    8090    8345    7494    8257    6345    7333    7706    7703    8760    7681    7827    5968    
48     1889 8017    7798    7640    7879    7500    7638    8074    8490    9318    7655    7473    7371    7863    7552    7506    8090    8287    7837    8865    
48     1890 7797    8006    7536    8151    7243    7686    8280    7090    8536    7468    7370    6897    7533    7823    7697    7903    7884    9067    8390    
48     1891 7715    8066    7622    8098    7517    7577    7842    8632    7182    7190    7997    7381    7237    7790    7694    7633    7745    8150    7903    
48     1892 7789    8177    7180    8460    7234    7091    8164    9232    8231    7803    7017    6874    7770    7442    6084    7930    7916    8653    8545    
48     1893 7325    8180    6629    8531    6368    6722    7943    9332    7629    6965    4757    7332    6577    7290    6294    7490    7329    9030    7861    
48     1894 7683    7844    7399    7771    7396    7184    8181    7461    8014    7423    6543    8194    7267    6968    7319    8093    8223    8227    8474    
48     1895 7633    8266    7018    8542    7464    7028    7265    8452    8718    7548    7247    7590    7573    6645    6884    6167    7500    8120    9213    
48     1896 8105    8078    7995    8490    7870    7904    8423    8690    7503    7403    8403    7819    7720    7594    8394    8043    7990    9250    8439    
48     1897 8035    8342    7971    8306    8039    7691    8319    8377    8079    7923    8017    8177    7400    7852    7813    8570    8555    7823    7826    
48     1898 7809    8091    7440    7937    7989    7312    7960    7119    8964    8335    7923    7706    7650    7668    6629    7077    8668    8113    7952    
48     1899 7387    7830    7252    7774    7372    6839    7501    8100    7218    6881    7903    7348    6847    7306    6365    7770    7352    7387    8165    
48     1900 7587    7749    7376    8031    7608    7182    7860    8477    7389    7681    7343    7790    7167    7068    7310    7577    7742    8267    7216    
48     1901 7750    7777    7395    7689    7255    7354    8335    7768    8125    7597    7467    6710    7300    7058    7703    8153    8458    8390    8313    
48     1902 7928    8246    7552    8390    7622    7225    8537    8129    8764    7474    7527    7861    7560    6737    7374    8250    8984    8363    8155    
48     1903 7384    7454    7596    6931    7122    7517    8184    6358    6211    6565    8040    6790    7530    7774    7248    8227    7339    9013    7506    
48     1904 7830    7910    7404    7685    7676    6914    8698    7297    8290    8077    7447    7497    7423    6145    7190    8770    9210    8097    8558    
48     1905 7851    8383    7383    8501    7571    6971    8327    8261    8704    7490    7687    7539    6790    6577    7539    8183    8465    8330    8716    
48     1906 7879    8260    7752    8266    7682    7832    7836    7623    8479    7971    7303    7758    8060    8139    7303    7953    7816    7740    8445    
48     1907 7707    8227    7403    8608    7455    7374    7596    8716    8668    8003    7860    6516    7663    7639    6829    7950    7148    7703    7897    
48     1908 7518    7551    7386    7649    7578    7052    7807    6761    8334    7519    8037    7194    6780    6935    7432    7957    7094    8393    7871    
48     1909 7659    7755    7380    8030    6760    7651    8170    8019    8218    7003    6167    7090    7717    7671    7568    8063    7616    8850    7987    
48     1910 7597    7854    7567    7771    7226    7513    8101    8171    7089    7371    7227    7081    7387    7548    7600    8573    8145    7583    7348    
48     1911 6984    7363    6772    7110    7317    6395    7092    7035    6929    7100    6973    7868    7420    5968    5829    6593    7655    7010    7429    
48     1912 7544    7390    7550    7529    7113    7460    8390    8219    6897    7084    7107    7148    7223    7377    7771    8683    8184    8310    6519    
48     1913 7550    7382    7674    7009    7071    7749    7935    7774    6704    6768    7273    7177    7793    7861    7594    8360    7242    8227    7787    
48     1914 7600    7694    7457    7587    7515    7508    8046    8626    6214    7942    6340    8226    7687    7590    7252    7623    8106    8407    7042    
48     1915 7606    7784    7292    7438    7507    6991    8387    8361    6854    7865    7460    7194    6383    6974    7597    8147    9113    7877    7358    
48     1916 7599    7826    7548    7525    7201    7642    7904    7797    7414    7374    7490    6748    7737    7803    7390    8143    7613    7967    7732    
48     1917 7692    7984    7142    8124    7437    7033    8054    8639    7989    7961    7833    6529    6277    7429    7368    7417    8235    8503    8126    
48     1918 7325    7473    7198    7157    6832    7300    8000    6523    6786    6629    7233    6645    7453    7235    7216    7420    8574    7987    8174    
48     1919 7719    8112    7270    8087    7575    7170    8034    8213    7850    7842    8123    6777    6827    7800    6871    7233    8635    8213    8235    
48     1920 7567    7728    7542    7562    7096    7529    8044    7794    6593    6842    7107    7339    7773    7165    7658    8227    8626    7260    8368    
48     1921 7360    7610    7299    8009    6760    7178    7560    7923    7707    5774    7537    6994    9087    5826    6684    7747    7435    7503    8219    
48     1922 7788    7737    7421    7976    7320    7200    8803    8110    7557    7571    7837    6568    7390    7013    7203    8563    9274    8557    7829    
48     1923 7814    8602    7105    8516    7527    6989    7757    9148    8575    8223    7663    6700    7880    6506    6610    7320    7894    8053    9258    
48     1924 7735    8121    7636    8518    7327    7735    8005    7313    9014    7248    7527    7213    7880    7345    7984    7877    8003    8137    7381    
48     1925 7721    7774    7389    7381    7714    7230    8381    7423    7336    8332    7480    7323    6760    7252    7665    7853    8165    9133    7910    
48     1926 7755    8215    7622    7763    7818    7820    7456    7694    7679    8690    7027    7713    8153    8216    7100    7517    7994    6840    8387    
48     1927 7865    7781    7650    8264    7454    7542    8133    8558    7804    7077    7810    7487    7383    7645    7594    7987    7965    8453    8619    
48     1928 7544    8049    7131    8129    7441    6597    7966    7977    7766    7510    7267    7542    6820    5887    7090    8207    7258    8457    8777    
48     1929 7443    7773    7470    7936    7493    7539    7232    8116    6804    7155    7603    7726    7747    7010    7868    6863    7352    7477    7529    
48     1930 7679    7367    7508    7232    7627    7301    7982    6568    7639    7668    7567    7645    6840    7348    7700    7943    8306    7687    9213    
48     1931 7862    8389    7436    8821    7229    7436    8125    8719    8500    7897    7107    6681    7037    7203    8055    8543    7810    8033    8797    
48     1932 7769    8123    7521    8529    7312    7485    8248    7819    9000    7332    7187    7413    7237    7984    7226    8077    8152    8520    7365    
48     1933 7987    7962    7661    7979    7741    7397    8115    8313    8289    7181    7847    8200    7713    7368    7119    7727    8058    8563    9494    
48     1934 7494    8403    7052    8560    7020    7212    7882    8297    7818    8135    6357    6545    7137    6835    7661    7783    7919    7943    7506    
48     1935 7632    7946    7120    8216    7480    6757    7867    9010    8121    7194    7993    7271    6700    6323    7245    7203    8687    7683    8174    
48     1936 7777    7628    8021    7564    7621    7812    8318    7116    7390    6703    7817    8348    8067    7832    7545    8530    8535    7880    7571    
48     1937 7718    7783    7609    7607    7424    7612    8023    7290    7996    7448    7767    7068    7407    7568    7855    8003    7777    8297    8187    
48     1938 7690    7750    7804    8079    7230    7863    7652    8381    7625    6239    8130    7352    7540    7865    8174    7767    7968    7210    8026    
48     1939 8148    7816    8094    7711    8299    7823    8624    7981    7064    8555    7330    8981    7707    7674    8084    8773    8906    8183    8419    
48     1940 8075    8283    7774    8375    7362    7946    8385    8739    7938    7487    7153    7439    7873    7961    8000    8213    8861    8063    9126    
48     1941 8554    8520    8442    8741    8322    8288    8956    8687    8375    7977    8513    8481    7873    8413    8565    8800    9261    8797    8881    
48     1942 8235    8982    7993    9152    8239    7885    8216    9255    9339    8387    8317    8016    7670    8087    7890    7977    7616    9077    7297    
48     1943 7681    7557    7486    7309    7168    7330    8405    7229    7411    6745    7330    7435    8153    7148    6716    8170    8297    8753    8810    
48     1944 8046    8558    7729    8541    7813    7791    8430    8068    8759    8681    7387    7358    7757    8003    7613    8263    8642    8377    7684    
48     1945 7763    8211    -999999 8134    -999999 7238    8092    8384    8357    7842    7203    -999999 6977    7032    7697    8167    7648    8477    8210    
48     1946 7835    8021    7478    8122    7233    7697    8057    7665    8532    7661    6250    7755    7960    7487    7652    7747    8503    7907    8919    
48     1947 7384    8252    6571    8511    7050    6691    7233    8390    8193    7584    6320    7223    6937    7000    6145    5780    7361    8553    9135    
48     1948 7540    7868    7686    8262    6811    8095    7689    7481    8162    6555    6767    7110    7670    8465    8135    7950    8048    7057    7094    
48     1949 7503    7295    7274    7104    7464    6939    8049    7526    6650    7323    6833    8216    7280    6258    7290    7770    7790    8597    8435    
48     1950 7639    7969    7285    7923    7427    6973    8266    8142    7114    7671    7797    6826    6373    6929    7597    8203    8510    8077    8371    
48     1951 7781    8249    7679    8214    7579    7792    8031    8165    8096    8255    6870    7590    8073    7542    7771    8233    8258    7593    6945    
48     1952 7925    8034    7302    8014    7727    6855    8408    8268    8886    8294    7337    7539    7363    6361    6858    8393    8394    8437    9026    
48     1953 7670    8242    7611    8822    6896    7897    7684    8842    8575    6219    7223    7255    8333    7939    7432    7490    8352    7187    7268    
48     1954 8073    7915    8005    8244    7751    8017    7788    8826    8682    7226    8327    7719    8087    8003    7965    7943    7794    7627    8723    
48     1955 8038    8105    7847    8408    7475    8104    8344    7742    8796    8003    7290    7126    7763    8632    7906    8360    8442    8227    8223    
48     1956 7957    8132    7737    8282    7435    7991    8264    8242    8390    7290    7837    7190    8547    7490    7955    7423    8268    9100    7816    
48     1957 7767    7772    7889    7492    7633    7730    8212    7139    7525    6803    8170    7942    7690    7600    7900    8037    7874    8737    7813    
48     1958 7932    7980    7621    7754    7753    7574    8610    7981    7439    8010    8237    7029    7513    7784    7423    7760    8516    9557    7935    
48     1959 7496    7965    7483    7366    7366    7814    7404    7758    6300    7616    6897    7571    7923    7471    8052    6960    7516    7733    8023    
48     1960 7797    7810    7762    7889    7720    7812    7605    7865    7772    7948    7820    7394    7870    7835    7732    7930    7294    7603    8497    
48     1961 7631    7636    7613    8008    7651    7495    7479    8206    7246    6929    7640    8384    7620    7471    7397    7153    7655    7623    8194    
48     1962 7585    7976    7134    8230    7442    7071    7703    7781    8768    7900    6470    7926    6950    7355    6903    7173    7919    8010    7923    
48     1963 7783    7759    7939    8036    7363    7809    7978    8629    7504    6555    7447    8090    7960    7435    8035    8677    8077    7177    7787    
48     1964 7889    7966    7271    7851    7864    7137    8654    7619    8166    8955    7320    7300    7583    6342    7500    7603    8987    9360    7965    
48     1965 8027    8419    7834    8198    7912    7684    8201    7926    8757    7584    7900    8252    7750    7887    7416    7800    8126    8680    8316    
48     1966 8007    8157    7896    7946    7825    8021    8175    8119    7343    8297    7563    7606    7600    8187    8261    8147    8242    8133    8503    
48     1967 7712    8050    7609    7968    7712    7541    7652    8116    7211    8016    7837    7287    7747    7265    7619    7920    7152    7900    8448    
48     1968 7993    7997    7831    8504    7414    8032    8088    8668    8390    7445    7013    7771    7843    7877    8368    8093    7865    8313    8271    
48     1969 7947    8142    7783    8120    7589    7941    7915    8010    8075    8316    7423    7023    8063    7806    7958    8440    7674    7640    8935    
48     1970 7993    8249    7796    8627    7996    7754    7777    7897    9093    8316    8040    7632    7383    7790    8077    7850    8045    7427    8432    
48     1971 7523    7706    7416    7702    7259    7514    7922    6406    8329    7648    6620    7487    8157    6723    7684    7837    7390    8557    7552    
48     1972 7777    7617    8078    7747    7630    7976    8123    8535    7114    6555    8463    7900    7980    8184    7765    8190    8026    8157    6465    
48     1973 7920    7930    7592    7902    7446    7803    8003    8797    8504    7697    7787    6865    7963    7974    7477    7500    8565    7927    8029    
48     1974 7896    8000    7655    8009    7411    7699    8419    7655    8379    7481    7050    7690    7853    7468    7781    8090    9003    8143    8194    
48     1975 7924    8104    7825    7776    7823    7984    8107    7787    7300    8123    7797    7548    8153    7829    7974    7650    8106    8563    8210    
48     1976 7485    8070    7036    8273    7015    6798    8000    8584    8007    6965    7010    7071    6110    6561    7700    7757    7748    8503    7816    
48     1977 7713    7845    7740    7953    7484    7617    7937    8310    7711    6987    8217    7271    7420    7326    8100    8127    7642    8053    7429    
48     1978 7795    7919    7581    8018    7627    7505    8005    8265    8396    7777    7177    7913    7180    7529    7797    7877    8603    7517    7519    
48     1979 7856    8098    7595    8249    7408    7776    7999    8468    8814    7719    7927    6594    7847    7623    7861    7743    7565    8703    7532    
48     1980 7829    7955    7750    7886    7888    7716    7699    8626    7472    7826    8363    7490    7750    8006    7394    7507    7823    7763    7903    
48     1981 7713    7808    7462    8082    7113    7427    8037    8345    7989    7042    6793    7494    7337    7677    7265    8203    7981    7930    8513    
48     1982 7559    7885    7385    8004    7116    7535    7725    7858    7604    7397    7117    6835    7280    7319    7997    7763    8135    7263    8113    
48     1983 7383    7746    7195    7809    7412    7083    7547    7284    8054    7639    7207    7384    7397    5994    7868    7330    7529    7783    7203    
48     1984 7587    7717    7542    7823    7410    7468    7357    7603    8721    7529    7047    7642    7347    7365    7690    8157    7471    6440    8058    
48     1985 7573    7680    7234    8088    7453    7246    7933    8248    7943    7903    6887    7552    7467    7090    7187    7217    7897    8687    6839    
48     1986 7654    8053    7486    8002    7666    7341    7423    8287    8975    7742    7770    7490    7400    7187    7439    7643    7797    6817    7400    
48     1987 7880    7874    7557    8179    7658    7775    7803    8916    8225    8087    6703    8152    7800    7874    7652    7130    7848    8430    7726    
48     1988 7769    7897    7399    7521    7666    7355    8126    7055    7800    8532    7277    7177    7603    7119    7352    7887    8048    8447    8932    
48     1989 7213    7713    7450    7741    6996    7337    7597    7271    6943    6587    7870    6558    7267    7487    7255    8300    7039    7470    6552    
48     1990 7311    6765    7259    6443    7153    7014    7986    6355    6421    6745    8197    6552    7807    6745    6516    7803    7445    8727    8435    
48     1991 7687    7997    7350    7986    7652    7259    7858    7958    7518    7874    7337    7735    7470    7406    6906    7243    8439    7873    8445    
48     1992 7520    7894    7137    7825    7039    7152    8288    7484    7528    7571    7357    6200    7590    7523    6358    7840    8723    8287    7816    
48     1993 7645    7890    7343    7656    7058    7514    8313    7429    7729    7352    6797    7016    7507    7645    7390    7700    8297    8943    7955    
48     1994 7714    8046    7429    7907    7553    7008    8213    8213    7514    7332    7783    7552    7083    6781    7161    8240    7681    8737    8500    
48     1995 7862    7988    7701    8046    7501    7740    8063    7948    7650    7403    7863    7248    8267    7074    7897    7887    8235    8060    8806    
48     1996 7930    8274    7691    8381    7818    7509    8216    8239    8079    8206    7287    7945    7250    7194    8074    8390    8142    8120    8216    
48     1997 7528    7835    7303    7627    7136    7584    7796    7639    6961    7858    6967    6577    7817    7955    6987    7530    8039    7810    8142    
48     1998 7461    7658    7162    7501    7043    7068    8423    7523    6768    7587    6927    6613    6820    7526    6852    8250    8281    8743    7610    
48     1999 7681    7909    7567    7630    7643    7485    7891    6629    8761    7539    7767    7629    7660    7326    7474    7553    7813    8310    7835    
48     2000 7424    7964    7085    7979    7125    7008    7841    8265    7828    7739    6587    7032    6483    7697    6826    7873    8106    7533    7103    
48     2001 7651    7681    7314    7453    7520    6999    8048    7610    7668    8061    7667    6835    7180    6690    7132    8423    7016    8740    8839    
48     2002 7453    7545    7416    7591    6997    7373    7955    6506    7411    6781    7003    7206    6710    7513    7874    8180    7710    7983    8561    
48     2003 7155    7806    6705    8319    6743    6320    7758    8477    7875    6242    6640    7345    6550    6645    5771    7293    8345    7617    7106    
48     2004 7611    7800    7322    7793    7303    7292    7966    8700    7559    7452    7017    7432    7473    7252    7158    7603    7768    8533    7390    
48     2005 7783    7898    7534    7790    7389    7584    7877    7448    8611    7729    7240    7194    6767    7590    8368    8027    7558    8057    8855    
48     2006 7485    8063    7392    8186    7774    7217    7363    7352    8368    8216    7960    7152    6913    6384    8345    7607    7481    6997    7116    
48     2007 7664    7586    7164    7759    6740    7418    8588    8306    7864    7761    5597    6826    7363    7161    7729    8300    8771    8687    7600    
48     2008 7559    7649    7562    6935    7309    7616    8120    6697    6479    7616    7847    6481    7643    7532    7674    8230    8203    7923    8361    
48     2009 7834    8226    7434    8217    7337    7590    8116    7910    8396    8571    6167    7235    7950    7410    7423    8427    8500    7410    8623    
48     2010 8081    8182    7858    8620    7718    7765    8280    9239    7932    7342    6987    8803    7770    7306    8219    8040    8203    8600    8490    
48     2011 7534    8086    7293    8240    6620    7700    7579    8519    7654    7023    6170    6652    7953    7932    7223    7830    8084    6807    8532    
48     2012 7822    7990    7472    8670    7011    7535    8124    8829    8648    7045    7363    6635    7653    7758    7197    8253    8242    7873    8410    
48     2013 8120    8490    7874    8910    8267    7315    8642    8929    9443    8116    8130    8552    7953    6610    7403    8630    8216    9093    6539    
48     2014 7854    7604    7833    7148    7367    7670    8482    7784    7118    6877    7440    7787    6707    7952    8319    8773    8523    8150    8735    
48     2015 7331    8114    7126    8288    7126    6842    7891    8297    7782    7168    6363    7823    7597    6277    6677    8037    8716    6893    6371    
48     2016 7857    7713    7699    7556    7750    7763    8213    8306    8021    7965    7617    7665    8073    7516    7710    7623    8687    8313    6810    
48     2017 7510    7847    7214    7561    7338    6924    7775    8042    7861    7384    7737    6906    6603    7068    7090    7900    7245    8197    8129    
48     2018 7406    7960    6828    8239    6980    6773    7585    7929    8704    7639    5730    7532    7310    6419    6606    7367    7303    8093    8332    
48     2019 7361    7596    7236    7799    7283    6874    7892    8642    6275    6819    7053    7968    6450    6677    7481    7773    7565    8350    7184    
48     2020 -999999 7370    7157    7010    6617    7403    -999999 6916    6924    7284    5340    7187    7940    6981    7306    8187    8048    -999999 -999999 
