EUROPEAN CLIMATE ASSESSMENT & DATASET (ECA&D), file created on: 16-11-2020
THESE DATA CAN BE USED FOR NON-COMMERCIAL RESEARCH AND EDUCATION PROVIDED THAT THE FOLLOWING SOURCE IS ACKNOWLEDGED: 

Klein Tank, A.M.G. and Coauthors, 2002. Daily dataset of 20th-century surface
air temperature and precipitation series for the European Climate Assessment.
Int. J. of Climatol., 22, 1441-1453.
Data and metadata available at http://www.ecad.eu

FILE FORMAT (MISSING VALUE CODE = -999999):

THIS FILE HOLDS DATA FOR STATION NORWAY                                   OSLO BLINDERN                            (STAID:    193)
LATITUDE: dd:mm:ss +59:56:34
LONGITUDE: ddd:mm:ss +010:43:14
ELEVATION: m   94

DATA IS FOR INDEX Mean of daily average relative humidity (RH) with unit 0.01 Relative humidity (%)

01-06 SOUID: Source identifier
08-11 YEAR : YYYY
13-20 ANNUAL DATA VALUES
21-28 WINTER HALF YEAR DATA VALUES
29-36 SUMMER HALF YEAR DATA VALUES
37-44 WINTER (DJF) DATA VALUES
45-52 SPRING (MAM) DATA VALUES
53-60 SUMMER (JJA) DATA VALUES
61-68 AUTUMN (SON) DATA VALUES
69-76 JANUARY DATA VALUES
etc. 
157-164 DECEMBER DATA VALUES

193    1951 7693    -999999 7088    -999999 6898    7073    8311    8787    8768    7381    7133    6187    6313    6803    8077    8020    8661    8240    8019    
193    1952 7373    7886    6835    7866    6718    6777    7909    7913    7652    6829    7163    6177    6777    6384    7171    7363    7923    8440    8716    
193    1953 7589    7932    7205    8146    6795    7260    8131    8261    7386    6829    6720    6832    7113    7445    7216    7907    8200    8283    8848    
193    1954 7839    8266    7425    8238    7212    7698    8380    7655    8207    8400    6403    6806    7323    7668    8090    8250    8277    8617    8387    
193    1955 7029    7941    6364    8187    6333    5866    7853    8490    7629    6235    6397    6368    5817    5242    6539    7853    7748    7960    8126    
193    1956 7351    7828    6808    8024    6372    6951    7999    8352    7566    7203    5907    5990    6913    6419    7519    8113    7503    8397    8339    
193    1957 7777    8140    7187    8432    6922    7310    8420    8384    8589    7681    6493    6577    6567    7858    7481    8137    8468    8653    8477    
193    1958 7765    8071    7383    8223    6754    7400    8749    8613    7511    6668    7013    6590    6833    7145    8203    8520    8381    9360    8335    
193    1959 7533    8451    6494    8236    7318    6183    8255    8213    8150    8265    7743    5961    5773    6494    6268    6750    8984    9007    8816    
193    1960 7754    8310    7319    8231    6685    7650    8516    7474    8414    7197    6443    6406    7060    7771    8100    8120    8510    8920    8665    
193    1961 7954    8518    7252    8954    6698    7243    8763    9006    9218    6868    6603    6619    6607    7255    7848    8583    8974    8723    9226    
193    1962 7600    8379    7228    8660    6839    7155    8098    9242    7389    6632    6633    7245    6427    7316    7700    8027    8016    8253    8265    
193    1963 7445    7674    7314    7624    7217    7172    7830    7294    7282    6916    7367    7374    6617    6748    8132    7633    7968    7883    8103    
193    1964 7915    7896    7561    8166    7157    7572    8488    8445    7934    7045    7543    6894    7457    7713    7542    8237    8845    8370    8955    
193    1965 7849    8130    7639    8128    7015    7696    8601    8497    6804    7187    7543    6332    7603    7339    8142    8913    8555    8337    8865    
193    1966 7820    8607    7146    8806    7680    6999    8037    8819    8725    8345    7897    6806    6547    6910    7526    7200    8687    8203    8213    
193    1967 7553    8058    7214    8027    7113    6972    8434    7848    8018    7381    6273    7658    6297    6897    7700    8440    8252    8617    7287    
193    1968 6925    7545    6503    7256    6258    6452    7480    7252    7228    6652    5887    6223    6267    6429    6655    7567    7416    7460    8074    
193    1969 7015    7367    6589    7771    6347    6407    7547    8210    6950    6055    6723    6274    5957    6874    6374    7340    7674    7623    8103    
193    1970 7417    7740    6923    7900    6823    6959    8048    7916    7657    7452    7163    5865    6090    7626    7132    7670    7977    8500    7968    
193    1971 7314    8043    6835    8132    6937    6711    7559    8790    7586    7406    6523    6868    6650    6455    7026    7493    7284    7910    7784    
193    1972 7318    7703    6655    7969    6708    6723    7529    8223    7897    7139    6497    6481    7160    6342    6681    6787    7842    7947    8829    
193    1973 7468    8079    6989    8434    6925    6975    7779    8752    7646    7413    6377    6968    6383    7403    7119    7667    8068    7593    8181    
193    1974 7744    8138    7010    8673    6375    7161    8558    9158    8682    7184    6077    5855    6457    7310    7694    8673    8161    8853    8887    
193    1975 7439    8472    6813    8734    6912    6877    7818    8535    8786    7652    6360    6706    6973    7303    6358    7177    7423    8867    7252    
193    1976 7195    7721    6438    7766    6492    6208    8219    7590    8503    6781    6330    6361    6200    6145    6277    7330    8761    8547    7590    
193    1977 7030    7948    6315    7591    6575    6335    7571    7868    7286    7590    6443    5687    6193    6194    6613    6773    8329    7587    7787    
193    1978 6964    7826    6372    7808    6278    6579    7300    7597    8064    7610    5533    5668    6123    6877    6723    7303    7610    6977    7529    
193    1979 7190    7309    6772    7306    6980    6685    7740    7432    6918    7342    6710    6881    6287    6658    7097    6990    7939    8283    7703    
193    1980 7054    7517    6796    7515    5828    7085    7802    7281    7566    6361    5633    5484    7140    6865    7252    8427    7474    7517    7694    
193    1981 7254    7320    6923    7266    6355    7172    8202    6913    7182    7135    5433    6468    7157    7468    6890    8120    8645    7827    7790    
193    1982 7410    8114    6674    8104    7002    6497    7879    7832    8754    7890    6280    6813    6277    6384    6823    7467    8010    8157    8316    
193    1983 7078    7723    6772    7612    7292    6245    7338    7439    7025    7339    7237    7300    6363    6052    6323    7377    7190    7453    7842    
193    1984 7245    7507    6634    8022    6361    6529    7876    7842    8407    6361    6720    6013    6193    6481    6903    7510    7671    8453    8455    
193    1985 7122    8027    6692    8257    6559    7021    6848    7968    8357    7306    6400    5965    6877    6923    7258    6727    7177    6630    7935    
193    1986 6909    7372    6319    7431    6905    6262    7304    7471    6829    8113    6143    6435    5817    5948    7006    6550    7565    7790    7194    
193    1987 6892    7210    6291    7027    5945    6436    7863    6658    7250    6826    5740    5261    7417    5216    6706    7463    7684    8447    8113    
193    1988 6712    7902    5964    8276    5658    6164    6976    8677    8021    6494    5063    5397    4897    6748    6806    6837    7061    7027    7503    
193    1989 6735    7245    6059    7333    6175    6121    7281    7439    7029    7384    5890    5242    5807    5403    7142    6883    7374    7583    7648    
193    1990 6935    7407    6087    7866    5603    6213    7830    7935    8029    5935    6007    4881    5873    5739    7016    7030    8297    8147    8413    
193    1991 7444    8216    6697    8214    6574    7272    7862    8826    7318    8210    6493    5016    7650    7110    7068    6873    7955    8753    8042    
193    1992 7454    8011    6804    7963    6861    6584    8146    7990    7848    7494    7010    6084    5390    6535    7787    8017    7684    8753    8861    
193    1993 7116    7787    6369    8043    5973    6537    8058    7565    7668    6210    5900    5806    5293    7087    7190    6907    8306    8953    8516    
193    1994 7325    8192    6497    8326    6278    6455    8063    8561    7854    6955    6843    5055    6270    5997    7094    7770    7810    8617    9139    
193    1995 7141    8203    6468    8527    6484    6416    7520    8529    7846    7255    6193    5994    6647    6526    6084    7390    7716    7447    8106    
193    1996 7737    7648    7373    7923    7221    7209    8392    8229    7400    6968    7353    7345    7333    7071    7226    7923    8642    8603    8735    
193    1997 7384    8169    6799    8439    6361    6897    7829    8668    7857    6490    5617    6952    6827    6694    7168    7527    7535    8433    8845    
193    1998 7747    7990    7479    8343    6955    7547    8373    8197    7950    6987    7693    6210    7513    7781    7345    8370    8152    8603    8216    
193    1999 7855    8354    7443    8286    7590    7379    8330    8771    7825    8516    7523    6729    7937    7290    6929    8293    8252    8447    7774    
193    2000 7544    7828    7027    7987    6821    6886    8277    7890    8317    6342    7660    6487    6380    7010    7252    7387    8545    8890    8419    
193    2001 7189    8147    6691    8089    6629    6630    7577    8639    7114    7197    7170    5539    5960    6674    7235    7587    8235    6887    7990    
193    2002 7159    7609    6571    8002    6538    6471    7516    8494    7471    6542    6870    6213    6013    7135    6248    6950    7490    8110    8381    
193    2003 7161    7994    6410    8338    6635    6291    7666    8168    8479    7387    5580    6903    6113    6761    5994    7097    7271    8643    7619    
193    2004 7002    7729    6272    7902    6057    6350    7580    8584    7476    6794    6337    5048    6213    6568    6265    7233    7919    7577    8023    
193    2005 6939    7403    6360    7368    6375    6215    7778    7316    6700    6823    5810    6474    5663    6129    6835    7233    8152    7937    8132    
193    2006 7535    8000    6790    8331    6766    6568    8251    8739    8100    6948    7603    5774    6267    6329    7100    7703    8555    8483    8865    
193    2007 7159    8137    6490    8278    6383    6634    7404    7926    8018    6977    5653    6494    5867    7252    6758    6883    7797    7520    8758    
193    2008 7208    7861    6536    8267    6511    6371    7733    8200    7814    7065    6917    5565    5540    6239    7306    7663    7884    7647    8668    
193    2009 7433    8076    6700    8504    6790    6720    7785    8384    8457    7442    6963    5971    5293    7342    7477    7130    7623    8607    8552    
193    2010 7431    8123    6893    8336    6709    7104    7743    8323    8111    7539    6503    6077    6333    7200    7755    7480    7935    7807    8123    
193    2011 7637    7893    7195    8264    6588    7377    8327    8477    8186    6855    6407    6497    7140    7252    7732    8147    8068    8777    8155    
193    2012 7414    7862    6919    8026    6175    7282    8155    8210    7693    6290    6327    5913    6720    7497    7610    7437    8119    8910    8258    
193    2013 7398    7916    6935    8294    6328    6911    8030    8432    8182    5655    6317    7013    7030    6232    7474    7547    8297    8237    8419    
193    2014 7562    8199    6681    8596    6530    6643    8305    8361    9050    6913    6183    6484    5903    6419    7584    7497    8626    8783    9026    
193    2015 7524    8465    6797    8674    6675    6763    8236    8652    8311    7390    5613    6987    6183    7032    7055    7890    7939    8890    8377    
193    2016 7542    8215    7027    8199    7055    7037    7837    8313    7886    7884    6940    6339    6307    7252    7529    7793    7461    8270    8529    
193    2017 7677    8113    7142    8572    6873    7063    8212    8690    8489    7281    6493    6832    6750    6581    7848    8350    7881    8417    8568    
193    2018 7094    8021    6174    8439    6199    5955    7847    8710    7996    6565    6320    5716    5440    5474    6935    7173    7616    8760    8490    
193    2019 7428    7924    6699    8120    5964    7183    8220    7565    8325    6855    4543    6448    7133    6552    7861    7630    8419    8603    9229    
193    2020 -999999 8232    6487    8390    5974    6899    -999999 8371    7514    7219    5353    5329    6260    7106    7310    7557    8384    -999999 -999999 
