EUROPEAN CLIMATE ASSESSMENT & DATASET (ECA&D), file created on: 16-11-2020
THESE DATA CAN BE USED FOR NON-COMMERCIAL RESEARCH AND EDUCATION PROVIDED THAT THE FOLLOWING SOURCE IS ACKNOWLEDGED: 

Klein Tank, A.M.G. and Coauthors, 2002. Daily dataset of 20th-century surface
air temperature and precipitation series for the European Climate Assessment.
Int. J. of Climatol., 22, 1441-1453.
Data and metadata available at http://www.ecad.eu

FILE FORMAT (MISSING VALUE CODE = -999999):

THIS FILE HOLDS DATA FOR STATION GERMANY                                  HAMBURG FUHLSBUETTEL                     (STAID:     47)
LATITUDE: dd:mm:ss +53:38:06
LONGITUDE: ddd:mm:ss +009:59:24
ELEVATION: m   11

DATA IS FOR INDEX Mean of daily average relative humidity (RH) with unit 0.01 Relative humidity (%)

01-06 SOUID: Source identifier
08-11 YEAR : YYYY
13-20 ANNUAL DATA VALUES
21-28 WINTER HALF YEAR DATA VALUES
29-36 SUMMER HALF YEAR DATA VALUES
37-44 WINTER (DJF) DATA VALUES
45-52 SPRING (MAM) DATA VALUES
53-60 SUMMER (JJA) DATA VALUES
61-68 AUTUMN (SON) DATA VALUES
69-76 JANUARY DATA VALUES
etc. 
157-164 DECEMBER DATA VALUES

47     1891 8030    -999999 7379    -999999 7365    7600    8286    8939    8900    8406    7137    6545    7007    7632    8142    7803    8194    8863    8839    
47     1892 7910    8514    7172    8758    6859    7314    8580    8997    8417    7777    6390    6394    7450    7239    7258    8320    8342    9087    9271    
47     1893 7689    8705    6766    9097    6612    6799    8423    9139    8857    7565    5857    6390    6200    7019    7158    7960    8506    8800    8865    
47     1894 7901    8436    7337    8599    6949    7665    8344    8565    8343    7539    6760    6542    7640    7423    7932    7730    8535    8760    9058    
47     1895 8174    8783    7552    9020    7424    7673    8684    9103    8886    8365    7183    6716    6983    7916    8097    8417    8632    9003    8816    
47     1896 8045    8705    7423    8879    7539    7250    8422    9306    8490    7977    8023    6632    6683    7248    7800    8173    8545    8543    9116    
47     1897 8001    8780    7332    9072    7572    7216    8334    9197    8886    8397    7433    6881    6383    7452    7787    8053    8468    8477    8629    
47     1898 8484    8668    8119    8783    8177    8125    8813    9165    8532    8719    7757    8042    7533    8697    8126    8543    8994    8897    8771    
47     1899 7938    8787    7278    8896    7629    6927    8421    9010    8907    8161    7510    7213    6783    7106    6887    8190    8306    8770    8487    
47     1900 7945    8587    7186    8857    7171    7213    8392    9181    8907    7910    7540    6074    7140    7145    7352    7897    8313    8970    8997    
47     1901 7994    8745    7183    8866    7607    7216    8277    8697    8907    8610    7360    6842    7347    6719    7587    7257    8732    8827    9094    
47     1902 8321    8791    7984    8904    8008    8192    8248    8939    8657    8484    7413    8106    7473    8319    8761    7787    8397    8557    8926    
47     1903 8069    8405    7640    8648    7588    7520    8525    8729    8250    7561    7940    7274    6807    7558    8171    8090    8510    8977    8965    
47     1904 7730    8574    6947    8775    7295    6707    8191    8839    8503    7661    7457    6771    6693    6545    6881    7357    8355    8857    8874    
47     1905 7802    8490    7097    8656    7084    7078    8311    8384    8714    7790    7453    6019    6653    7300    7268    7913    8410    8607    9177    
47     1906 7801    8616    7052    8900    7166    7091    8149    8848    8650    8006    6483    6987    6920    6974    7374    7567    8158    8723    8952    
47     1907 8265    8513    7699    8757    7014    8218    9020    8674    8632    7955    6420    6648    7953    7955    8739    8470    9255    9327    9165    
47     1908 8393    8947    8170    8974    8091    8189    8386    8990    8752    8194    7997    8081    7540    8290    8716    8377    8361    8420    8987    
47     1909 8565    8801    8097    9091    7802    8351    9023    9158    9132    8765    7547    7087    8100    8355    8590    8913    8984    9173    9019    
47     1910 8312    8864    8026    9028    7742    8043    8553    9310    8725    7968    7720    7539    7620    8397    8100    8780    8329    8557    8719    
47     1911 7484    8377    6591    8538    7034    6427    7849    8635    8229    7784    6933    6381    6557    6535    6194    6970    7790    8790    9061    
47     1912 7732    8440    6992    8653    7124    7059    8184    8245    8652    8126    6473    6752    7010    6606    7558    7553    8213    8783    8835    
47     1913 7517    8215    6848    8330    6597    7136    8011    8271    7836    7335    6230    6213    6527    7245    7616    7237    8135    8657    8884    
47     1914 7709    8462    6919    8593    7229    7013    8149    8594    8271    8216    6800    6658    6857    6945    7232    7017    8632    8783    8513    
47     1915 7712    8536    6990    8496    7237    7086    7955    8629    8329    8319    6933    6448    6000    7394    7829    7310    8226    8320    8790    
47     1916 7962    8472    7439    8620    7489    7653    8033    8710    8341    8429    6967    7055    7417    7726    7810    7650    8016    8433    8974    
47     1917 7697    8587    6739    8900    7067    6591    8357    8794    8936    8400    7167    5639    5730    6790    7226    7900    8303    8870    8690    
47     1918 7893    8519    7248    8741    7180    7286    8241    8819    8711    7752    7943    5871    6780    7258    7803    7857    8216    8650    9119    
47     1919 7974    8596    7321    8798    7247    7742    8223    8574    8689    8335    7473    5939    7377    7794    8045    7303    8535    8820    8842    
47     1920 7835    8521    7438    8727    7587    7109    7896    8813    8514    7610    7747    7410    6433    7213    7658    8170    7403    8130    8932    
47     1921 7449    8171    6651    8669    6839    6630    7737    8787    8246    7532    6767    6216    7010    6235    6658    7050    7871    8287    8784    
47     1922 7750    8412    7074    8748    7058    7134    8070    8768    8686    8097    6943    6129    6590    7348    7445    8000    7665    8560    8826    
47     1923 7968    8285    7481    8588    7418    7450    8402    8565    8350    7761    6703    7768    7767    6868    7726    8057    8326    8827    8926    
47     1924 7964    8534    7437    8766    7634    7207    8281    8816    8541    7777    7767    7361    6993    6881    7739    7893    8406    8540    8868    
47     1925 7659    8490    6814    8666    6893    6767    8297    8732    8368    8013    6433    6219    6547    6252    7497    7953    8135    8807    8994    
47     1926 8044    8650    7425    9042    7387    7421    8331    8910    9243    7874    7087    7190    7510    7239    7516    8020    8348    8623    9048    
47     1927 8013    8530    7408    8784    7404    7470    8403    8852    8418    7881    7507    6829    7273    7329    7800    7720    8377    9113    9084    
47     1928 7933    8601    7308    8886    7416    7226    8219    9081    8466    7494    7737    7029    6980    7216    7474    7417    8348    8887    9081    
47     1929 7730    8565    6964    8476    7502    6930    8182    8565    7707    8729    7467    6310    6880    7055    6855    7240    8523    8773    8642    
47     1930 8110    8551    7487    8648    7710    7073    8854    8794    8493    8081    7743    7306    6217    7087    7887    8687    8800    9077    9168    
47     1931 8054    8762    7524    9031    7339    7532    8443    9042    8868    7639    7307    7071    7140    7852    7590    8187    8429    8713    8865    
47     1932 7747    8345    7157    8589    7133    6837    8502    8942    7917    7187    7233    6981    6223    6977    7290    8247    8655    8600    8697    
47     1933 7664    8385    7000    8572    7022    6974    8134    8568    8439    7361    6927    6774    6427    7242    7235    7387    8229    8783    8632    
47     1934 7810    8523    6760    8713    7012    6720    8605    8806    8700    8013    6633    6377    6227    6381    7535    7407    9106    9287    9274    
47     1935 8287    8854    7841    8913    7461    7966    8907    9181    8218    8010    7597    6781    7810    8029    8055    8797    8797    9130    9042    
47     1936 8286    8824    7800    8881    8174    7625    8503    8868    8724    8387    8093    8039    6717    7884    8245    7797    8690    9017    8945    
47     1937 8477    8793    8117    8806    8326    8059    8643    8413    9086    8642    8623    7723    7697    8181    8287    8200    8735    8990    9197    
47     1938 8192    8805    7559    9008    7495    7629    8749    9094    8704    8106    7457    6919    7647    7832    7410    8107    8910    9227    8926    
47     1939 8110    8900    7546    8959    7854    7374    8334    9123    8814    8403    8030    7135    6800    7339    7965    8013    8426    8560    8752    
47     1940 8024    8480    7550    8469    7659    7572    8370    8535    8097    8490    7380    7097    6873    7732    8087    8123    8103    8893    8852    
47     1941 8023    8497    7520    8600    7613    7454    8355    8168    8800    8210    7757    6877    6997    7158    8194    8150    8542    8367    9110    
47     1942 8043    8513    7480    8699    7385    7537    8638    8290    8696    8087    7063    6994    7183    7787    7629    8223    8671    9020    8916    
47     1943 8080    8499    7673    8816    7076    7797    8545    8803    8718    6906    7727    6616    7880    7594    7919    8330    8190    9127    9232    
47     1944 8223    8767    7626    8999    7824    7530    8665    9090    8652    8313    7583    7568    7603    7703    7287    8020    8816    9153    8897    
47     1945 8351    8869    7821    8958    7917    7812    8745    8890    9100    8390    7827    7532    7443    7819    8161    8143    8819    9270    8865    
47     1946 8216    8808    7763    8772    7898    7659    8521    8506    8964    8455    7773    7461    7723    7442    7813    8387    8281    8903    8955    
47     1947 7967    8596    7336    8600    7620    7342    8335    8581    8229    8603    7577    6677    7323    7623    7081    7757    8210    9043    8916    
47     1948 8090    8561    7622    8684    7500    7687    8554    8981    8117    8084    7080    7323    7317    7797    7935    8277    8603    8780    8761    
47     1949 8232    8598    7887    8750    7792    7909    8484    8645    8854    7977    7803    7597    7757    8139    7826    8207    8274    8977    8787    
47     1950 8195    8579    7743    8606    8045    7463    8645    8506    8514    8423    7940    7768    7020    7606    7748    8380    8523    9037    8894    
47     1951 8123    8657    7663    8827    7443    7760    8457    8887    8686    7929    7220    7174    7387    7884    7997    8317    8048    9020    8965    
47     1952 8249    8497    7820    8919    7302    7935    8789    8987    8797    7200    7250    7455    7830    7777    8194    8417    8742    9210    9152    
47     1953 8133    8802    7578    9051    7351    7666    8547    9113    8871    7742    6870    7426    7590    7590    7816    8170    8761    8703    8971    
47     1954 8003    8407    7640    8271    7330    7932    8500    8174    7604    8158    7167    6661    7253    8197    8323    8233    8723    8537    8942    
47     1955 8127    8550    7690    8632    7673    7670    8547    8535    8396    8152    7653    7213    7497    7668    7839    8283    8668    8687    8945    
47     1956 7996    8445    7657    8597    7402    7793    8330    8548    8276    7545    7640    7029    7667    7500    8210    7907    8548    8527    8565    
47     1957 7936    8398    7491    8542    7280    7486    8368    8571    8486    7703    7227    6910    6863    7513    8061    8370    8542    8187    8819    
47     1958 8219    8377    7855    8582    7640    7987    8600    8510    8400    7803    7527    7587    7673    8145    8132    8057    8648    9093    9055    
47     1959 7717    8616    7125    8828    7224    7042    7932    8600    8829    7510    7463    6706    6430    6913    7765    7470    7368    8977    8668    
47     1960 8135    8251    7726    8521    7400    7870    8623    8603    8276    7639    7257    7300    7263    7832    8494    8197    8868    8797    9068    
47     1961 8277    8734    7934    8793    7973    7872    8620    8448    8871    8368    7420    8113    7323    8016    8258    8453    8471    8940    8668    
47     1962 8403    8633    8189    8642    8303    8102    8603    8900    8329    8471    8363    8077    7403    8400    8481    8393    8571    8847    8577    
47     1963 8058    8524    7596    8518    7749    7395    8523    8326    8664    8181    7550    7510    6977    7190    8003    8350    8487    8733    8758    
47     1964 8039    8437    7580    8498    7538    7657    8437    8835    7859    7923    7550    7142    7210    7919    7826    7827    8629    8850    8858    
47     1965 8186    8517    7887    8583    7878    7809    8395    8729    8118    7890    8210    7545    7390    8135    7887    8157    8468    8557    9129    
47     1966 8188    8584    7797    8744    7801    7800    8543    8674    8396    8261    8170    6984    7520    7865    8006    8257    8590    8780    8771    
47     1967 8027    8521    7622    8572    7575    7578    8388    8810    8089    8055    7663    7010    7193    7577    7952    8350    8271    8547    8803    
47     1968 8003    8401    7498    8630    7317    7411    8592    8642    8431    7716    6707    7510    7023    7516    7681    8543    8590    8643    9029    
47     1969 7839    8738    7166    9092    7557    7003    7886    9242    8996    7948    7300    7413    6860    7268    6877    7277    8423    7940    8574    
47     1970 7992    8348    7583    8522    7946    7347    8149    8481    8511    8165    8300    7384    6667    7787    7565    7793    8297    8353    8619    
47     1971 7708    8260    7223    8349    7197    7232    8042    8177    8239    7874    7253    6465    7403    6971    7326    7950    7719    8467    8710    
47     1972 7811    8139    7463    8480    7221    7418    8340    8284    8445    7242    7393    7032    7073    7629    7542    8117    8177    8730    8116    
47     1973 7976    8456    7333    8637    7666    6983    8397    9097    8704    7945    7863    7197    6663    7384    6890    8017    8603    8563    8826    
47     1974 7961    8398    7517    8609    7115    7777    8357    8810    8146    7423    6630    7277    7513    7981    7829    7857    8713    8490    8835    
47     1975 7881    8494    7284    8497    7857    6916    8345    8274    8368    8271    7880    7419    6637    7216    6887    7677    8655    8693    8623    
47     1976 7782    8507    7067    8630    7368    6713    8464    8716    8545    7819    7290    6994    6697    6229    7213    8003    8700    8680    8529    
47     1977 7943    8501    7446    8613    7305    7589    8252    8748    8557    7800    7607    6519    7443    7510    7810    7803    8468    8477    8616    
47     1978 8054    8469    7505    8511    7476    7426    8742    8642    8250    8342    7597    6494    6917    7487    7858    8700    8613    8917    8848    
47     1979 7981    8678    7574    8734    7750    7551    7941    8868    8461    8348    7803    7100    7247    7681    7716    7907    7377    8557    8745    
47     1980 8044    8313    7648    8742    7197    7966    8252    8713    8769    7755    7480    6365    7570    8358    7958    8167    8277    8310    8835    
47     1981 8204    8527    7687    8748    7511    7915    8562    8945    8432    8345    6870    7297    7990    7874    7884    8207    8713    8760    9126    
47     1982 8041    8687    7422    8891    7565    7334    8359    9097    8404    8000    7233    7452    7360    7065    7577    7850    8781    8433    9235    
47     1983 7875    8634    7268    8771    8035    6705    8227    8735    8296    8281    8013    7810    6797    6571    6752    7687    8284    8710    8594    
47     1984 8126    8397    7798    8653    7329    7927    8508    8816    8541    7455    6947    7574    8190    7894    7706    8483    8645    8390    8877    
47     1985 8118    8537    7643    8562    7852    7510    8593    8703    8057    8497    7873    7187    7477    7335    7716    8290    8671    8817    8790    
47     1986 7846    8500    7336    8491    7447    7155    8340    8781    7839    8048    7347    6942    6847    7171    7439    8287    8268    8467    8703    
47     1987 8122    8299    7863    8467    7502    7997    8430    8484    8186    7681    7377    7445    8137    7610    8248    8370    8016    8917    9016    
47     1988 7856    8569    7271    8751    7070    7601    8148    8835    8376    8255    6643    6297    7713    7629    7465    7893    8184    8367    8619    
47     1989 7588    8275    6909    8470    7059    6732    8095    8610    8150    7713    7403    6071    6097    6794    7284    7827    8213    8240    8684    
47     1990 7719    8182    7238    8304    7057    7288    8292    8406    7771    7742    7073    6355    7687    7184    7006    8163    7739    8993    8548    
47     1991 7714    8173    7277    8227    7313    7253    8066    8058    8057    7655    7027    7248    7343    6955    7465    7630    7948    8623    8581    
47     1992 7559    8348    6738    8544    7243    6439    7999    8606    8438    7903    7403    6429    5670    6542    7081    7307    8065    8623    8655    
47     1993 7887    8273    7440    8510    7020    7571    8390    8068    8839    7452    6677    6919    7153    7687    7858    8343    8190    8643    8877    
47     1994 7643    8339    7073    8411    7353    6708    8189    8668    7611    7984    7050    7016    7150    5761    7226    8273    7842    8463    8684    
47     1995 7690    8195    7067    8432    7202    6760    8375    8442    8143    7600    7290    6719    7417    6768    6116    8147    8465    8510    8729    
47     1996 7863    8304    7364    8487    7199    7382    8451    8403    8317    7406    6453    7713    7490    7387    7271    7863    8658    8823    8568    
47     1997 7712    8418    7202    8432    7327    7062    8056    8658    8032    7745    6783    7435    6800    7410    6968    7807    8035    8327    8542    
47     1998 7973    8095    7746    8280    7495    7673    8462    8284    7986    7390    7927    7181    7517    7871    7626    8377    8313    8700    8523    
47     1999 7618    8371    6904    8529    7229    6792    7908    8435    8639    7655    7343    6694    6873    6523    6984    7023    8177    8513    8629    
47     2000 7786    8340    7281    8355    7275    7347    8225    8316    8103    8290    7093    6435    6893    7635    7497    8143    8271    8260    8487    
47     2001 8105    8323    7679    8510    7505    7583    8671    8755    8264    7890    7660    6971    7720    7423    7610    8723    8555    8740    8984    
47     2002 8043    8393    7727    8491    7568    7793    8488    8542    7889    7613    7353    7732    7537    7894    7942    7893    8468    9103    8529    
47     2003 7672    8425    7024    8487    7082    6947    8223    8858    8029    7545    6293    7381    7027    7126    6690    7623    8345    8697    8452    
47     2004 8004    8377    7544    8501    7439    7658    8253    8784    8252    7732    7050    7523    7677    7897    7400    7710    8223    8827    8971    
47     2005 7924    8406    7359    8543    7211    7521    8409    8352    8282    7784    6587    7242    7030    7539    7977    7757    8442    9027    9068    
47     2006 7944    8679    7324    8801    7710    7158    8260    8745    8568    8226    7920    6990    7127    6258    8087    7583    8555    8633    8684    
47     2007 8079    8495    7666    8674    7289    7909    8381    8510    8846    7777    6660    7410    7840    8000    7884    8190    8319    8637    8923    
47     2008 7850    8389    7266    8522    7241    7274    8368    8471    8148    7829    7690    6219    6587    7387    7826    7900    8484    8717    8945    
47     2009 7750    8612    7040    8776    7180    7121    8004    8635    8743    8161    6520    6839    7217    7274    6874    7520    8139    8350    8774    
47     2010 8047    8401    7484    8628    7596    7283    8592    8465    8646    8055    6950    7761    7367    6461    8023    8350    8494    8937    9090    
47     2011 7967    8487    7453    8619    6972    7786    8543    9065    7604    7665    6717    6526    7343    7816    8184    8127    8400    9107    8997    
47     2012 8067    8590    7563    8708    7428    7636    8499    8665    8445    7932    7427    6926    7597    7745    7565    8133    8497    8867    9019    
47     2013 7941    8557    7480    8786    7491    7280    8347    8758    8557    7652    7140    7671    7470    7181    7197    8233    8119    8697    8668    
47     2014 8074    8372    7632    8543    7766    7372    8525    8810    8111    7813    7887    7603    7313    7213    7587    8203    8432    8943    8981    
47     2015 7941    8592    7387    8836    7375    7236    8536    8848    8661    7706    7147    7265    6973    7242    7484    8217    8632    8757    8406    
47     2016 8177    8554    7660    8557    7620    7860    8508    8739    8524    8268    7533    7055    7720    7868    7987    7800    8903    8807    8910    
47     2017 8185    8608    7745    8724    7505    7755    8744    8800    8436    7784    7460    7271    7513    7887    7858    8487    8694    9053    8990    
47     2018 7520    8573    6825    8632    7183    6692    7702    8781    8071    7816    7427    6313    6957    6519    6610    7160    7655    8293    8684    
47     2019 7677    8072    7099    8222    7157    7053    8380    8342    7579    7839    6440    7168    6803    7103    7245    7827    8455    8857    8435    
47     2020 -999999 8203    6966    8376    6589    7035    -999999 8652    8017    6813    6177    6765    6867    7448    6784    7750    8413    -999999 -999999 
