EUROPEAN CLIMATE ASSESSMENT & DATASET (ECA&D), file created on: 16-11-2020
THESE DATA CAN BE USED FOR NON-COMMERCIAL RESEARCH AND EDUCATION PROVIDED THAT THE FOLLOWING SOURCE IS ACKNOWLEDGED: 

Klein Tank, A.M.G. and Coauthors, 2002. Daily dataset of 20th-century surface
air temperature and precipitation series for the European Climate Assessment.
Int. J. of Climatol., 22, 1441-1453.
Data and metadata available at http://www.ecad.eu

FILE FORMAT (MISSING VALUE CODE = -999999):

THIS FILE HOLDS DATA FOR STATION RUSSIAN FEDERATION                       IZEVSK                                   (STAID:     76)
LATITUDE: dd:mm:ss +56:49:59
LONGITUDE: ddd:mm:ss +053:27:00
ELEVATION: m  155

DATA IS FOR INDEX Mean of daily average relative humidity (RH) with unit 0.01 Relative humidity (%)

01-06 SOUID: Source identifier
08-11 YEAR : YYYY
13-20 ANNUAL DATA VALUES
21-28 WINTER HALF YEAR DATA VALUES
29-36 SUMMER HALF YEAR DATA VALUES
37-44 WINTER (DJF) DATA VALUES
45-52 SPRING (MAM) DATA VALUES
53-60 SUMMER (JJA) DATA VALUES
61-68 AUTUMN (SON) DATA VALUES
69-76 JANUARY DATA VALUES
etc. 
157-164 DECEMBER DATA VALUES

76     1958 7522    -999999 6804    -999999 6832    6633    8085    8768    8554    7116    6483    6884    6290    6742    6855    7570    8094    8590    8381    
76     1959 7669    8213    6964    8218    6975    6778    8701    8229    8025    7955    7423    5561    6263    6706    7348    8527    8974    8593    8465    
76     1960 7407    8472    6521    8567    6541    6367    7977    8755    8476    7571    6703    5355    6100    6590    6403    8017    7581    8347    9042    
76     1961 7737    8470    6969    8687    7507    6711    8249    8681    8300    8848    7463    6206    6103    6700    7310    8057    8081    8617    8506    
76     1962 7715    8335    7026    8463    6685    7400    8322    8671    8186    7945    6870    5245    7380    6987    7832    7877    8197    8897    8545    
76     1963 7484    8143    6767    8143    6688    6787    8364    8077    7771    7361    7133    5584    6237    6687    7419    7560    8700    8820    8481    
76     1964 7514    8127    6954    8027    6967    6796    8167    8345    7203    7174    7213    6523    6427    6732    7216    7627    8165    8710    8806    
76     1965 7717    8393    7059    8528    7141    6998    8242    8623    8114    7926    6357    7116    6483    6555    7939    7890    8439    8390    8758    
76     1966 7434    8202    6820    8213    6896    6816    8170    8106    7729    7752    7010    5929    6303    7190    6939    7563    8119    8830    7765    
76     1967 7562    8120    6839    8041    6688    6989    8290    8310    8050    7665    6913    5494    6697    7365    6897    7693    8126    9057    8535    
76     1968 7493    8270    6989    8043    7217    7046    7871    7703    7879    8319    6923    6400    6167    7761    7181    7490    7548    8587    7958    
76     1969 7476    7723    7004    7563    6945    7179    8082    7571    7118    7526    7027    6284    6613    7532    7374    7187    8494    8553    8387    
76     1970 7486    8051    6970    7950    6839    6959    8211    8016    7393    7413    7470    5655    6603    6726    7535    7863    8439    8323    8394    
76     1971 7739    8190    7023    8340    6811    7316    8343    8481    8125    7377    6977    6084    6910    7384    7642    7140    8574    9307    8884    
76     1972 7383    8356    6589    8173    6927    6275    8175    7690    7928    7758    7553    5490    6530    6268    6035    7723    8055    8750    8881    
76     1973 7484    8252    6703    8449    6412    6662    8455    8129    8325    7397    6567    5277    5370    7329    7245    8440    8265    8667    8845    
76     1974 7367    8345    6860    8289    7296    6797    7668    8119    7861    8274    7253    6358    6637    6606    7142    7180    7290    8547    7194    
76     1975 7201    8109    6015    8151    6605    5878    7676    8777    8518    8381    6383    5045    5063    5545    7000    7070    7529    8433    8732    
76     1976 7830    8287    7296    8696    7130    7715    7944    8719    8631    7706    7887    5823    7240    7919    7971    6940    8039    8850    8274    
76     1977 7632    8448    6799    8441    7077    6990    8140    8642    8404    8490    6747    5984    6730    7226    7006    7110    8490    8807    7984    
76     1978 7952    8421    7440    8187    7404    7496    8716    8658    7889    8661    7107    6435    7253    7535    7690    8643    8552    8960    8039    
76     1979 7753    8345    7028    8100    7089    7010    8578    7710    8600    8255    7447    5577    6770    7252    7000    8167    8571    8997    8787    
76     1980 7682    8261    7080    8232    6661    7160    8720    7839    8059    7326    7343    5335    6207    7594    7648    8377    8823    8957    8710    
76     1981 7390    8657    6426    8564    7215    5818    8160    8645    8314    8471    7670    5519    5663    5752    6035    7983    7755    8757    8219    
76     1982 7566    8262    6736    8450    7183    6430    8109    8535    8611    7742    7710    6113    6443    6181    6668    7340    8345    8633    8568    
76     1983 7719    8324    7156    8411    6940    7311    8175    8323    8336    7752    7127    5948    7167    7545    7216    7957    8223    8343    8745    
76     1984 7598    8177    7161    8284    6496    7678    8347    8190    7890    7658    6453    5374    7120    7703    8194    8130    8603    8300    7571    
76     1985 7577    7835    7293    7614    6937    7540    8038    7794    7464    7258    7590    5984    7593    7942    7087    7593    8323    8190    8116    
76     1986 7534    7921    7053    7941    6624    7313    8199    8265    7389    7203    6777    5897    6920    7635    7371    7727    8271    8597    8342    
76     1987 7478    8179    7010    8352    6842    6743    8069    8258    8468    7177    7333    6032    5400    7587    7200    8517    8068    7623    8135    
76     1988 7518    7739    6886    7890    6830    6540    8400    8319    7169    7081    7187    6235    6323    5700    7590    8317    7761    9143    9397    
76     1989 7687    8616    7008    9004    7259    6912    8002    8929    8654    7835    7040    6894    6207    6771    7735    7390    8319    8287    8219    
76     1990 7867    8110    7420    8096    6938    7642    8593    8084    7971    7774    6563    6465    7583    7471    7871    8580    8619    8580    8852    
76     1991 7552    8291    6975    8299    6598    7141    8453    8094    7914    7661    7127    5023    6590    7152    7665    8333    8181    8853    8094    
76     1992 -999999 8375    -999999 8470    -999999 6825    8066    8532    8807    7829    -999999 -999999 5727    7074    7639    7257    8258    8677    8465    
76     1993 7625    8096    7192    8078    6685    7450    8229    8445    7243    7423    6900    5739    6923    7484    7926    8197    8355    8130    8684    
76     1994 7770    8258    7214    8426    6821    7821    8091    8758    7771    7797    6640    6019    7117    8258    8065    7163    8100    9010    8503    
76     1995 7603    8495    6856    8642    7010    7062    7863    8435    9025    7961    6710    6348    6573    6965    7632    6897    8197    8483    8094    
76     1996 7243    7757    6646    7880    5926    6813    8243    8200    7310    6255    6013    5513    7033    6890    6523    7940    8123    8670    8474    
76     1997 7882    8535    7334    8663    7749    7067    8197    8745    8782    8442    7613    7187    6917    6777    7503    8023    8352    8210    8090    
76     1998 7328    7886    6678    8126    6118    6823    8096    8535    7711    6410    6473    5484    6283    6906    7261    7670    8123    8493    8610    
76     1999 7676    8230    7151    8408    7142    6841    8379    8313    8289    7565    6703    7145    6153    6606    7742    8553    8548    8030    8481    
76     2000 7864    8314    7320    8508    7116    7453    8273    8510    8534    7784    6943    6616    7147    7158    8045    8017    8348    8450    8832    
76     2001 7812    8427    7269    8563    7314    7302    8495    8668    8150    8090    7023    6819    7470    6819    7623    7877    8726    8873    7642    
76     2002 7565    8262    6807    8188    6627    6964    8342    8348    8614    7423    5520    6903    6457    6703    7716    7510    8700    8803    8116    
76     2003 7598    8129    7227    7947    7002    7322    7908    8252    7421    7432    6783    6784    7317    7168    7481    7837    7174    8737    8781    
