EUROPEAN CLIMATE ASSESSMENT & DATASET (ECA&D), file created on: 16-11-2020
THESE DATA CAN BE USED FOR NON-COMMERCIAL RESEARCH AND EDUCATION PROVIDED THAT THE FOLLOWING SOURCE IS ACKNOWLEDGED: 

Klein Tank, A.M.G. and Coauthors, 2002. Daily dataset of 20th-century surface
air temperature and precipitation series for the European Climate Assessment.
Int. J. of Climatol., 22, 1441-1453.
Data and metadata available at http://www.ecad.eu

FILE FORMAT (MISSING VALUE CODE = -999999):

THIS FILE HOLDS DATA FOR STATION RUSSIAN FEDERATION                       VOLOGDA                                  (STAID:    105)
LATITUDE: dd:mm:ss +59:19:00
LONGITUDE: ddd:mm:ss +039:55:00
ELEVATION: m  125

DATA IS FOR INDEX Mean of daily average relative humidity (RH) with unit 0.01 Relative humidity (%)

01-06 SOUID: Source identifier
08-11 YEAR : YYYY
13-20 ANNUAL DATA VALUES
21-28 WINTER HALF YEAR DATA VALUES
29-36 SUMMER HALF YEAR DATA VALUES
37-44 WINTER (DJF) DATA VALUES
45-52 SPRING (MAM) DATA VALUES
53-60 SUMMER (JJA) DATA VALUES
61-68 AUTUMN (SON) DATA VALUES
69-76 JANUARY DATA VALUES
etc. 
157-164 DECEMBER DATA VALUES

105    1938 -999999 -999999 -999999 -999999 -999999 -999999 -999999 -999999 -999999 -999999 -999999 -999999 -999999 -999999 -999999 -999999 -999999 9207    -999999 
105    1939 7794    -999999 7224    -999999 7224    7271    8352    8255    8171    7839    7637    6210    6693    7710    7390    7717    8361    8977    8603    
105    1940 -999999 8240    7375    8082    7007    7447    8737    7729    7903    7868    7407    5758    7063    7542    7723    8797    8513    8910    -999999 
105    1941 7947    -999999 7537    -999999 7273    7521    8812    8026    8014    7758    7110    6945    7350    7113    8094    8627    8726    9087    8535    
105    1942 8181    8584    7831    8488    7795    7900    8487    8477    8446    8235    7617    7526    7573    8129    7987    8147    8723    8583    8726    
105    1943 8038    8381    7640    8348    7597    7677    8496    8090    8214    7942    7957    6903    7270    7710    8039    7973    8535    8977    -999999 
105    1944 -999999 -999999 7649    -999999 -999999 7615    8512    -999999 -999999 8780    7681    7216    6997    7758    8071    8173    8326    -999999 -999999 
105    1945 -999999 -999999 7665    -999999 -999999 7637    8812    -999999 -999999 -999999 7875    6577    6920    7677    8290    8677    8738    9020    8935    
105    1946 8263    8766    7867    8924    7593    7943    8670    9161    8650    8087    7630    7065    7340    7645    8826    8697    8452    8870    8752    
105    1947 8265    8733    7710    8781    7974    7578    8684    8810    8782    8742    8383    6810    6603    7665    8435    8370    8687    8993    8926    
105    1948 8159    8574    7817    8593    7658    7761    8769    8500    8338    8000    7947    7035    7507    7432    8335    8670    8565    9080    8529    
105    1949 8025    8605    7441    8592    7365    7642    8404    8768    8468    8226    7197    6668    7170    7639    8103    7867    8348    9000    8858    
105    1950 8142    8493    7712    8454    7530    7698    8848    8013    8496    8261    7650    6684    6987    7884    8200    8880    8726    8943    9010    
105    1951 8173    8746    7647    8942    7566    7648    8502    9197    8586    8003    7713    6987    7083    8094    7748    8260    8703    8537    9165    
105    1952 8348    8857    7793    9043    7755    7887    8744    9074    8879    8774    7900    6597    7197    8061    8381    8633    9129    8457    9084    
105    1953 -999999 8773    7808    9010    7373    8037    8934    9168    8754    8032    6947    7126    7453    7961    8677    8673    8994    9133    -999999 
105    1954 8007    -999999 7712    -999999 7329    7699    8533    8545    8400    7352    7560    7084    7010    7923    8142    8553    8716    8323    8490    
105    1955 7956    8447    7598    8551    7587    7510    8460    8597    8568    7994    7513    7252    7420    7477    7629    8313    8345    8727    7706    
105    1956 7950    8051    7685    7851    7452    7759    8395    8200    7631    7694    7857    6819    6790    8013    8442    8180    8561    8437    8742    
105    1957 8062    8326    7722    8526    7147    7858    8730    8365    8464    7406    7530    6516    7710    7555    8303    8747    8648    8797    8761    
105    1958 8056    8466    7719    8609    7463    7721    8518    8597    8454    7552    7587    7255    7577    7084    8497    8323    8761    8460    8558    
105    1959 8002    8531    7377    8674    7176    7367    8731    8819    8643    7955    7337    6242    7160    7358    7577    8617    8794    8780    8803    
105    1960 7843    8531    7214    8603    6778    7366    8578    8610    8383    7813    6680    5839    6943    7452    7690    8703    8294    8747    8994    
105    1961 8050    8635    7478    8871    7293    7636    8554    8835    8775    8181    7040    6652    6670    7871    8335    8287    8781    8587    8603    
105    1962 8013    8466    7591    8569    7332    7643    8569    8723    8361    7739    7260    6994    6997    7816    8097    8377    8606    8723    8474    
105    1963 7808    8141    7433    8104    6811    7741    8562    8048    7757    7219    7020    6200    7750    7474    8000    8177    8774    8727    8561    
105    1964 7934    8332    7556    8302    7516    7265    8646    8416    7903    7597    7773    7187    6477    7410    7884    8613    8823    8497    8613    
105    1965 7863    8410    7313    8327    7061    7447    8555    8142    8214    8155    6113    6884    6727    7587    8003    8543    8506    8617    8852    
105    1966 7785    8313    7567    8177    7609    7480    8274    7871    7768    8219    8027    6594    7043    7558    7826    8377    7981    8473    7706    
105    1967 7796    8012    7338    7878    7402    7223    8377    8006    7925    7984    7537    6690    6797    6871    7987    8163    8342    8627    8639    
105    1968 7933    8407    7390    8509    7241    7421    8515    8403    8483    7958    6990    6768    6387    7819    8023    8337    8181    9040    8813    
105    1969 7955    8298    7599    8224    7575    7407    8731    8284    7507    7910    7923    6903    6747    7665    7787    8583    8639    8973    8510    
105    1970 7866    8373    7391    8399    7098    7401    8580    8519    8143    7452    6973    6865    6937    7381    7871    8323    8694    8720    8526    
105    1971 7745    8381    7230    8423    6952    7298    8289    8713    7989    7619    6783    6448    6737    7503    7635    8273    8168    8430    8645    
105    1972 7729    8156    7176    8253    7264    6916    8474    8061    8038    7594    7553    6655    6930    6987    6832    8133    8539    8747    8716    
105    1973 7784    8390    7240    8400    7226    7093    8509    8010    8482    7865    7660    6168    6647    6803    7816    8377    8503    8647    8503    
105    1974 8041    8434    7546    8488    7421    7638    8562    8345    8629    8003    6983    7261    6663    7784    8435    8123    8806    8747    8713    
105    1975 8039    8683    7489    8798    7361    7658    8282    8981    8689    8165    7377    6542    7340    7368    8255    8060    8174    8617    8935    
105    1976 8194    8396    7868    8604    7330    8350    8519    8503    8359    7794    7180    7013    8280    8090    8677    7963    8368    9230    8874    
105    1977 8180    8669    7657    8690    7659    7627    8808    8429    8775    8365    7433    7171    7017    7584    8261    8473    8810    9140    8735    
105    1978 8150    8815    7757    8809    6982    8427    8662    9165    8496    8523    6723    5690    8020    8303    8945    8870    8442    8680    7965    
105    1979 7950    8196    7452    7990    7265    7611    8655    7777    8254    8081    7357    6361    7053    7803    7958    8187    8774    9000    8816    
105    1980 8092    8490    7796    8559    7512    7757    8536    8474    8376    7510    7573    7455    6957    8106    8181    8493    8458    8660    8861    
105    1981 8086    8492    7562    8754    7207    7524    8920    8868    8511    7603    7413    6610    7377    7281    7910    8813    8984    8960    8755    
105    1982 8205    8644    7755    8568    7713    7762    8701    8384    8564    8219    7617    7300    7610    7526    8145    8340    8910    8847    9019    
105    1983 8212    8779    7696    8811    7692    7749    8649    8829    8561    8487    7717    6874    7457    7984    7797    8363    8842    8737    8906    
105    1984 7861    8266    7472    8173    6760    7775    8913    8216    7341    7506    6777    5997    7263    7748    8297    8760    9094    8880    8423    
105    1985 8082    8329    7868    8203    7308    8058    8671    8245    7914    7394    7930    6619    8107    8084    7984    8517    8729    8767    8713    
105    1986 8057    8504    7615    8521    7068    7918    8781    8684    8129    7974    7513    5732    7397    8026    8316    8733    8761    8850    8584    
105    1987 8141    8503    7969    8510    7463    8159    8462    8187    8786    7887    7450    7052    8037    7965    8471    8857    8116    8423    8535    
105    1988 7926    8289    7473    8558    6851    7889    8346    8661    8472    7542    7047    5971    7433    7858    8361    8173    8306    8560    8742    
105    1989 8030    8460    7478    8671    7163    7745    8643    8777    8475    7903    7007    6574    7080    7968    8165    8067    9000    8850    8506    
105    1990 8059    8522    7604    8471    7048    7874    8775    8329    8589    7874    6590    6665    7333    8087    8184    8763    8810    8750    8758    
105    1991 8085    8482    7695    8524    7379    7847    8603    8361    8446    7774    7530    6839    7713    7629    8194    8277    8758    8770    8758    
105    1992 7921    8607    7205    8647    7450    6927    8646    8635    8541    8177    7640    6539    6440    7003    7323    8313    8742    8880    8842    
105    1993 8173    8610    7767    8586    7379    8143    8529    8784    8082    8287    7837    6029    7603    8261    8548    8340    8510    8737    9042    
105    1994 7872    8543    7441    8637    7195    7592    8260    8784    8025    8119    6983    6474    7467    7439    7868    8433    7745    8620    8526    
105    1995 7904    8297    7416    8619    7257    7321    8515    8665    8671    7603    7157    7006    6957    7032    7961    8393    8510    8643    8306    
105    1996 7835    8154    7413    8184    6879    7625    8615    8426    7793    7239    6840    6558    7217    7890    7755    8220    8629    8997    8455    
105    1997 7985    8370    7524    8376    7266    7434    8809    8297    8375    7490    6900    7397    7457    7239    7606    8557    9026    8837    8671    
105    1998 7921    8470    7572    8493    6923    8055    8310    8806    7950    7494    6577    6687    7433    8100    8613    7997    8432    8497    8432    
105    1999 7648    8219    7050    8436    6680    7010    8419    8474    8396    7110    6477    6448    6317    6926    7765    8370    8474    8410    8648    
105    2000 7969    8417    7466    8613    7062    7740    8425    8577    8614    7794    7260    6139    7363    7558    8287    8203    8568    8500    8794    
105    2001 7993    8468    7460    8567    7360    7471    8700    8858    7993    8052    7157    6865    7280    7310    7816    8343    8790    8963    8481    
105    2002 7654    8520    6821    8562    6712    6875    8576    8629    8579    7700    6300    6123    6457    6606    7548    7900    9019    8793    8242    
105    2003 7947    8329    7532    8198    6997    7854    8580    8277    8061    7568    7380    6055    7273    7797    8474    8223    8394    9130    8752    
