EUROPEAN CLIMATE ASSESSMENT & DATASET (ECA&D), file created on: 16-11-2020
THESE DATA CAN BE USED FOR NON-COMMERCIAL RESEARCH AND EDUCATION PROVIDED THAT THE FOLLOWING SOURCE IS ACKNOWLEDGED: 

Klein Tank, A.M.G. and Coauthors, 2002. Daily dataset of 20th-century surface
air temperature and precipitation series for the European Climate Assessment.
Int. J. of Climatol., 22, 1441-1453.
Data and metadata available at http://www.ecad.eu

FILE FORMAT (MISSING VALUE CODE = -999999):

THIS FILE HOLDS DATA FOR STATION RUSSIAN FEDERATION                       PAVELEс                                 (STAID:     92)
LATITUDE: dd:mm:ss +53:46:59
LONGITUDE: ddd:mm:ss +039:15:00
ELEVATION: m  209

DATA IS FOR INDEX Mean of daily average relative humidity (RH) with unit 0.01 Relative humidity (%)

01-06 SOUID: Source identifier
08-11 YEAR : YYYY
13-20 ANNUAL DATA VALUES
21-28 WINTER HALF YEAR DATA VALUES
29-36 SUMMER HALF YEAR DATA VALUES
37-44 WINTER (DJF) DATA VALUES
45-52 SPRING (MAM) DATA VALUES
53-60 SUMMER (JJA) DATA VALUES
61-68 AUTUMN (SON) DATA VALUES
69-76 JANUARY DATA VALUES
etc. 
157-164 DECEMBER DATA VALUES

92     1936 7523    -999999 6289    -999999 7373    5333    8584    9271    7986    8439    8393    5319    5193    4748    6052    8120    8703    8923    9171    
92     1937 7625    8577    6911    8376    7362    6984    7996    7707    8214    8690    6730    6645    6023    7474    7423    7147    7981    8860    8613    
92     1938 7308    8537    6102    8544    7914    5214    7813    8587    8421    8761    8227    6765    6277    4739    4661    6017    8435    8967    7955    
92     1939 7272    8492    5853    8396    7417    5122    7755    8661    8589    8368    7577    6313    5743    4987    4655    5897    8542    8800    9226    
92     1940 7716    8501    6792    8407    7079    6708    8584    7632    8359    8448    8070    4752    6073    7032    6997    7883    8639    9227    9539    
92     1941 -999999 9379    7792    9638    8840    7120    -999999 9616    9771    9513    9057    7958    6903    6790    7658    8417    -999999 -999999 -999999 
92     1942 -999999 -999999 7351    -999999 -999999 7312    7700    -999999 -999999 -999999 8223    7039    7667    7261    7019    6920    7929    8243    8739    
92     1943 7608    8320    6939    8447    7490    6924    7543    8023    8593    8419    7513    6539    5917    7577    7245    6823    7119    8700    8874    
92     1944 7924    8572    7133    8969    7874    7214    7611    9116    8914    8732    8283    6619    6603    7671    7348    6267    7390    9183    8981    
92     1945 -999999 -999999 -999999 -999999 -999999 7738    8586    -999999 -999999 -999999 -999999 6619    7470    7435    8300    8500    8768    8483    8784    
92     1946 7844    8685    6938    8767    7399    6477    8612    8477    9068    8558    7607    6039    4973    7194    7216    8610    8194    9047    9488    
92     1947 -999999 -999999 6980    -999999 -999999 6749    -999999 -999999 -999999 -999999 8107    6006    6577    6703    6961    7567    8713    -999999 -999999 
92     1948 7837    -999999 7062    -999999 7571    6785    8612    8516    8331    8519    7727    6471    5953    7232    7142    7857    8790    9183    8335    
92     1949 7795    8813    7126    8741    7484    7437    7338    9313    8557    8684    7820    5958    6923    7684    7687    6687    7042    8364    -999999 
92     1950 -999999 -999999 7343    -999999 7395    7488    8426    -999999 -999999 8765    7647    5781    6977    7368    8103    8207    8368    8707    9100    
92     1951 7978    8576    7352    8611    7923    6858    8567    8603    8079    8558    7470    7726    6187    6623    7742    8367    8645    8687    9026    
92     1952 8076    8696    7485    8920    7652    7366    8413    9068    8648    8097    7900    6968    6860    7742    7481    7970    8913    8340    8926    
92     1953 7875    8600    7262    8636    7590    6940    8258    8884    8039    8435    7493    6839    5567    7174    8035    8453    8529    7783    9206    
92     1954 7641    8219    6920    8230    7649    6404    8430    7816    7607    8300    7643    7003    5927    6845    6426    7693    8852    8730    8823    
92     1955 7659    8730    6957    8757    8004    6513    7640    8635    8818    8529    8237    7255    6613    6716    6213    6733    7916    8260    8065    
92     1956 7669    8002    7016    7800    7695    6717    8152    8255    7031    8429    8277    6397    4850    7423    7819    7310    8374    8763    9013    
92     1957 7826    8723    7013    8960    7342    7014    8105    8648    9246    8342    7680    6016    6527    7048    7452    7373    8206    8733    8742    
92     1958 7916    8515    7363    8652    7574    7336    8054    8703    8496    8213    8003    6519    7363    6810    7835    7677    8142    8340    8932    
92     1959 7800    8590    6881    8842    7612    6251    8555    8981    8589    8545    7700    6594    6437    6206    6116    8290    8816    8550    8848    
92     1960 7845    8703    6827    8814    7161    6521    8630    8865    8724    8410    7417    5665    5783    6055    7700    8377    8645    8867    9658    
92     1961 7661    8876    6731    9110    7389    6266    8243    8881    8757    8439    7377    6352    5347    6471    6952    7903    7932    8903    8694    
92     1962 7941    8460    7398    8581    7283    7611    8340    8710    8314    8210    6740    6881    7027    7877    7910    7940    8010    9080    8600    
92     1963 7363    8366    6366    8350    6917    6487    7743    8448    7964    8077    7923    4784    6817    6606    6048    6073    8429    8703    8542    
92     1964 7907    8505    7288    8541    8099    6860    8019    8632    8441    8287    8840    7194    5993    6852    7706    7147    8139    8767    8887    
92     1965 7707    8429    7002    8401    7572    6790    7997    8252    8029    8474    6993    7229    6347    7113    6897    7423    7965    8603    9148    
92     1966 7667    8630    6697    8694    7235    6739    8236    8632    8261    9135    7040    5523    6613    6984    6616    7437    7861    9423    8529    
92     1967 7906    8732    7108    8678    7562    7226    8024    8594    8936    9090    8310    5310    7240    7103    7335    7403    8123    8543    8977    
92     1968 7941    8692    7064    8837    7624    7078    8262    8748    8783    8977    7007    6868    6660    7571    6990    7283    8381    9117    8903    
92     1969 7636    8331    7064    8112    7143    7262    8163    7848    7529    8155    7350    5932    7317    7181    7290    7340    8194    8953    8548    
92     1970 7758    8286    7035    8159    7399    6726    8634    7974    7932    8103    8230    5890    6323    6413    7429    7970    8906    9017    8942    
92     1971 7921    8846    7022    8867    7223    6974    8640    8745    8918    8558    7867    5265    6780    7545    6590    8140    8639    9140    8971    
92     1972 7357    8495    6281    8449    7252    5645    8173    8077    8290    7858    8243    5687    6393    5994    4571    6883    8623    8997    8765    
92     1973 7974    8570    7413    8424    7755    7364    8344    7606    8954    8529    7900    6842    6600    7735    7732    7667    8477    8883    8826    
92     1974 7872    8562    7256    8571    7698    7500    7627    8287    8604    8310    7130    7635    7273    7935    7284    6243    7497    9147    9139    
92     1975 7424    8657    6408    8794    6953    6501    7620    8848    8354    8945    6850    5061    5910    6716    6858    7073    7381    8413    8719    
92     1976 7996    8175    7507    8242    7672    7741    8238    8326    7641    8542    7040    7413    7483    7877    7855    7353    8365    8993    9000    
92     1977 7873    8634    7196    8649    7409    7285    8315    8206    8750    8510    7320    6394    7180    7513    7158    7627    8174    9150    8571    
92     1978 7939    8603    7356    8411    7566    7409    8479    8648    7971    9061    6817    6797    7027    7648    7539    8313    8271    8860    8294    
92     1979 7828    8581    6997    8401    7526    6753    8454    8368    8557    9145    7860    5584    5520    7581    7119    8340    7935    9103    8881    
92     1980 8179    8332    7950    8334    7898    7890    8553    8013    8093    7974    8107    7619    7367    7932    8355    8317    8639    8700    9023    
92     1981 7717    8683    6774    8791    7323    6229    8596    8826    8496    8397    7823    5765    6270    5174    7245    8437    8432    8923    8913    
92     1982 8042    8510    7444    8543    7586    7476    8486    8368    8329    8094    7597    7068    6923    7706    7781    7583    8777    9087    9187    
92     1983 7836    8837    7098    8917    7502    7176    7960    8903    8632    8426    7157    6913    7283    7584    6665    6993    8397    8477    8639    
92     1984 7726    8408    6989    8392    6886    7482    8269    8487    8028    8397    7163    5106    7127    7729    7577    7250    8700    8843    8303    
92     1985 7885    8357    7305    8243    7112    7510    8519    8435    7964    7871    7850    5639    7383    8232    6910    7857    8684    9010    8813    
92     1986 7664    8578    6938    8538    7112    6876    8296    8871    7864    8171    7367    5806    6667    7023    6932    7867    8161    8863    8394    
92     1987 7929    8359    7599    8389    7400    7528    8377    8319    8461    7981    7760    6471    7423    7258    7900    8823    7861    8463    8500    
92     1988 7804    8477    7074    8693    7038    7364    8079    8877    8703    8468    7047    5600    7313    7271    7506    7737    7877    8630    8661    
92     1989 7918    8458    7177    8672    7284    7441    8234    8681    8675    8252    6823    6761    7620    7474    7235    7150    8858    8673    8842    
92     1990 -999999 8598    -999999 8712    7222    7782    -999999 8481    8825    7935    7263    6468    7670    7894    7777    -999999 8532    9083    8871    
92     1991 -999999 8707    -999999 8761    7364    7013    -999999 8694    8714    8361    7223    6503    7097    7123    6823    -999999 8535    9253    8629    
92     1992 -999999 8625    -999999 8496    -999999 6485    8327    8410    8445    8484    -999999 -999999 5787    6826    6819    7803    8326    8853    8642    
92     1993 7767    8341    7262    8234    6913    7709    8121    8348    7657    8171    7377    5206    7323    8019    7771    7900    8106    8357    8952    
92     1994 7638    8370    7179    8634    7359    7459    7423    8916    7971    7877    6947    7239    7650    7371    7361    6490    7468    8310    8048    
92     1995 7639    8140    6871    8306    6938    7029    8164    8358    8532    8165    6687    5955    6677    7042    7358    7517    7877    9107    8468    
92     1996 7737    8327    7115    8425    7054    7176    8433    8439    8366    7735    7360    6077    7447    7503    6587    7753    8335    9213    8100    
92     1997 7795    8363    7065    8199    6996    7209    8516    8326    8168    8045    6933    6006    7423    7313    6897    7850    8655    9040    8919    
92     1998 7548    8570    6840    8633    6859    7038    7888    8665    8282    7845    6853    5877    6247    7326    7516    7213    8197    8243    8332    
92     1999 7555    8384    6596    8699    6576    6614    8164    9026    8743    7790    6087    5835    5487    6371    7948    7833    8316    8337    8926    
92     2000 7793    8456    7164    8615    7023    7400    8171    8458    8452    8245    7117    5710    7110    7648    7432    7990    8039    8490    8858    
92     2001 7658    8312    6984    8463    7185    7033    8075    8365    8136    7971    6913    6661    7163    6852    7087    7237    8255    8727    8561    
92     2002 -999999 -999999 -999999 -999999 -999999 -999999 -999999 -999999 -999999 -999999 -999999 -999999 -999999 -999999 -999999 -999999 -999999 -999999 -999999 
92     2003 7841    -999999 7199    -999999 7054    7505    8493    8326    7939    8145    7080    5939    7470    7374    7671    7683    8400    9400    8687    
