EUROPEAN CLIMATE ASSESSMENT & DATASET (ECA&D), file created on: 16-11-2020
THESE DATA CAN BE USED FOR NON-COMMERCIAL RESEARCH AND EDUCATION PROVIDED THAT THE FOLLOWING SOURCE IS ACKNOWLEDGED: 

Klein Tank, A.M.G. and Coauthors, 2002. Daily dataset of 20th-century surface
air temperature and precipitation series for the European Climate Assessment.
Int. J. of Climatol., 22, 1441-1453.
Data and metadata available at http://www.ecad.eu

FILE FORMAT (MISSING VALUE CODE = -999999):

THIS FILE HOLDS DATA FOR STATION ICELAND                                  REYKJAVIK                                (STAID:     66)
LATITUDE: dd:mm:ss +64:07:37
LONGITUDE: ddd:mm:ss -021:54:09
ELEVATION: m   52

DATA IS FOR INDEX Mean of daily average relative humidity (RH) with unit 0.01 Relative humidity (%)

01-06 SOUID: Source identifier
08-11 YEAR : YYYY
13-20 ANNUAL DATA VALUES
21-28 WINTER HALF YEAR DATA VALUES
29-36 SUMMER HALF YEAR DATA VALUES
37-44 WINTER (DJF) DATA VALUES
45-52 SPRING (MAM) DATA VALUES
53-60 SUMMER (JJA) DATA VALUES
61-68 AUTUMN (SON) DATA VALUES
69-76 JANUARY DATA VALUES
etc. 
157-164 DECEMBER DATA VALUES

66     1949 8135    -999999 7945    -999999 7786    8079    8278    8148    8729    8597    7733    7026    7617    8590    8016    8697    8068    8077    8368    
66     1950 7755    8152    7518    8253    7624    7616    7648    8381    7986    8016    7267    7577    7447    7571    7826    7407    7865    7667    8039    
66     1951 7779    7747    7740    7872    7671    7582    8005    7603    7986    7345    7600    8065    7500    7629    7613    8030    8261    7717    8016    
66     1952 7920    8011    7732    8075    7811    7572    8223    7803    8428    7861    8153    7429    7053    7861    7784    8113    8097    8463    8032    
66     1953 8191    8341    7972    8342    8026    7957    8359    8377    8646    8461    8023    7594    8033    7658    8181    8357    8187    8540    8284    
66     1954 7984    8187    7832    8171    7703    8076    7952    8348    7850    7894    7970    7255    7737    8232    8248    7543    7923    8390    8400    
66     1955 8001    8051    8070    8061    7582    8388    8232    8026    7725    7823    7893    7039    7853    8516    8777    8337    8119    8243    7645    
66     1956 8113    8083    7948    8057    7830    7840    8547    7835    8734    7965    7863    7665    7593    8113    7806    8657    8506    8480    8184    
66     1957 7812    8050    7795    7924    7689    7893    7885    8381    7132    7542    7963    7571    7303    7787    8571    7557    8058    8033    7771    
66     1958 7860    7823    7799    7806    7408    7852    8465    7881    7761    7432    8297    6523    7763    7823    7968    8460    8348    8590    7516    
66     1959 8090    8079    8161    7788    7884    8210    8336    7439    8475    8161    7283    8187    7920    8339    8361    8860    8397    7750    7923    
66     1960 8066    8026    8043    8003    7848    8098    8202    8365    7703    7990    7957    7600    8463    7890    7952    8420    8532    7643    8255    
66     1961 7998    8212    7831    8214    7946    7884    8097    8045    8357    8435    7423    7961    7490    8077    8071    7940    8158    8190    7829    
66     1962 7948    7855    7919    8032    7338    8078    8186    8155    8121    6713    7793    7523    8190    8290    7758    7967    8439    8143    8313    
66     1963 8031    8096    8055    8144    7860    8095    7985    8306    7779    7565    8023    7997    8230    8123    7935    8023    8487    7427    8439    
66     1964 7945    8140    7686    8309    7641    7785    8174    8400    8072    7990    7600    7332    7577    8206    7565    7833    8239    8447    8074    
66     1965 7893    8112    7875    8251    7576    7938    7988    8074    8643    7258    7947    7535    7950    8148    7716    7960    8500    7487    7561    
66     1966 7805    7664    7932    7348    7776    8041    7907    7619    6811    7919    7800    7610    8090    7994    8042    8063    7681    7983    7981    
66     1967 7765    7833    7735    7960    7439    7796    7830    7997    7896    7471    7853    7006    7840    7548    8000    8183    7648    7663    8100    
66     1968 7995    7901    7977    7993    7795    8172    8001    7903    7976    8113    7963    7313    7983    8406    8119    8080    7645    8290    8152    
66     1969 7987    7875    8085    7714    7911    8215    8103    7206    7793    8171    7837    7723    8253    7932    8461    8307    8300    7697    8152    
66     1970 7977    7898    8107    7868    8035    8096    7815    7735    7700    7781    8137    8190    8113    7677    8497    8023    7819    7603    8416    
66     1971 7973    7898    7935    7929    8013    7845    8156    7219    8175    8171    7790    8071    7500    8303    7719    8217    8055    8200    8274    
66     1972 7972    8028    7963    8046    7695    7991    8247    7939    7917    7781    7847    7461    7473    8358    8126    8513    8390    7833    8010    
66     1973 8076    8220    8149    8209    8234    8137    7918    8539    8064    8455    8527    7729    7923    8355    8126    8240    8019    7490    7435    
66     1974 7808    7685    7807    7586    7961    7720    7987    7968    7329    7829    8570    7503    7880    7452    7832    7623    8239    8090    7365    
66     1975 7955    7784    7974    7502    7750    8252    8060    7045    8161    7852    7700    7697    7713    8329    8697    7680    8348    8143    8097    
66     1976 7935    8114    8045    8079    7766    8232    7878    8087    8052    7955    8043    7310    7783    8377    8519    8237    7874    7523    7465    
66     1977 7707    7445    7840    7188    7643    8007    7826    7226    6839    7684    7560    7684    7750    8419    7842    7770    7971    7733    7926    
66     1978 7750    7736    7795    7802    7464    8005    7919    7832    7632    7313    7437    7642    7633    7942    8429    7663    7806    8290    7368    
66     1979 7751    7684    7763    7624    7149    8164    7868    7574    7964    7148    7607    6706    8250    8203    8042    7780    7868    7957    7952    
66     1980 7852    7815    7997    7813    7861    8011    7726    7529    7969    7629    8070    7890    7843    8029    8155    7990    7452    7747    7939    
66     1981 7720    7732    7916    7918    7776    8088    7460    7852    7968    7461    8210    7671    8033    7716    8513    7350    7410    7623    6871    
66     1982 7920    7674    7868    7687    7762    8114    7820    8039    8200    7948    8080    7268    7720    8400    8210    7523    8235    7687    7735    
66     1983 7953    7987    7922    7976    7609    8393    7858    7981    8236    8061    7347    7410    8287    8310    8581    7580    7645    8357    7665    
66     1984 8064    7910    8210    7835    7946    8505    7768    7565    8307    7961    7977    7900    8273    8748    8487    7857    7790    7657    8242    
66     1985 7528    7673    7531    7814    7291    7615    7789    7594    7586    7161    7647    7077    7750    7755    7345    7627    8013    7720    7087    
66     1986 7757    7668    7726    7468    7395    8025    7833    7684    7650    7852    7480    6855    8363    7761    7961    7953    7874    7670    7987    
66     1987 7922    7934    7878    8178    7893    7891    7689    8516    8014    7542    8097    8048    7727    8094    7848    7443    7626    8000    8106    
66     1988 7727    7662    7748    7548    7400    8075    7920    7045    7490    7703    6973    7510    8493    7732    8013    7767    7768    8230    8003    
66     1989 7895    7946    7888    7968    7648    8049    8065    8277    7586    7784    7483    7671    7637    8519    7977    8023    8006    8167    7568    
66     1990 7910    7905    7913    7759    7902    7907    8005    7884    7832    7974    7643    8081    7567    7813    8329    8030    7790    8203    7755    
66     1991 7898    7824    7951    7776    7778    7929    7991    7787    7786    7629    7187    8500    7247    8200    8319    8217    7935    7823    8094    
66     1992 7827    7937    7674    8060    7422    7895    8070    8374    7690    7687    6813    7745    7963    7881    7842    7783    8261    8160    7694    
66     1993 7769    7989    7666    7818    7439    7747    8211    7687    8100    8048    7050    7206    7600    7497    8139    8510    7929    8203    7300    
66     1994 7652    7610    7719    7289    7480    7998    7733    6958    7643    7652    7060    7716    7497    8106    8374    7523    8032    7633    7597    
66     1995 7829    7580    7986    7507    7418    8296    7986    7539    7371    7290    7310    7652    8427    7845    8619    8057    7774    8133    7903    
66     1996 7810    7919    7945    7859    7664    7972    7780    7794    7883    8032    7427    7526    7677    8016    8213    8817    7574    6957    7800    
66     1997 7873    7608    7854    7829    7661    8001    7949    8116    7543    7629    7983    7381    7563    8232    8194    7760    8084    8000    7955    
66     1998 7708    7765    7778    7698    7521    7926    7766    7381    7764    7413    7227    7913    7437    7897    8429    7733    7874    7687    7726    
66     1999 7795    7639    7889    7754    7297    8152    7941    7784    7754    7023    7103    7758    7860    8210    8377    8003    7845    7977    7839    
66     2000 7704    7942    7689    8005    7293    8086    7665    8248    7924    7819    6547    7490    7363    8442    8429    7817    7861    7310    7155    
66     2001 7766    7407    7832    7448    7336    7957    7909    7735    7454    6926    7207    7871    7877    7900    8090    8037    8003    7683    8374    
66     2002 7665    7589    7945    7416    7491    8127    7685    7148    6650    7587    7710    7184    7810    8374    8187    8410    7313    7343    8190    
66     2003 7792    7690    7730    7907    7403    8016    7847    7681    7843    7771    7603    6842    7643    7955    8439    7897    7894    7750    8184    
66     2004 7677    7768    7700    7741    7605    7728    7858    7487    7538    7739    7847    7239    7373    8058    7742    7943    7619    8020    7523    
66     2005 7771    7869    7587    7982    7293    7897    7718    8071    8393    7645    7460    6781    7713    8013    7958    7597    7584    7977    8110    
66     2006 7633    7821    7685    8158    7085    8042    7266    8348    8000    6929    7457    6881    7950    8003    8171    7647    7261    6890    8077    
66     2007 7606    7387    7593    7444    7368    7813    7943    7648    6518    7826    7583    6703    7493    7848    8087    7850    8216    7753    7648    
66     2008 7706    7764    7707    7686    7305    7797    7943    7523    7900    7552    6790    7558    7057    8026    8284    8500    7603    7737    7929    
66     2009 7660    7777    7711    7964    7478    7773    7597    8342    7586    7448    7747    7248    8090    7565    7674    7963    7668    7157    7439    
66     2010 7641    7480    7744    7497    7472    7928    7616    8135    6854    7558    7093    7752    7960    7855    7971    7820    7448    7587    7574    
66     2011 7547    7613    7348    7619    7452    7390    7727    7555    7739    7784    7910    6677    6833    7790    7529    7347    7829    8003    7577    
66     2012 7789    8056    7645    8120    7472    7818    7877    8432    8366    8145    7250    7013    7237    7855    8345    8160    7794    7680    7197    
66     2013 7651    7538    7752    7653    6957    8115    7776    7829    7964    6813    6777    7274    8000    8319    8023    8110    7761    7457    7503    
66     2014 7610    7308    7930    7030    7376    8126    7797    7339    6164    7516    7443    7171    8383    8248    7755    8597    7365    7443    7797    
66     2015 7693    7605    7454    7738    7188    7443    8338    7781    7625    7619    7347    6603    7383    7329    7616    8470    8323    8223    8006    
66     2016 7539    7773    7378    7507    7296    7482    7856    7139    7366    7571    7110    7200    7737    7148    7568    7513    8000    8050    8068    
