EUROPEAN CLIMATE ASSESSMENT & DATASET (ECA&D), file created on: 16-11-2020
THESE DATA CAN BE USED FOR NON-COMMERCIAL RESEARCH AND EDUCATION PROVIDED THAT THE FOLLOWING SOURCE IS ACKNOWLEDGED: 

Klein Tank, A.M.G. and Coauthors, 2002. Daily dataset of 20th-century surface
air temperature and precipitation series for the European Climate Assessment.
Int. J. of Climatol., 22, 1441-1453.
Data and metadata available at http://www.ecad.eu

FILE FORMAT (MISSING VALUE CODE = -999999):

THIS FILE HOLDS DATA FOR STATION ICELAND                                  DALATANGI                                (STAID:     65)
LATITUDE: dd:mm:ss +65:16:05
LONGITUDE: ddd:mm:ss -013:34:32
ELEVATION: m    9

DATA IS FOR INDEX Mean of daily average relative humidity (RH) with unit 0.01 Relative humidity (%)

01-06 SOUID: Source identifier
08-11 YEAR : YYYY
13-20 ANNUAL DATA VALUES
21-28 WINTER HALF YEAR DATA VALUES
29-36 SUMMER HALF YEAR DATA VALUES
37-44 WINTER (DJF) DATA VALUES
45-52 SPRING (MAM) DATA VALUES
53-60 SUMMER (JJA) DATA VALUES
61-68 AUTUMN (SON) DATA VALUES
69-76 JANUARY DATA VALUES
etc. 
157-164 DECEMBER DATA VALUES

65     1949 8443    -999999 8641    -999999 8339    8780    8784    7406    7371    8003    8233    8777    8793    8961    8587    8480    8935    8930    8758    
65     1950 8389    8577    8554    8827    7566    9168    8256    8645    9104    7152    7550    7997    8427    9632    9423    8247    8558    7953    8003    
65     1951 8098    7942    8480    7886    7780    8675    8287    7539    8139    7477    7690    8171    8553    8361    9106    8993    7919    7960    7294    
65     1952 7874    7524    8245    7132    8115    8333    7752    7210    6876    7858    8207    8284    7960    8171    8855    7977    8274    6987    7758    
65     1953 7719    7347    8343    7289    7462    8804    7676    6871    7232    6939    7403    8042    8730    8894    8787    8177    7281    7583    6671    
65     1954 7859    7308    8366    7083    7939    8663    7622    7397    7193    7723    7553    8529    8540    8529    8916    8097    7190    7593    6997    
65     1955 7625    7029    8130    7010    7463    8240    7630    7306    6696    6374    8167    7871    8520    8097    8113    8020    7410    7467    7429    
65     1956 7826    7542    8122    7482    7850    8297    7434    7113    7934    7923    7877    7752    7820    8803    8252    8213    6984    7120    8116    
65     1957 7776    7463    8164    7476    7977    8411    7705    6848    7461    8239    7223    8445    7987    8823    8410    8057    7487    7580    6719    
65     1958 8182    7597    -999999 7468    8230    8851    -999999 7726    8011    8097    8270    8326    8740    9035    8774    -999999 7735    7240    7874    
65     1959 8041    7457    8315    7361    7915    8668    7991    7268    6896    7668    7730    8342    8207    9039    8745    7787    8190    7990    8503    
65     1960 8270    8149    8463    8114    8322    8646    8308    8165    7645    8361    7790    8797    8560    8971    8403    8230    8406    8283    7581    
65     1961 8016    7659    8556    7520    7700    8665    8256    7587    7379    6713    7997    8400    7973    8884    9116    8943    8277    7547    7329    
65     1962 8045    7493    8607    7174    8197    8892    7773    7313    6850    7581    8523    8497    9080    8735    8868    7927    7671    7723    7697    
65     1963 8332    7918    8587    7728    8430    8974    8170    7329    8204    8906    8297    8084    9247    8716    8968    8210    8471    7820    7729    
65     1964 7973    7854    8270    7571    8327    8187    7880    7261    7734    8100    8047    8826    8193    8481    7887    8177    7732    7737    7490    
65     1965 8205    7562    8713    7516    8308    8728    8203    7994    7014    7358    8530    9042    8627    8794    8761    8510    8277    7820    7642    
65     1966 8104    7840    8491    7727    8228    8564    7888    7677    7875    7748    8447    8497    8980    8097    8629    8307    8239    7107    7639    
65     1967 7938    7597    8310    7637    7629    8635    7801    7719    7543    7316    7057    8497    8217    8713    8961    8377    8242    6770    7761    
65     1968 8179    7509    8495    7459    7887    8620    8755    7281    7328    7639    7897    8126    8703    8784    8374    9090    8513    8670    7742    
65     1969 8132    8153    8482    8007    8095    8800    7601    8719    7511    7716    7837    8723    8747    8626    9026    7903    7832    7060    7790    
65     1970 8107    7727    8479    8039    8073    8540    7954    8468    7839    7365    8107    8748    8473    8432    8713    8383    7874    7607    7248    
65     1971 7960    7562    8262    7314    8214    8233    8026    7455    7232    7926    7763    8939    8207    8529    7961    8153    8187    7733    7361    
65     1972 8121    7907    8390    7873    8226    8507    7648    8161    8110    7897    8120    8658    8847    8823    7861    8027    7313    7617    8026    
65     1973 7992    7591    8452    7804    7798    8689    7855    7890    7464    7223    8183    8000    8483    9013    8565    8460    7545    7570    7477    
65     1974 8131    7786    8356    7928    7970    8584    8032    8377    7929    7823    7480    8590    8877    8090    8794    8290    7471    8353    7494    
65     1975 7848    7645    8170    7626    7725    8466    7914    7700    7689    7190    8233    7768    8243    8355    8794    7613    8545    7563    6477    
65     1976 8050    7502    8309    7009    8125    8376    8258    7371    7190    7845    7897    8626    8770    8784    7587    8187    8816    7753    7732    
65     1977 8030    8110    8028    7966    7841    8483    7810    8039    8143    8171    7680    7668    7987    8897    8548    7353    8584    7467    7787    
65     1978 8061    7965    8363    7786    8167    8471    7679    7429    8179    8348    8010    8139    7930    8794    8671    8620    7190    7243    8177    
65     1979 8073    7386    8407    7649    7849    8651    8302    7268    7486    6958    8410    8197    8217    8855    8868    7873    8800    8217    7687    
65     1980 8010    8063    8352    7713    7853    8864    7692    7803    7645    8206    6887    8435    8967    9155    8474    8163    7835    7073    7416    
65     1981 7996    7619    8224    7347    8076    8413    8059    7239    7389    8723    7030    8442    8313    8635    8287    8613    8074    7490    7645    
65     1982 7861    7709    8055    7756    7604    8418    7802    7658    7986    7419    6717    8648    8657    8232    8374    7663    8242    7487    7229    
65     1983 7560    7409    7868    6937    7902    7987    7423    6513    7082    7874    7553    8268    8043    8090    7829    7407    7671    7183    7161    
65     1984 7845    7248    8168    7140    7458    8513    8203    7061    7200    7203    7387    7781    8730    8768    8048    8293    7932    8393    7345    
65     1985 7805    7574    8360    7267    7824    8667    7392    7303    7139    7316    7910    8248    8543    8661    8794    7983    7416    6777    7503    
65     1986 7612    7316    7904    7398    7786    8147    7181    7429    7246    7503    7763    8090    8013    8100    8323    7107    6968    7477    7287    
65     1987 7817    7340    8119    7378    7423    8516    7735    7310    7554    7471    7237    7555    8477    8755    8316    8363    7626    7220    7900    
65     1988 7824    7437    8365    7399    7828    8683    7645    7561    6690    7568    7670    8242    7990    8855    9181    8213    7358    7373    7110    
65     1989 7641    7179    8023    6871    7704    8340    7677    6494    7025    7703    7870    7545    8083    8139    8790    7697    8000    7323    6971    
65     1990 7877    7518    8146    7581    7545    8634    7753    7906    7896    7039    7080    8500    8757    8513    8635    7350    8184    7710    6939    
65     1991 7719    7597    7952    7294    7568    8323    7848    7281    7704    7777    7003    7906    8007    8948    8003    7813    8052    7673    6452    
65     1992 7650    7147    8132    6567    7649    8218    7999    6600    6655    7435    7783    7732    7417    8339    8874    8627    7797    7580    6923    
65     1993 7690    7155    8317    6874    7592    8424    7687    7194    6468    6919    7913    7955    8683    8355    8242    8767    7065    7250    7410    
65     1994 7804    7411    8049    7622    7578    8545    7525    7377    8129    7300    7257    8168    8333    8823    8471    7200    7781    7587    7232    
65     1995 7698    7356    8026    7168    7809    8026    7989    7065    7211    7255    7567    8597    7790    8223    8058    7893    8284    7780    6610    
65     1996 7982    7590    8438    7454    7978    8495    7649    8255    7500    7113    8573    8268    8430    8555    8497    8303    7890    6747    7623    
65     1997 7930    7312    8143    7366    7573    8626    7971    7006    7479    7126    7580    8013    8377    9035    8458    7357    7816    8747    8135    
65     1998 7924    7720    8492    7691    7687    8680    7773    7887    6982    6716    8243    8119    8570    8700    8768    8550    7171    7617    7719    
65     1999 7784    7486    8201    7516    7975    8163    7636    8097    6646    7590    7993    8342    7880    8184    8416    8377    7884    6640    7239    
65     2000 7880    7118    8144    7018    7329    8473    8415    6784    7031    7110    7473    7410    8390    8432    8594    8563    8439    8243    8068    
65     2001 7852    7896    8311    7570    7963    8584    7715    7700    6875    7965    8057    7871    8290    8503    8948    8183    8539    6397    6787    
65     2002 8136    7276    8452    7103    7943    8534    8566    7445    7075    7368    8030    8435    8820    8323    8468    8640    8368    8697    7916    
65     2003 7942    7882    8452    7629    7884    8959    7545    7661    7275    7345    8187    8129    9113    9055    8713    7500    7303    7840    7152    
65     2004 7786    7413    8264    7289    7963    8468    7563    7677    7021    7471    8287    8142    8463    8516    8426    7743    7781    7157    6719    
65     2005 7739    7153    8119    6730    7753    8467    7765    6535    6957    7748    8287    7242    8440    8642    8319    7790    8061    7433    7374    
65     2006 7953    7539    8267    7309    7682    8526    8240    6865    7729    7787    7183    8058    7957    8748    8855    8770    8335    7610    7513    
65     2007 7670    7539    8074    7262    7562    8488    7390    6990    7286    7477    7217    7981    8337    8829    8294    7757    7448    6963    7413    
65     2008 7740    7289    8259    7218    7966    8573    7357    7184    7045    7655    7753    8484    8397    8790    8526    7570    7203    7303    6926    
65     2009 8076    7438    8285    7538    8021    8597    7757    8042    7657    7513    8640    7929    8340    8684    8758    7340    7603    8333    8039    
65     2010 7970    7818    8354    7674    7798    8797    7956    7448    7521    7948    7153    8271    8493    9058    8829    8280    8126    7457    6994    
65     2011 7812    7344    8274    7214    7461    8576    8009    7123    7561    6829    6927    8610    8193    8694    8829    8350    7790    7893    6923    
65     2012 7719    7277    7985    7026    7338    8379    7759    7390    6748    6900    7803    7326    8450    8323    8368    7637    7926    7710    8003    
65     2013 7835    7899    7949    8128    7703    8127    7481    8455    7904    7390    7507    8206    8300    8323    7765    7580    8068    6777    7713    
65     2014 8098    7879    8251    8328    7890    8546    7904    8813    8471    7455    7817    8397    8763    8732    8148    7633    7635    8453    6903    
65     2015 7642    7160    8250    6736    7237    8693    7676    6723    6564    6668    6920    8113    8327    8852    8890    8360    7597    7073    7523    
65     2016 7863    7391    8326    7440    7553    8773    7752    7368    7428    7352    7580    7729    8917    8584    8823    8320    7871    7060    7316    
