EUROPEAN CLIMATE ASSESSMENT & DATASET (ECA&D), file created on: 16-11-2020
THESE DATA CAN BE USED FOR NON-COMMERCIAL RESEARCH AND EDUCATION PROVIDED THAT THE FOLLOWING SOURCE IS ACKNOWLEDGED: 

Klein Tank, A.M.G. and Coauthors, 2002. Daily dataset of 20th-century surface
air temperature and precipitation series for the European Climate Assessment.
Int. J. of Climatol., 22, 1441-1453.
Data and metadata available at http://www.ecad.eu

FILE FORMAT (MISSING VALUE CODE = -999999):

THIS FILE HOLDS DATA FOR STATION GREECE                                   METHONI                                  (STAID:     63)
LATITUDE: dd:mm:ss +36:49:59
LONGITUDE: ddd:mm:ss +021:42:00
ELEVATION: m   52

DATA IS FOR INDEX Mean of daily average relative humidity (RH) with unit 0.01 Relative humidity (%)

01-06 SOUID: Source identifier
08-11 YEAR : YYYY
13-20 ANNUAL DATA VALUES
21-28 WINTER HALF YEAR DATA VALUES
29-36 SUMMER HALF YEAR DATA VALUES
37-44 WINTER (DJF) DATA VALUES
45-52 SPRING (MAM) DATA VALUES
53-60 SUMMER (JJA) DATA VALUES
61-68 AUTUMN (SON) DATA VALUES
69-76 JANUARY DATA VALUES
etc. 
157-164 DECEMBER DATA VALUES

63     1956 7025    -999999 6918    -999999 6840    7124    6885    7532    7372    6903    6607    7003    7117    6948    7306    6510    6655    7497    6865    
63     1957 7302    6986    7456    6908    7215    7514    7526    6577    7321    7052    7163    7429    7123    7890    7516    7597    7416    7570    6984    
63     1958 7390    7278    7435    7114    7591    7358    7233    7065    7314    7332    7430    8006    7503    7413    7161    7087    7026    7593    7748    
63     1959 7105    7146    7283    6907    7433    7290    6899    6990    5882    7529    7370    7397    7390    7603    6881    7053    6271    7393    7406    
63     1960 7153    7155    7080    7371    7205    7090    6963    7410    7293    7174    7253    7190    7000    7042    7226    6763    6768    7363    7355    
63     1961 6954    6964    6923    6913    7014    7021    6903    7126    6189    6923    7320    6810    7423    7155    6497    6347    6958    7403    7248    
63     1962 7136    7148    7055    7167    6980    7071    7286    7374    6846    7039    6980    6923    6927    7132    7148    7217    7032    7617    7381    
63     1963 7173    7282    7034    7266    7403    6918    7091    7126    7293    7258    7500    7455    7230    6774    6761    6487    7239    7543    7429    
63     1964 6976    7232    6969    7037    7196    7027    6865    6732    6945    7494    6677    7400    7097    7135    6852    6637    6906    7050    6771    
63     1965 6942    6908    6989    6872    7122    6890    6702    6890    6964    6877    7150    7339    6763    7200    6703    6767    6190    7167    7294    
63     1966 7095    6959    7231    7254    6985    7471    6808    7000    7493    6671    7003    7281    7397    7503    7510    6670    7032    6713    6884    
63     1967 6965    6901    6865    6926    6959    6773    7129    6887    7014    6877    6657    7332    6790    6703    6826    6873    7110    7403    7110    
63     1968 7654    7554    7334    7609    7428    7335    7827    7397    8369    7981    7483    6823    7240    7148    7613    7710    7471    8313    8355    
63     1969 8030    8106    8009    8143    7984    8137    7818    8148    7904    8432    7650    7858    7560    8171    8661    8133    6871    8480    8465    
63     1970 7456    7930    7348    8340    7227    7552    7018    8835    7654    7268    7337    7081    7837    7342    7487    7007    6677    7380    7581    
63     1971 7324    7444    7128    7691    7380    7129    7131    7952    7525    7555    7707    6890    7470    7061    6868    6790    7026    7580    7494    
63     1972 7551    7603    7458    7824    7745    7274    7347    8110    7872    7552    7943    7745    7090    7884    6842    7243    7274    7527    7535    
63     1973 7321    7376    7183    7628    7089    7110    7229    7865    7468    6600    7353    7323    6827    7419    7074    7093    7152    7443    8235    
63     1974 7228    7566    7115    7719    7418    7133    7078    7348    7557    7655    7100    7490    7320    7187    6897    6690    6977    7570    6971    
63     1975 7399    7160    7462    7018    7453    7636    7287    7158    6914    7358    7190    7803    7747    7819    7345    6847    7190    7827    7542    
63     1976 7458    7467    7413    7384    7699    7397    7144    7248    7359    7639    7697    7761    7647    7394    7158    6820    7519    7080    8152    
63     1977 7284    7479    7332    7748    7232    7565    7046    7587    7479    7042    7393    7265    7640    7806    7252    6627    6748    7773    6819    
63     1978 7221    7186    7211    7219    7337    7115    6870    7026    7875    6961    7567    7490    7247    7035    7068    6860    7165    6577    7819    
63     1979 7382    7385    7339    7592    7710    7323    7067    7435    7514    7784    7450    7887    7133    7426    7403    6710    7132    7357    7332    
63     1980 7262    7309    7257    7295    7218    7428    7330    7419    7121    7484    7010    7155    7330    7623    7329    7083    7439    7463    6674    
63     1981 7215    7184    7206    6869    7498    6964    7123    6829    7129    7571    7463    7458    7167    7194    6539    7430    7065    6877    7852    
63     1982 7150    7158    7254    7338    7375    7228    6936    7484    6607    7000    7333    7790    7220    7242    7223    6697    6977    7133    7032    
63     1983 7095    6920    7110    6819    7115    7124    7140    6739    6671    6948    6990    7403    7057    7332    6981    6883    6977    7563    7552    
63     1984 7176    7448    7104    7582    7285    7099    6897    7397    7814    7410    7620    6835    7487    6758    7065    6880    6623    7197    7087    
63     1985 7234    7053    7262    7101    7222    7382    7160    7258    6943    7203    7153    7306    7463    7294    7390    6960    6552    7990    7284    
63     1986 7305    7397    7219    7372    7285    7350    7255    7394    7446    7742    6510    7577    7550    7448    7058    7157    7732    6860    7161    
63     1987 7322    7298    7229    7308    7138    7285    7484    7429    7336    7261    6950    7197    7287    7200    7368    7370    7435    7647    7390    
63     1988 7076    7402    6919    7340    7080    6950    6873    7868    6721    7316    6747    7168    6967    6952    6932    6737    6661    7227    7571    
63     1989 7194    7046    7141    7004    6982    7286    7368    6581    6846    7374    6570    6987    7457    7145    7261    7427    7081    7607    7968    
63     1990 7295    7377    7123    7460    7114    7161    7505    7177    7211    7210    6887    7239    6843    7397    7232    7127    7626    7760    7806    
63     1991 7170    7456    7266    7359    7323    7390    6999    6910    7361    7274    7293    7400    7470    7606    7097    6720    6829    7453    6652    
63     1992 7121    6910    7247    6618    7367    7282    7038    6610    6590    7323    7570    7216    7410    7213    7226    6850    7142    7120    7161    
63     1993 7265    7143    7222    7031    7562    7138    7063    7371    6511    7490    7397    7794    7250    7187    6981    6713    6832    7650    7935    
63     1994 7271    7520    7170    7736    7392    7082    7142    7594    7671    7458    7197    7516    7367    6926    6961    7057    7316    7047    7165    
63     1995 7174    7319    7030    7508    7051    7007    6919    7674    7704    7039    6750    7355    6937    6848    7232    7043    6406    7323    7810    
63     1996 7391    7378    7117    7729    7258    7145    7325    7677    7697    7371    7017    7377    6933    7106    7387    6863    7381    7730    8135    
63     1997 7279    7573    7152    7817    7165    7146    7131    7868    7407    6906    6970    7613    7150    7158    7129    6880    6897    7623    7745    
63     1998 7312    7429    7226    7746    7173    7282    7224    7742    7750    6852    7130    7535    7657    7100    7100    6830    7277    7563    7242    
63     1999 7552    7347    7509    7180    7517    7489    7744    7152    7143    7694    7260    7590    7380    7665    7419    7737    7658    7840    8048    
63     2000 7405    7505    7380    7567    7409    7290    7455    7068    7586    6848    7683    7703    7303    7213    7355    7017    7371    7980    7758    
63     2001 7275    7601    7184    7518    7364    7290    7082    7539    7229    7703    7040    7339    7500    7303    7074    6840    6829    7587    7313    
63     2002 -999999 7332    -999999 7515    -999999 -999999 -999999 7627    7618    7065    -999999 -999999 -999999 7268    7032    -999999 -999999 -999999 -999999 
63     2003 -999999 -999999 -999999 -999999 -999999 -999999 -999999 -999999 -999999 -999999 -999999 -999999 -999999 -999999 -999999 -999999 -999999 -999999 -999999 
63     2004 -999999 -999999 -999999 -999999 -999999 -999999 6851    -999999 -999999 -999999 -999999 -999999 -999999 -999999 7465    6653    7277    6607    7590    
