EUROPEAN CLIMATE ASSESSMENT & DATASET (ECA&D), file created on: 16-11-2020
THESE DATA CAN BE USED FOR NON-COMMERCIAL RESEARCH AND EDUCATION PROVIDED THAT THE FOLLOWING SOURCE IS ACKNOWLEDGED: 

Klein Tank, A.M.G. and Coauthors, 2002. Daily dataset of 20th-century surface
air temperature and precipitation series for the European Climate Assessment.
Int. J. of Climatol., 22, 1441-1453.
Data and metadata available at http://www.ecad.eu

FILE FORMAT (MISSING VALUE CODE = -999999):

THIS FILE HOLDS DATA FOR STATION RUSSIAN FEDERATION                       SORTAVALA                                (STAID:     98)
LATITUDE: dd:mm:ss +61:43:00
LONGITUDE: ddd:mm:ss +030:43:00
ELEVATION: m   17

DATA IS FOR INDEX Mean of daily average relative humidity (RH) with unit 0.01 Relative humidity (%)

01-06 SOUID: Source identifier
08-11 YEAR : YYYY
13-20 ANNUAL DATA VALUES
21-28 WINTER HALF YEAR DATA VALUES
29-36 SUMMER HALF YEAR DATA VALUES
37-44 WINTER (DJF) DATA VALUES
45-52 SPRING (MAM) DATA VALUES
53-60 SUMMER (JJA) DATA VALUES
61-68 AUTUMN (SON) DATA VALUES
69-76 JANUARY DATA VALUES
etc. 
157-164 DECEMBER DATA VALUES

98     1945 -999999 -999999 -999999 -999999 -999999 7602    8735    -999999 -999999 -999999 -999999 6019    7233    7252    8310    8780    8510    8923    9065    
98     1946 8388    8813    8011    9016    7924    7902    8796    9274    8675    8419    8177    7184    7607    7435    8655    9037    8442    8920    8861    
98     1947 7966    8465    7521    8478    7461    7546    8430    8519    8007    8013    8167    6226    7410    7797    7426    8137    8194    8967    8765    
98     1948 7891    8274    7466    8531    7089    7372    8635    8681    8121    6932    7487    6861    7303    6429    8381    8357    8574    8977    8619    
98     1949 7872    8347    7563    8342    7322    7545    8305    8503    7857    7526    7520    6926    7590    6865    8181    8320    8016    8590    8587    
98     1950 7907    8197    7479    8174    7675    7185    8589    7674    8271    8061    8060    6916    7307    7303    6948    8383    8548    8837    8639    
98     1951 7852    8510    7236    8627    7203    7171    8399    8548    8700    7816    7583    6223    6563    7303    7626    8137    8445    8613    8726    
98     1952 7852    8427    7332    8632    7129    7285    8418    8623    8541    7626    7157    6606    6733    7213    7890    8400    8271    8587    8603    
98     1953 7996    8244    7631    8423    7249    7795    8465    8526    8111    7365    7590    6803    7030    7790    8539    8023    8771    8590    8800    
98     1954 8124    8465    7755    8532    7258    8004    8656    8497    8275    7845    7220    6706    7607    8158    8235    8607    8668    8693    8974    
98     1955 7903    8703    7264    8796    7901    6667    8564    8932    8446    8481    7570    7642    6183    6703    7100    8400    8652    8637    8119    
98     1956 7742    8205    7233    7935    7147    7483    8221    8200    7455    8132    7020    6284    6620    7474    8326    7663    8548    8440    8677    
98     1957 7928    8264    7539    8517    7040    7482    8647    8284    8596    7077    7223    6826    7103    7152    8177    8770    8548    8627    8819    
98     1958 7937    8345    7509    8517    7201    7557    8533    8403    8307    7371    6880    7342    6980    7458    8213    8163    8777    8650    8700    
98     1959 7780    8538    7116    8672    7223    6867    8432    8723    8586    7800    7407    6468    6430    6752    7406    8260    8087    8960    8555    
98     1960 7872    8250    7465    8369    6988    7543    8496    8394    8145    7374    7227    6371    7147    7729    7742    8593    8197    8707    8861    
98     1961 8177    8574    7738    8818    7459    7887    8674    8910    8668    8116    7117    7132    7300    7887    8455    8530    8800    8687    8539    
98     1962 8253    8520    7955    8542    7617    8045    8767    8684    8389    8013    7673    7168    7473    8139    8503    8773    8619    8913    8700    
98     1963 8076    8488    7597    8672    7529    7304    8795    8687    8625    7413    7973    7216    6503    7281    8103    8510    8955    8913    8768    
98     1964 7998    8434    7661    8500    7634    7239    8621    8265    8466    7255    8340    7329    6780    6774    8148    8620    8861    8373    8803    
98     1965 8008    8539    7522    8620    7283    7534    8640    8571    8471    8142    6847    6845    6463    7755    8348    8863    8342    8723    8732    
98     1966 8059    8447    7586    8408    7646    7567    8669    8261    8211    8400    7650    6887    7180    7842    7668    8303    8719    8983    8613    
98     1967 8125    8681    7534    8656    7649    7452    8793    8581    8786    8423    7457    7061    7067    7077    8200    8353    8777    9250    8526    
98     1968 8106    8713    7539    8678    7614    7368    8657    8555    8972    8232    7363    7239    6577    7368    8135    8547    8355    9080    8881    
98     1969 7778    8423    7192    8541    7300    6785    8559    8687    8004    7513    7617    6781    6103    7339    6890    8440    8410    8833    8739    
98     1970 7916    8577    7377    8677    7532    7098    8440    8735    8543    8206    8170    6239    5933    7587    7735    8613    8203    8510    8561    
98     1971 7713    8315    7129    8472    6957    7178    8210    8765    8050    7781    6753    6329    6700    6790    8029    8180    8097    8357    8735    
98     1972 7783    8172    7338    8426    7187    7165    8481    8142    8400    7323    7763    6494    6627    7045    7806    8317    8361    8770    8403    
98     1973 7606    8136    7032    8094    7184    6642    8451    7777    8104    7416    7633    6516    6520    5897    7506    8157    8565    8627    8623    
98     1974 8107    8603    7479    8752    6993    7914    8747    8568    9100    8187    6650    6132    7133    8045    8539    8363    8768    9110    8748    
98     1975 7734    8570    7122    8471    7511    6745    8321    8719    7889    8135    7687    6716    6643    6561    7026    8137    8203    8627    8484    
98     1976 7918    8285    7367    8273    7039    7598    8666    8226    8097    8071    6950    6094    7310    7635    7839    8390    8516    9097    8810    
98     1977 8104    8632    7569    8721    7636    7441    8657    8877    8450    8039    7690    7181    6937    7542    7829    8240    8613    9120    8748    
98     1978 7819    8748    7216    8767    6924    7524    8321    8977    8554    8468    7427    4894    6573    7497    8471    8463    7955    8557    8058    
98     1979 8028    8318    7510    8393    7460    7566    8533    8535    8607    8229    7083    7055    6923    7684    8071    8237    8365    9003    8574    
98     1980 8017    8654    7394    8779    7520    7172    8600    8723    9059    8235    7913    6423    6460    7090    7942    8560    8842    8390    8606    
98     1981 8162    8359    7862    8560    7122    8171    8822    8594    8471    7265    7030    7068    8033    7906    8568    8570    8981    8910    8571    
98     1982 7927    8442    7493    8318    7453    7422    8457    8177    8193    7810    7117    7423    6960    7100    8190    8163    8545    8660    8787    
98     1983 8051    8532    7540    8528    7830    7196    8621    8542    8225    8406    7720    7361    7147    6900    7539    8600    8706    8553    8923    
98     1984 8096    8663    7453    8773    7630    7216    8797    8565    8834    8406    7593    6890    6437    7813    7374    8620    9071    8690    8868    
98     1985 7979    8511    7645    8270    7445    7829    8471    7987    7921    8477    7123    6723    7450    7719    8306    8553    8368    8497    8603    
98     1986 7969    8347    7613    8374    7516    7545    8564    8516    7964    8100    7253    7187    6953    7710    7952    8620    8187    8897    8284    
98     1987 8087    8348    7793    8296    7389    7929    8611    8148    8471    8129    6770    7248    7973    7413    8403    8960    8261    8623    8677    
98     1988 8117    8589    7555    8638    7527    7664    8586    8648    8586    8735    7220    6616    6920    7461    8587    8523    8381    8860    8868    
98     1989 7996    8634    7361    8598    7629    7273    8612    8639    8254    8774    7423    6684    7220    7029    7568    8270    8723    8840    8542    
98     1990 7916    8537    7370    8676    7040    7547    8369    8613    8893    7658    7160    6306    6877    7865    7877    8137    8377    8593    8700    
98     1991 8207    8367    7861    8462    7691    7930    8751    8194    8496    7861    7827    7390    7857    7652    8281    8170    9058    9013    8713    
98     1992 7967    8781    7395    8698    7723    7066    8479    8561    8828    8526    7937    6713    5910    7306    7945    8563    8145    8740    8461    
98     1993 8023    8312    7613    8332    7127    8090    8369    8435    8075    8006    6837    6529    7920    8029    8316    8043    8390    8673    9006    
98     1994 7950    8598    7286    8732    7513    6924    8613    8813    8339    8342    7640    6561    7137    6432    7210    8790    8452    8603    9132    
98     1995 8078    8734    7497    9029    7732    7175    8553    8884    9075    8284    7780    7132    7170    7061    7294    8577    8613    8467    8690    
98     1996 7975    8534    7273    8767    7125    7488    8523    9135    8455    7835    7067    6471    7233    7697    7526    7647    8752    9163    8729    
98     1997 7727    8446    7030    8451    6876    6876    8710    8465    8129    7432    6567    6619    6647    6848    7126    8387    8894    8843    8797    
98     1998 8108    8652    7675    8707    7303    8023    8464    9081    8193    8068    6880    6948    7640    8013    8403    8157    8577    8653    8652    
98     1999 7866    8388    7279    8493    7082    7315    8579    8406    8414    7639    7097    6510    7167    7190    7584    8143    8687    8903    8697    
98     2000 8112    8476    7577    8580    7046    7873    8795    8487    8555    7545    7600    6010    7300    7981    8319    8267    8900    9213    9194    
98     2001 8118    8816    7548    8887    7640    7370    8688    9203    8196    8142    7713    7068    7000    7361    7735    8423    8700    8940    8923    
98     2002 8131    8691    7564    8890    7289    7736    8603    8913    8829    7861    7237    6768    7350    8223    7623    8187    8584    9040    9000    
98     2003 8318    8687    7836    8899    7504    7942    8987    8681    9029    7835    7330    7342    7210    7919    8674    8527    9032    9400    8884    
