EUROPEAN CLIMATE ASSESSMENT & DATASET (ECA&D), file created on: 16-11-2020
THESE DATA CAN BE USED FOR NON-COMMERCIAL RESEARCH AND EDUCATION PROVIDED THAT THE FOLLOWING SOURCE IS ACKNOWLEDGED: 

Klein Tank, A.M.G. and Coauthors, 2002. Daily dataset of 20th-century surface
air temperature and precipitation series for the European Climate Assessment.
Int. J. of Climatol., 22, 1441-1453.
Data and metadata available at http://www.ecad.eu

FILE FORMAT (MISSING VALUE CODE = -999999):

THIS FILE HOLDS DATA FOR STATION GERMANY                                  POTSDAM                                  (STAID:     54)
LATITUDE: dd:mm:ss +52:23:00
LONGITUDE: ddd:mm:ss +013:03:50
ELEVATION: m   81

DATA IS FOR INDEX Mean of daily average relative humidity (RH) with unit 0.01 Relative humidity (%)

01-06 SOUID: Source identifier
08-11 YEAR : YYYY
13-20 ANNUAL DATA VALUES
21-28 WINTER HALF YEAR DATA VALUES
29-36 SUMMER HALF YEAR DATA VALUES
37-44 WINTER (DJF) DATA VALUES
45-52 SPRING (MAM) DATA VALUES
53-60 SUMMER (JJA) DATA VALUES
61-68 AUTUMN (SON) DATA VALUES
69-76 JANUARY DATA VALUES
etc. 
157-164 DECEMBER DATA VALUES

54     1893 7376    -999999 6423    -999999 6292    6496    8152    8668    8393    7139    5390    6319    6020    6413    7039    7340    8313    8797    8716    
54     1894 7832    8148    7397    8186    7110    7439    8440    7965    7843    7245    7107    6977    7553    6681    8087    7990    8655    8667    9210    
54     1895 7677    8665    6777    8869    7077    6822    8016    8858    8504    8084    6780    6358    6720    6855    6887    7067    8368    8603    9068    
54     1896 7964    8496    7456    8813    7254    7373    8421    9152    8179    7590    7560    6623    6813    7277    8010    8467    8242    8560    9097    
54     1897 8084    8638    7535    8961    7784    7250    8458    9265    8475    8174    7633    7539    6300    7781    7639    8307    8587    8477    8823    
54     1898 7975    8597    7347    8717    7871    7083    8404    8735    8579    8377    7817    7416    6480    7765    6984    7617    8706    8880    8368    
54     1899 7913    8344    7565    8316    7322    7462    8413    8574    7971    7545    7067    7345    7280    7861    7239    8607    8110    8533    8819    
54     1900 7956    8562    7213    8942    7185    7263    8440    9400    8571    7935    7407    6219    7457    7100    7239    7890    8245    9190    8884    
54     1901 7838    8547    7056    8626    7328    6978    8385    8548    8425    8000    7317    6668    6877    6697    7358    7437    8674    9033    9061    
54     1902 8058    8709    7549    8777    7546    7589    8475    8761    8479    8232    7027    7361    7037    7629    8084    8140    8674    8603    8665    
54     1903 7966    8234    7507    8274    7413    7379    8616    8148    7982    7316    7743    7190    6973    7274    7877    7987    8584    9280    9239    
54     1904 7716    8721    6816    8908    7345    6359    8400    8806    8662    7771    7540    6729    6623    6158    6303    7587    8677    8927    8858    
54     1905 8000    8501    7386    8432    7308    7417    8705    7945    8500    8113    7533    6284    6790    7726    7716    8283    8855    8973    9316    
54     1906 7980    8714    7369    8859    7196    7401    8562    8616    8621    7903    6617    7048    7200    7468    7529    8353    8410    8927    9103    
54     1907 8125    8696    7534    8886    7301    7774    8634    8852    8682    8206    7237    6458    7203    8181    7919    8207    8726    8967    8884    
54     1908 7916    8669    7454    8773    7818    7233    7779    8752    8676    8019    7820    7616    6500    7365    7810    7600    7574    8170    9094    
54     1909 8030    8368    7410    8827    7182    7527    8719    8832    8525    8023    7240    6284    7307    7500    7768    8383    8574    9203    8771    
54     1910 8083    8638    7507    8761    7283    7534    8664    8800    8707    7800    7093    6948    6657    7900    8016    8413    8490    9093    9100    
54     1911 7452    8621    6507    8759    7077    6238    7747    8965    8154    7897    6613    6706    6467    6252    6003    7017    7768    8457    9148    
54     1912 7905    8413    7303    8799    7145    7278    8581    8558    8683    7881    6617    6919    7313    6510    8013    8460    8323    8970    8652    
54     1913 7669    8227    7069    8226    6724    7182    8455    8290    7682    7419    6497    6248    6673    7277    7577    8143    8406    8817    8981    
54     1914 7866    8445    7201    8464    7273    7368    8433    8442    7918    8068    6553    7174    7323    7406    7374    7363    9065    8850    8813    
54     1915 7759    8688    6840    8764    7036    6697    8545    8990    8461    7935    7493    5694    5350    6835    7861    7810    9142    8663    8881    
54     1916 8090    8754    7491    8701    7550    7661    8308    8739    8469    8606    7217    6816    7313    7916    7742    7940    8300    8683    9329    
54     1917 7483    8540    6508    8866    6703    6473    8062    8729    8504    7697    7083    5342    5433    6661    7290    7243    8284    8650    8932    
54     1918 7944    8481    7243    8748    7073    7401    8456    8952    8318    7742    7507    5984    6680    7284    8216    7797    8535    9033    9294    
54     1919 7889    8729    7068    8984    7384    7073    8231    8855    8786    7884    7623    6652    6783    7458    6968    6927    8613    9140    9032    
54     1920 7816    8522    7410    8745    7280    7202    7997    8913    8259    7181    7810    6868    7007    6958    7635    8207    7645    8150    9181    
54     1921 7287    8073    6485    8761    6489    6283    7874    8813    8239    6429    6720    6326    7017    5748    6106    7033    7855    8733    8526    
54     1922 7757    8254    7081    8438    6910    7085    8425    8474    8300    7655    7247    5839    6383    7300    7548    8190    8087    9010    9097    
54     1923 7882    8563    7262    8789    7348    7329    8100    8874    8354    7952    6693    7377    7893    6810    7303    7507    8284    8503    9052    
54     1924 7661    8119    7252    8366    7043    7059    8227    8371    7628    6858    7307    6974    6730    6855    7581    8080    8239    8363    8945    
54     1925 7692    8371    6926    8536    6862    6873    8603    8735    7861    8035    6513    6026    6503    6510    7594    8430    8303    9087    8719    
54     1926 8092    8612    7525    8859    7058    7830    8536    8894    8975    7745    6510    6900    7910    7681    7903    8247    8665    8693    9029    
54     1927 8127    8556    7779    8753    7626    7823    8392    8842    8350    7742    8043    7106    7630    7748    8084    8077    8216    8890    8823    
54     1928 7651    8228    7008    8507    6988    6937    8086    8674    7990    6784    7427    6768    6843    6474    7490    7053    8342    8853    9116    
54     1929 7505    8444    6677    8447    7195    6716    7864    8674    7454    8142    7010    6426    6820    6768    6565    6483    8448    8640    8597    
54     1930 7900    8401    7271    8548    7474    6853    8526    8652    8379    7697    7587    7142    5770    6968    7787    8370    8545    8663    9252    
54     1931 7935    8523    7434    8932    7133    7379    8429    8758    8771    7174    7357    6874    7123    7387    7619    8260    8335    8693    8932    
54     1932 7753    8268    7238    8534    7098    7089    8362    8939    7676    7006    6973    7310    6757    7303    7197    7887    8403    8793    8768    
54     1933 7711    8348    7005    8629    6836    7021    8379    8671    8429    7045    6720    6739    7047    7000    7016    7517    8294    9330    8790    
54     1934 7553    8564    6531    8661    6891    6358    8132    8626    8557    7810    6460    6390    5787    6155    7113    7277    8142    8977    9390    
54     1935 7567    8526    6757    8872    7051    6561    8019    9152    7989    7471    7683    6019    6160    6461    7048    7193    8068    8793    8794    
54     1936 7954    8535    7243    8689    7603    7109    8302    8484    8797    8300    7227    7271    6563    7348    7397    7640    8439    8823    9158    
54     1937 8014    8535    7368    8691    7516    7288    8512    8210    8707    7900    8193    6477    6620    7390    7832    7707    8745    9077    9365    
54     1938 7627    8530    6989    8820    6828    6904    8191    9003    8014    6942    7360    6200    6650    6923    7132    7690    8406    8470    8765    
54     1939 7915    8529    7250    8623    7613    6979    8508    8948    8107    8435    7350    7045    6607    7029    7290    8193    8674    8650    8642    
54     1940 7792    8466    7182    8470    7254    7099    8280    8642    8103    8068    6593    7081    6027    7397    7839    8130    8110    8607    8874    
54     1941 7956    8469    7342    8750    7393    7226    8426    8677    8693    7877    7357    6945    6613    7068    7977    8090    8626    8557    9029    
54     1942 7718    8427    7012    8654    6811    7098    8470    8413    8507    7442    6560    6423    6693    7339    7248    7810    8413    9190    8632    
54     1943 7520    8254    6856    8538    6311    6872    8215    8671    8286    6365    6920    5668    7317    6768    6545    7973    7761    8927    9145    
54     1944 7699    8519    6819    8818    7175    6762    8185    8748    8541    8006    6950    6561    6970    7094    6229    7130    8655    8753    8774    
54     1945 7814    8476    7136    8637    6942    7334    8338    8665    8454    7561    6873    6390    6690    7300    7990    7560    8326    9130    8855    
54     1946 7630    8419    6937    8388    6908    7085    8233    7845    8471    7916    6463    6329    7097    6584    7574    7583    8342    8770    8648    
54     1947 7376    8288    6520    8232    6813    6616    7695    8165    7846    7932    6573    5926    6373    6597    6871    6787    7574    8727    9148    
54     1948 7524    8313    6777    8678    6826    6867    7938    8597    8262    7581    6407    6477    6193    7190    7197    7180    8071    8560    8568    
54     1949 7576    8218    6974    8414    7025    7002    7809    8313    8357    7461    6843    6765    7300    7184    6532    7237    7368    8837    8787    
54     1950 7738    8254    7102    8487    7439    6814    8264    8394    8257    7900    7513    6906    6423    7090    6916    7777    8055    8967    8700    
54     1951 7560    8363    6883    8482    6966    6863    7965    8468    8257    7739    6073    7058    6810    6900    6877    7573    7481    8857    8668    
54     1952 7757    8135    7044    8637    6710    6916    8627    8661    8579    6616    6473    7032    6853    6774    7119    8017    8632    9233    9126    
54     1953 7468    8567    6674    8957    6220    7039    7765    9145    8561    6726    5633    6281    7397    7058    6674    7003    7974    8310    8916    
54     1954 7642    8160    7015    8259    6653    7367    8289    8268    7521    7913    6437    5603    6463    7935    7674    7970    8194    8707    8974    
54     1955 7909    8376    7407    8573    7067    7590    8456    8319    8411    7665    7110    6429    7237    7687    7835    8150    8413    8807    8884    
54     1956 7881    8363    7407    8543    7318    7396    8358    8465    8262    7355    8030    6594    7550    7039    7603    7660    8481    8930    8648    
54     1957 7777    8425    7178    8644    6940    7115    8378    8652    8632    7245    6997    6581    6117    7381    7816    8167    8500    8463    8813    
54     1958 8018    8363    7519    8446    7535    7493    8541    8310    8189    7890    7350    7358    7393    7419    7665    7933    8490    9200    9032    
54     1959 7490    8476    6716    8658    6842    6729    7742    8384    8546    7235    7000    6297    5790    6858    7510    6827    7252    9163    9084    
54     1960 7933    8374    7268    8646    7252    7325    8520    8832    7979    7932    7170    6652    6723    7474    7758    7830    9061    8650    9094    
54     1961 8018    8629    7577    8749    7645    7545    8303    8497    8646    7826    7047    8042    6983    7674    7958    7723    8081    9113    8642    
54     1962 8017    8373    7563    8453    7510    7461    8584    8490    8204    7713    7300    7510    6667    7861    7829    8193    8545    9013    8865    
54     1963 7822    8497    7172    8718    7228    6911    8369    8735    8536    7310    7230    7145    6680    6513    7532    7943    8435    8727    9119    
54     1964 7896    8562    7158    8768    7423    6990    8437    9048    8093    7923    7493    6855    6697    6632    7632    7650    8594    9063    9068    
54     1965 8068    8803    7520    8993    7699    7413    8289    9203    8679    8206    7860    7035    6923    7839    7461    8007    8355    8503    8771    
54     1966 7936    8437    7299    8638    7226    7328    8549    8784    8329    7871    7413    6400    6767    7519    7681    8027    8632    8987    8848    
54     1967 8036    8573    7547    8699    7309    7542    8516    9055    8139    7748    7377    6803    7470    7423    7732    8500    8274    8783    9139    
54     1968 7997    8579    7330    8957    7205    7134    8765    8977    8741    7574    6537    7484    6750    7294    7345    8567    8745    8983    8981    
54     1969 8079    8724    7455    8977    7578    7283    8419    9129    8804    7716    7430    7584    7577    7042    7239    7873    8903    8463    9232    
54     1970 8165    8825    7383    9089    7907    7017    8655    9100    8918    8332    8097    7297    6507    7274    7255    7880    9010    9063    9284    
54     1971 7832    8846    7061    9013    7302    6836    8209    8884    8857    7987    7137    6777    7903    6381    6258    7967    7990    8677    9274    
54     1972 7960    8421    7513    8863    7276    7422    8565    8703    8593    7310    7160    7355    7163    7406    7687    8310    8519    8867    8471    
54     1973 7861    8598    7130    8841    7534    6765    8141    9277    8768    7713    7550    7339    6627    7103    6561    7613    8658    8133    9026    
54     1974 7872    8345    7248    8844    6680    7548    8460    8935    8543    6787    6203    7035    7587    7516    7542    7590    9071    8700    8968    
54     1975 7767    8587    6949    8694    7270    6690    8468    8600    8496    7684    7370    6758    6820    6642    6613    7520    8935    8933    8890    
54     1976 7690    8603    6680    8690    6954    6375    8686    8735    8428    7697    6570    6584    6273    6077    6771    7827    9013    9207    9116    
54     1977 8195    8948    7552    9169    7402    7705    8555    9352    9025    7990    7520    6700    7523    7426    8161    7997    8961    8693    9032    
54     1978 7949    8660    7256    8818    7242    7036    8719    8823    8575    7868    6877    6971    6730    7023    7345    8607    8768    8780    9058    
54     1979 7769    8582    7239    8696    7254    7259    8013    8816    8161    7877    7217    6668    7050    7426    7294    7790    7545    8720    8697    
54     1980 7896    8378    7396    8842    6910    7707    8166    8929    8903    7516    7300    5926    7370    8294    7445    8057    8152    8290    8613    
54     1981 7861    8351    7297    8533    7263    7478    8130    8877    8064    8077    6693    7000    7360    7455    7616    7650    8339    8393    8781    
54     1982 7313    8123    6542    8350    6557    6549    7922    8471    7739    6984    6073    6597    6930    6568    6161    6930    8665    8147    8490    
54     1983 7388    8080    6770    8026    7397    6208    7927    7800    7761    7590    6980    7606    6253    5794    6577    7423    7826    8537    8535    
54     1984 7636    7978    7311    8273    6777    7457    8036    8174    8097    6726    6243    7345    7557    7626    7190    7897    8255    7950    8574    
54     1985 7842    8321    7210    8498    7272    7260    8338    8784    8096    8232    7083    6494    7427    7074    7284    7927    8687    8390    8635    
54     1986 7804    8317    7384    8428    7454    7096    8279    8658    7943    7555    7883    6939    7073    6887    7326    8230    8358    8247    8568    
54     1987 8067    8176    7821    8450    7201    7951    8582    8361    8418    7129    7210    7265    7987    7516    8352    8607    8410    8737    8855    
54     1988 7635    8539    6927    8581    6729    7327    8046    8516    8359    8355    5960    5848    7720    7300    6974    7783    7884    8477    8468    
54     1989 7500    8131    6772    8392    6775    6705    8044    8545    8139    7284    7037    6013    6420    6674    7013    7497    7965    8673    8790    
54     1990 7581    8182    6943    8377    6815    6788    8346    8532    7746    7361    6857    6229    7470    6274    6642    8243    7945    8863    8858    
54     1991 7612    8273    7043    8407    7245    7049    7818    8177    8161    7639    6870    7213    7150    6510    7490    7023    7800    8630    8710    
54     1992 7616    8488    6521    8823    7054    6104    8405    8942    8817    8055    6920    6184    5367    6245    6677    7747    8448    9020    9000    
54     1993 7847    8426    7282    8606    6577    7542    8703    7987    8854    7306    5850    6552    7177    7774    7665    8670    8313    9140    8961    
54     1994 7745    8524    7133    8516    7372    6759    8409    8839    7664    8161    6937    7003    7157    5929    7203    8610    8026    8603    8813    
54     1995 7831    8331    7132    8612    7104    6903    8626    8665    8332    7555    7130    6629    7783    6616    6339    8357    8461    9067    9116    
54     1996 8044    8602    7488    8784    7391    7486    8610    8771    8441    7758    6250    8129    7203    7771    7474    8070    8871    8880    8877    
54     1997 7681    8492    7008    8582    7125    6899    8074    8810    8004    7477    6680    7203    6727    7177    6787    7467    8032    8723    9081    
54     1998 7932    8290    7499    8491    7316    7360    8686    8513    7814    7545    7667    6748    7503    7584    6997    8533    8558    8970    8765    
54     1999 7695    8570    6898    8629    7389    6720    8089    8497    8625    8023    7393    6752    7167    6377    6629    7103    8197    8963    8700    
54     2000 7816    8531    7014    8631    7090    6925    8514    8713    8469    8152    7093    6026    6017    7510    7219    8230    8577    8733    9052    
54     2001 8239    8721    7605    8937    7487    7483    9057    9190    8529    8229    7543    6690    7843    7039    7577    8990    9023    9160    9097    
54     2002 8156    8638    7720    8662    7627    7732    8719    8758    8075    7681    7370    7823    7517    7745    7926    7927    8829    9397    8803    
54     2003 7507    8626    6519    8709    6700    6432    8281    9081    8193    7439    5970    6668    6290    6916    6084    7180    8616    9037    8629    
54     2004 7992    8498    7364    8632    7223    7486    8441    8994    8248    7465    6807    7384    7583    7661    7216    7527    8519    9273    9213    
54     2005 8076    8643    7430    8867    7073    7620    8666    8800    8557    7506    6103    7577    6980    7803    8055    8023    8700    9273    9513    
54     2006 7879    8893    7078    9043    7591    6937    8156    8739    8861    8281    7677    6819    6890    5803    8116    7177    8442    8840    8968    
54     2007 8034    8507    7441    8729    6871    7760    8788    8487    8732    7606    5797    7174    7617    7758    7900    8383    8742    9240    9006    
54     2008 7937    8645    7140    8649    7335    6846    8816    8810    8097    7958    7850    6213    5970    7171    7368    8293    8984    9167    9355    
54     2009 7815    8988    6826    9212    6997    6948    8163    9216    9050    8168    5947    6842    7403    7177    6277    7313    8658    8500    9281    
54     2010 7790    8563    7056    8887    7265    6620    8502    8887    8450    7587    6203    7971    6383    5661    7806    8300    8284    8930    9032    
54     2011 7685    8251    7087    8480    6400    7434    8565    8981    7314    6897    6310    5990    6703    7710    7865    7937    8597    9160    8706    
54     2012 7867    8441    7202    8558    6722    7555    8486    8681    8269    7245    6560    6355    7400    7803    7458    7637    8552    9267    9181    
54     2013 8004    8755    7329    9053    7346    7009    8734    9026    8943    7597    6787    7635    7237    6710    7087    8537    8571    9100    8900    
54     2014 7981    8441    7440    8524    7312    7258    8822    8826    7775    7429    7077    7423    7020    7223    7523    8380    8974    9107    8987    
54     2015 7631    8659    6813    8798    6866    6570    8498    8926    8446    7510    6587    6494    6583    6713    6413    8113    8739    8633    8471    
54     2016 7597    8404    6617    8423    6853    6801    8153    8729    8045    7790    6573    6187    6727    6581    7094    6543    9026    8860    8987    
54     2017 7998    8522    7420    8651    7047    7441    8863    8774    8143    7316    7003    6819    6940    7703    7665    8390    8984    9210    9023    
54     2018 7202    8603    6233    8567    6873    6104    7357    8884    7711    7742    6893    5984    6573    5926    5829    6227    7345    8500    8835    
54     2019 7315    8049    6285    8263    6590    6112    8375    8606    7250    7694    5523    6519    5630    6523    6168    7337    8571    9210    8687    
54     2020 -999999 8268    6333    8413    6042    6501    -999999 8616    7903    6629    5047    6419    6713    6755    6042    7017    8787    -999999 -999999 
