EUROPEAN CLIMATE ASSESSMENT & DATASET (ECA&D), file created on: 16-11-2020
THESE DATA CAN BE USED FOR NON-COMMERCIAL RESEARCH AND EDUCATION PROVIDED THAT THE FOLLOWING SOURCE IS ACKNOWLEDGED: 

Klein Tank, A.M.G. and Coauthors, 2002. Daily dataset of 20th-century surface
air temperature and precipitation series for the European Climate Assessment.
Int. J. of Climatol., 22, 1441-1453.
Data and metadata available at http://www.ecad.eu

FILE FORMAT (MISSING VALUE CODE = -999999):

THIS FILE HOLDS DATA FOR STATION FRANCE                                   MARIGNANE                                (STAID:     39)
LATITUDE: dd:mm:ss +43:26:16
LONGITUDE: ddd:mm:ss +005:12:57
ELEVATION: m    9

DATA IS FOR INDEX Mean of daily average relative humidity (RH) with unit 0.01 Relative humidity (%)

01-06 SOUID: Source identifier
08-11 YEAR : YYYY
13-20 ANNUAL DATA VALUES
21-28 WINTER HALF YEAR DATA VALUES
29-36 SUMMER HALF YEAR DATA VALUES
37-44 WINTER (DJF) DATA VALUES
45-52 SPRING (MAM) DATA VALUES
53-60 SUMMER (JJA) DATA VALUES
61-68 AUTUMN (SON) DATA VALUES
69-76 JANUARY DATA VALUES
etc. 
157-164 DECEMBER DATA VALUES

39     1921 -999999 -999999 -999999 -999999 -999999 5799    7744    8016    7421    7342    -999999 7226    5813    6052    5532    7447    8065    7710    8035    
39     1922 6938    7723    6044    7801    6603    5749    7525    7729    7621    7168    6743    5903    6277    5345    5642    6397    8071    8090    8332    
39     1923 7070    7819    6562    7934    7388    5732    7537    7742    7707    6910    8003    7239    5717    5590    5887    6970    7529    8113    7497    
39     1924 7132    7707    6132    7645    6746    5745    7924    8213    7197    7674    6563    5994    5427    5330    6455    7020    8219    8523    8884    
39     1925 7185    8372    6357    8643    7280    5763    7362    8648    8371    7590    7290    6961    5390    5757    6129    6600    7503    7977    8019    
39     1926 7109    7882    6321    8157    6798    5795    7819    8190    8271    7374    6287    6716    5873    5703    5810    7560    7532    8373    7719    
39     1927 6900    7569    6117    7546    6566    5721    7521    7890    6971    6897    6380    6416    5653    5597    5910    6763    7455    8347    8516    
39     1928 7039    7805    6360    7715    7308    5830    7409    7813    6755    7897    7387    6642    6013    5384    6100    6663    7706    7847    8235    
39     1929 6786    7452    6102    7518    6421    5675    7521    7716    6504    6623    6230    6403    5650    5523    5852    6970    7655    7933    8332    
39     1930 7075    7799    6442    8034    6959    5995    7464    7932    7818    7129    7060    6690    7093    5294    5632    6940    7603    7843    7952    
39     1931 6652    7405    5742    7404    6240    5325    7668    7513    6679    6787    5610    6303    5350    4894    5732    6570    7545    8893    7945    
39     1932 7028    7660    6406    7687    6252    6279    7801    8158    6907    6500    5810    6432    6407    6577    5858    7363    7910    8127    8268    
39     1933 6529    7609    5622    7549    6140    5323    7158    7284    7046    6981    6343    5103    5277    4932    5758    6353    7442    7670    8194    
39     1934 6949    7517    6225    7617    7138    5332    7698    7806    6768    7155    7587    6687    5190    5077    5723    7127    7600    8370    8294    
39     1935 6495    7310    5916    7301    6038    5758    7196    7052    6479    6019    5647    6435    5707    5390    6174    6137    7387    8057    7445    
39     1936 6837    7534    6253    7619    6954    5714    6923    8142    7245    6926    7207    6739    6113    5671    5371    6450    6726    7600    7877    
39     1937 -999999 -999999 -999999 7700    -999999 -999999 -999999 7665    7543    -999999 -999999 -999999 -999999 6535    5877    7193    -999999 -999999 -999999 
39     1938 7112    -999999 6595    -999999 6775    6278    7866    7894    7543    7490    6133    6681    6650    6216    5981    7940    7471    8200    7197    
39     1939 -999999 -999999 6460    -999999 6758    6290    6863    -999999 7079    6839    7133    6313    6600    5523    6758    6457    6771    7363    7416    
39     1940 6627    6979    6257    7134    6283    6057    7157    6784    7207    6361    6243    6242    6713    5929    5548    6903    7090    7480    7087    
39     1941 6765    7239    6217    7434    6426    6043    7102    8058    7129    6587    6380    6310    6357    5719    6065    6490    7197    7617    7300    
39     1942 6513    7119    5910    7018    6429    5499    6889    6923    6811    6852    6577    5865    5250    5758    5481    6550    6719    7403    7994    
39     1943 -999999 7225    -999999 7494    6771    -999999 -999999 7668    6750    6777    6880    6658    6147    -999999 -999999 -999999 -999999 -999999 -999999 
39     1944 -999999 -999999 -999999 -999999 -999999 -999999 -999999 -999999 -999999 -999999 -999999 -999999 -999999 -999999 -999999 -999999 -999999 -999999 -999999 
39     1945 -999999 -999999 -999999 -999999 -999999 -999999 7297    -999999 -999999 -999999 -999999 -999999 -999999 -999999 -999999 7087    7206    7600    7481    
39     1946 7287    7373    6783    7358    7132    6351    8058    7542    7018    7361    6997    7032    6740    5655    6671    7633    7890    8657    8245    
39     1947 6979    8012    6346    7966    7212    5782    7233    7935    7689    7642    7060    6929    5297    5639    6394    6760    7613    7313    7500    
39     1948 7049    7168    6746    7136    6939    6299    7745    7494    6366    6674    7083    7065    6220    5903    6771    7450    7742    8043    7755    
39     1949 7020    7409    6600    7497    6761    6283    7466    7771    6907    6210    7103    6981    6560    6242    6055    6677    7845    7863    8016    
39     1950 6876    7644    6245    7757    6707    5860    7287    7829    7389    6903    6600    6613    6087    5390    6110    6690    7442    7723    7774    
39     1951 7145    7540    6698    7667    6955    6511    7411    7703    7507    7094    6523    7235    6643    6148    6745    6890    7716    7617    7929    
39     1952 6709    7447    6209    7505    6879    5761    6818    7732    6810    6842    6603    7184    5733    5390    6158    6183    7094    7167    7584    
39     1953 6953    7162    6459    7404    6422    6348    7645    7652    6932    6519    6613    6139    6653    6119    6281    6977    7923    8027    7619    
39     1954 6879    -999999 6474    -999999 7038    6104    7003    7161    -999999 7171    7080    6865    6310    5768    6242    6600    7268    7133    7594    
39     1955 6493    7282    6154    7500    6246    6204    5881    7881    6975    6806    6100    5826    6410    5926    6284    6390    6897    4323    8061    
39     1956 6654    6629    6268    7302    6388    6111    7046    7858    5897    6616    6467    6084    6087    6242    6003    6743    7132    7260    7406    
39     1957 6953    7342    6496    7323    7039    6305    7109    7368    7182    7687    6840    6584    6890    5610    6435    6647    6906    7780    7539    
39     1958 6783    7154    6339    7260    6396    6146    7354    7106    7121    6487    6483    6219    5920    6348    6161    6910    7061    8100    7516    
39     1959 6768    7233    6398    7123    6625    5996    7348    6855    6986    6884    6693    6300    6037    5694    6258    7437    7152    7463    7500    
39     1960 6856    7333    6315    7510    6450    6134    7269    7494    7538    6868    6047    6423    6367    5671    6371    7027    7045    7743    7719    
39     1961 6895    7365    6328    7557    6632    5996    7375    7948    6943    6761    6773    6365    6457    5597    5948    6863    7577    7677    7835    
39     1962 6583    7275    6014    7339    6211    5790    7093    7235    6904    6400    6030    6197    6197    5171    6016    6497    7255    7523    7603    
39     1963 6800    7194    6466    7280    6291    6409    7280    7190    7021    6565    6663    5658    6443    6229    6555    7277    7245    7320    7471    
39     1964 6860    7340    6317    7449    6665    6075    7287    7652    7210    7132    6500    6358    6027    6000    6197    6833    7306    7720    7397    
39     1965 6661    7045    6222    6933    5878    6301    7343    7123    6211    6455    5590    5581    6147    6468    6284    7277    7352    7400    7997    
39     1966 6967    7391    6575    7777    6704    6143    7455    7455    7889    6303    7193    6632    6053    6032    6342    7220    7577    7563    7432    
39     1967 6579    7288    6054    7418    6138    5776    7154    7539    7268    6358    6033    6019    5683    5623    6019    6960    7074    7430    7006    
39     1968 7023    7087    6595    7205    6620    6378    7629    6810    7841    6419    6690    6752    6659    6116    6377    6993    8026    7853    7784    
39     1969 7076    7675    6707    7590    6848    6485    7575    7987    6936    7397    6390    6742    6653    6526    6281    7670    7442    7617    7258    
39     1970 6997    7408    6499    7576    6563    6321    7323    8168    7271    6687    6290    6703    6657    5835    6481    7047    7271    7653    7919    
39     1971 6967    7331    6629    7561    6923    6224    7214    7648    7068    6410    7373    7000    6423    6213    6042    6743    7345    7550    7800    
39     1972 7037    7420    6559    7489    6728    6493    7416    7545    7097    7165    6513    6500    6883    6013    6597    6867    7432    7950    7887    
39     1973 6808    7443    6330    7542    6212    6561    7054    7871    6796    6677    5680    6261    6787    6432    6471    6340    7326    7487    7535    
39     1974 6850    7460    6478    7740    6718    6186    6855    8013    7664    6758    6947    6458    6223    6239    6097    6927    6558    7090    7297    
39     1975 6929    7106    6520    7383    6553    6286    7326    7603    7236    6865    6280    6506    6483    5839    6542    7490    7065    7433    7839    
39     1976 6888    7327    6335    7473    6789    6072    7299    6919    7672    7061    7000    6313    5997    6003    6213    6500    7674    7710    7635    
39     1977 7168    7693    6757    7847    6835    6818    7149    8135    7761    7252    6217    7016    6683    6845    6923    6840    7439    7160    7752    
39     1978 6825    7250    6378    7554    6657    6113    6955    7571    7318    6265    6603    7100    6070    5684    6584    6217    7113    7530    7871    
39     1979 6631    7308    5907    7433    6023    5817    7307    7019    7407    6923    5907    5235    6200    5365    5900    6873    7777    7253    7774    
39     1980 6339    7174    5921    7140    6162    5707    6751    7319    6269    6597    5417    6448    5920    5745    5461    6540    6568    7150    6613    
39     1981 6372    6618    6003    6248    6678    5592    6830    5845    6289    7229    6757    6052    5617    5542    5619    6457    6861    7170    7035    
39     1982 6610    6932    5972    7126    5829    5948    7241    7294    7039    6213    5943    5335    6020    5681    6145    6733    7406    7577    7974    
39     1983 7036    7541    6484    7678    6835    6279    7377    7539    7504    7245    6633    6619    6487    5752    6606    6820    7548    7757    7952    
39     1984 6880    7422    6363    7514    6500    6042    7490    7461    7103    6700    5823    6955    6550    5165    6429    7273    7865    7320    7910    
39     1985 6882    7525    6393    7593    6907    6163    6838    7168    7714    7184    6447    7074    6413    5835    6248    6343    7052    7113    8035    
39     1986 6564    7185    5986    7518    6391    5630    6958    7455    7014    6423    6660    6100    5673    5503    5716    6287    7100    7483    7387    
39     1987 7173    7241    6644    7379    6645    6353    7837    7300    7457    6748    6800    6390    6067    6365    6619    7643    7710    8163    8842    
39     1988 7052    7711    6623    8073    6668    6318    7490    8039    7286    6213    6810    6987    6660    6010    6297    6993    7916    7547    7871    
39     1989 6634    7616    6072    7916    6488    5742    6676    8184    7668    6513    6913    6052    6057    5794    5387    6260    6871    6890    7110    
39     1990 7155    7175    6702    7489    6937    6458    7456    7739    7632    6845    6810    7152    6737    6365    6281    6877    7845    7633    7968    
39     1991 7115    7661    6585    7647    6749    6388    7916    7826    7093    7545    6407    6284    6717    5897    6561    7677    8055    8013    7319    
39     1992 7357    7704    6905    7669    6662    7109    7826    8232    7441    7158    6417    6403    7203    7084    7042    7290    7845    8343    7819    
39     1993 6810    7661    6210    7643    6887    5661    7120    8074    6971    6868    7330    6477    5810    5381    5797    6500    7261    7593    7668    
39     1994 6907    7341    6191    7477    6641    5620    7812    7539    7196    6781    6707    6439    5710    5290    5861    7170    7784    8483    7965    
39     1995 6848    7570    6354    7637    6645    5937    7167    7229    7725    6277    7150    6523    5863    5694    6252    6663    7890    6923    8042    
39     1996 6801    7391    6320    7616    6534    6105    7158    7835    6928    6681    6560    6361    6117    5887    6313    6697    7242    7533    7452    
39     1997 6680    7222    6154    7500    5837    6251    7124    7774    7250    6094    5547    5861    6473    5797    6490    6767    7126    7480    7545    
39     1998 6704    7258    6065    7582    6409    5620    7184    7606    7596    6232    6727    6277    5543    5303    6010    6550    7413    7580    7677    
39     1999 6661    7272    6146    7374    6589    5646    7185    7974    6375    6535    6420    6806    5443    5358    6129    6727    7403    7417    7294    
39     2000 6548    7116    5950    7203    6320    5592    7013    7445    6848    6284    6433    6245    5673    5242    5865    6260    7319    7450    7513    
39     2001 6550    7303    5850    7251    6714    5498    6776    7519    6664    7294    5893    6929    5220    5590    5674    5773    7484    7047    7445    
39     2002 6722    7182    6113    7459    6170    5826    7257    7645    7268    6206    5940    6355    5573    5726    6171    6917    7194    7663    8029    
39     2003 6387    7302    5691    7388    6292    5265    6938    7610    6432    6810    6133    5929    5363    5090    5345    6307    6619    7900    7113    
39     2004 6336    7039    5575    7205    5980    5414    6641    7284    7221    6139    5897    5903    5383    5081    5777    5407    7348    7143    7455    
39     2005 6515    6924    6002    6724    6300    5561    7471    6803    5829    6868    6300    5732    5863    5390    5439    7333    7339    7747    7506    
39     2006 6400    7253    5619    7382    5842    5241    6989    7458    7161    6313    5830    5384    5193    5361    5168    6807    7019    7140    8023    
39     2007 6519    7246    6000    7636    6414    5785    6430    7313    7564    6445    6623    6181    6187    5348    5832    5850    6803    6623    7529    
39     2008 6662    7005    6067    7510    6178    5777    7276    7577    7417    6097    6080    6355    6013    5661    5665    6643    7455    7723    7297    
39     2009 6567    7174    6017    7236    6266    5627    7091    7842    6496    6184    7187    5458    5663    5294    5926    6623    6923    7733    7500    
39     2010 6633    7271    6153    7457    6590    5797    6792    7658    7186    6632    6730    6413    6210    5474    5719    6400    6513    7473    7245    
39     2011 6592    7276    5937    7513    6323    5875    6712    7781    7514    7158    6413    5400    6010    5774    5845    6203    6513    7427    7145    
39     2012 6303    6667    5853    6593    6283    5372    6980    6894    5683    6303    6200    6342    5303    5148    5661    6477    6865    7603    7132    
39     2013 6610    7031    6165    6950    6849    5687    6793    7210    6461    6877    7113    6565    5643    5848    5568    6270    7103    6997    7639    
39     2014 6574    7178    5922    7516    6112    5701    7134    7545    7346    6448    6297    5597    5410    5703    5981    6560    7235    7603    7226    
39     2015 6583    7204    5747    7161    6316    5459    7033    7210    7036    6910    6293    5745    5580    5035    5765    6087    7545    7450    8355    
39     2016 6583    7564    5776    7897    6247    5499    6926    8055    7238    6716    6143    5877    5867    5306    5335    6153    7119    7500    7703    
39     2017 5947    7103    5229    7111    6048    4747    6058    6952    6632    6677    5800    5658    5230    4381    4645    5693    6165    6313    7255    
39     2018 6575    6599    5987    6856    6577    5505    7112    7000    6254    6568    6343    6813    5947    5268    5316    6253    7297    7780    8026    
39     2019 6439    7208    5721    7400    5765    5614    7131    6768    7407    6006    5330    5945    5580    5542    5719    6207    7306    7873    7648    
39     2020 -999999 -999999 -999999 -999999 -999999 -999999 -999999 -999999 -999999 -999999 -999999 -999999 -999999 -999999 -999999 -999999 -999999 -999999 -999999 
