EUROPEAN CLIMATE ASSESSMENT & DATASET (ECA&D), file created on: 16-11-2020
THESE DATA CAN BE USED FOR NON-COMMERCIAL RESEARCH AND EDUCATION PROVIDED THAT THE FOLLOWING SOURCE IS ACKNOWLEDGED: 

Klein Tank, A.M.G. and Coauthors, 2002. Daily dataset of 20th-century surface
air temperature and precipitation series for the European Climate Assessment.
Int. J. of Climatol., 22, 1441-1453.
Data and metadata available at http://www.ecad.eu

FILE FORMAT (MISSING VALUE CODE = -999999):

THIS FILE HOLDS DATA FOR STATION RUSSIAN FEDERATION                       PECHORA                                  (STAID:     94)
LATITUDE: dd:mm:ss +65:07:00
LONGITUDE: ddd:mm:ss +057:06:00
ELEVATION: m   53

DATA IS FOR INDEX Mean of daily average relative humidity (RH) with unit 0.01 Relative humidity (%)

01-06 SOUID: Source identifier
08-11 YEAR : YYYY
13-20 ANNUAL DATA VALUES
21-28 WINTER HALF YEAR DATA VALUES
29-36 SUMMER HALF YEAR DATA VALUES
37-44 WINTER (DJF) DATA VALUES
45-52 SPRING (MAM) DATA VALUES
53-60 SUMMER (JJA) DATA VALUES
61-68 AUTUMN (SON) DATA VALUES
69-76 JANUARY DATA VALUES
etc. 
157-164 DECEMBER DATA VALUES

94     1943 -999999 -999999 -999999 -999999 -999999 -999999 8569    -999999 -999999 -999999 -999999 -999999 -999999 -999999 -999999 8427    8616    8663    -999999 
94     1944 8072    -999999 7509    -999999 7363    7530    8742    8581    8821    8055    7100    6926    6930    7416    8226    8453    8968    8797    8613    
94     1945 7863    8336    7554    8309    7391    7297    8642    8290    7993    7339    7500    7339    6563    7635    7668    8620    8797    8503    8116    
94     1946 8068    8303    7680    8158    7743    7587    8531    8403    7932    8035    7587    7603    8087    7265    7426    8137    8690    8760    8887    
94     1947 7817    8410    7325    8433    7308    7254    8448    8323    8054    7723    7247    6952    6340    7526    7868    8003    8629    8707    8426    
94     1948 7894    8440    7266    8460    7345    7128    8619    8400    8562    7932    7447    6658    6547    7181    7639    8137    8958    8750    8539    
94     1949 8037    8423    7599    8383    7446    7342    8949    8713    7846    7687    7433    7216    7060    7171    7787    8947    8935    8967    8674    
94     1950 -999999 -999999 7851    -999999 -999999 7639    8689    8519    -999999 -999999 8050    7355    6993    7668    8235    8817    8758    8490    8958    
94     1951 -999999 -999999 7292    -999999 -999999 7100    8656    -999999 -999999 -999999 7263    6739    6623    7306    7355    8480    8616    8896    9277    
94     1952 7859    8659    7291    8781    7424    6974    8581    8974    8045    8135    7420    6716    6390    6677    7835    8730    8552    8463    8365    
94     1953 7898    8393    7001    8349    6951    6972    8903    8442    8229    8297    6283    6252    6097    7042    7748    8580    9090    9033    9658    
94     1954 7716    8686    7136    8790    6924    6998    8745    8513    8136    7645    6837    6287    7300    6235    7468    8733    8832    8667    7997    
94     1955 7585    8170    7153    8081    6948    7079    8401    8339    7889    7287    6833    6719    6423    6752    8042    8147    8655    8393    7555    
94     1956 7814    7989    7443    7716    7227    7346    8624    7816    7783    7732    7283    6668    6123    7887    7987    8700    8706    8463    8594    
94     1957 7835    8565    7154    8773    7300    6854    8549    8997    8725    7916    7363    6623    7047    6584    6939    8413    9019    8200    8268    
94     1958 7578    8123    7117    8110    6985    6903    8481    8039    8014    7190    7037    6729    6373    6584    7735    8257    8745    8433    7839    
94     1959 7701    8182    6962    8098    7040    6523    8963    8329    8129    7623    6917    6577    5277    6694    7558    8753    8848    9290    8439    
94     1960 7761    8444    7075    8235    7220    6565    8900    8184    8072    7835    7410    6419    6593    5790    7313    8983    8958    8757    8855    
94     1961 7883    8715    7328    8840    7591    6848    8503    8881    8779    8071    7350    7345    6207    6265    8052    8763    8390    8360    8190    
94     1962 7760    8157    7103    8246    6577    7275    8833    8342    8200    7468    6290    5965    6987    6855    7974    8567    8716    9220    8577    
94     1963 7787    8414    7317    8397    6921    7403    8608    8277    8329    7384    6707    6665    6707    7210    8271    8340    8810    8667    8106    
94     1964 7358    8021    6795    7795    6837    6341    8457    7929    7317    7274    6683    6548    5770    6135    7100    8553    8600    8213    8158    
94     1965 7552    8093    7107    7990    6993    6998    8255    7994    7800    7771    6403    6787    5863    6945    8148    8477    8303    7983    8123    
94     1966 7448    7727    7069    7544    7040    6733    8578    7435    7025    7435    7390    6306    6173    6565    7442    8567    8481    8690    7865    
94     1967 7534    8162    6701    7933    7072    6324    8652    7900    8046    7994    6973    6245    5627    6529    6794    8053    8832    9063    8390    
94     1968 7641    8452    7198    8197    7296    7120    8122    7968    8234    8232    6990    6655    6387    7084    7865    8207    7987    8177    7923    
94     1969 7676    7922    7266    7892    7132    7417    8064    7768    7996    7697    7037    6658    7220    6852    8174    7660    8000    8533    8535    
94     1970 7389    8064    6692    8261    6742    6455    8203    8084    8154    7100    6520    6600    5700    6223    7419    7683    8400    8520    8306    
94     1971 7616    8089    7087    8069    7176    6813    8403    8316    7532    7419    7313    6800    6247    6129    8045    8000    8613    8590    8371    
94     1972 7546    8246    6831    8168    7284    6290    8381    7887    8252    7777    7117    6952    6090    5581    7194    8080    8681    8373    8597    
94     1973 7545    8266    6863    8274    6943    6547    8496    8045    8171    7723    6830    6274    6200    6394    7035    8477    8526    8483    8439    
94     1974 7575    8285    6888    8154    7426    6304    8469    8026    7982    8229    7317    6729    5100    6232    7542    8413    8435    8560    8339    
94     1975 7944    8439    7385    8477    7283    7439    8569    8639    8450    8216    6983    6639    7000    7397    7906    8390    8758    8553    8423    
94     1976 7632    8181    7080    8162    6977    6838    8534    8023    8031    7300    6983    6648    6517    6461    7526    8363    8516    8723    8523    
94     1977 7618    8305    6958    8290    7047    6759    8486    8319    8000    7735    6837    6561    5860    6632    7755    8103    8419    8937    8265    
94     1978 7767    8369    7342    8233    7386    7298    8413    8497    7907    8161    7190    6800    6760    7081    8035    8187    8435    8617    7539    
94     1979 7874    8028    7498    7699    7382    7583    8552    7761    7807    8006    6867    7255    7123    7323    8287    8123    8777    8747    8384    
94     1980 7622    8208    7169    8099    6963    7126    8313    7752    8166    7439    6963    6487    6093    7381    7871    8213    8145    8587    8377    
94     1981 7778    8170    7316    8336    6986    7283    8578    8387    8232    7313    6800    6839    6713    7210    7906    8427    8635    8670    8229    
94     1982 7618    8066    7158    7838    7022    7246    8293    7481    7800    7574    6993    6497    7123    6703    7906    7737    8329    8813    8484    
94     1983 7876    8319    7319    8272    7113    7290    8834    8190    8129    7968    7237    6139    6737    6910    8206    8707    9171    8613    8523    
94     1984 7813    8356    7426    8223    7239    7277    8578    8361    7755    7684    7260    6774    6660    7284    7868    8723    8519    8493    8361    
94     1985 7786    8239    7325    8172    7538    7047    8362    8245    7882    7906    7567    7142    6093    7194    7823    8127    8694    8253    8484    
94     1986 7993    8435    7632    8557    7549    7589    8553    8677    8504    8000    7600    7048    6317    8461    7948    8397    8587    8673    7719    
94     1987 7563    8020    7088    7764    7083    7118    8134    7690    7896    7561    7067    6619    6240    7503    7584    7500    8468    8423    8200    
94     1988 7494    8084    6921    8111    7193    6409    8284    8165    7959    7294    7077    7206    5823    6535    6848    8040    8510    8293    8187    
94     1989 7492    8043    6900    8021    6796    6678    8531    7826    8054    7400    6477    6500    5663    6816    7523    8417    8577    8597    8084    
94     1990 7572    8041    7105    7874    6878    6978    8498    7442    8121    7448    6533    6642    6477    6610    7832    8547    8600    8343    8303    
94     1991 7631    8176    7141    8161    6942    7100    8429    8013    8168    7635    7050    6145    6257    7584    7432    8387    8361    8540    8045    
94     1992 7569    8006    7068    7924    6873    6913    8474    7761    7969    7374    6537    6697    6060    6523    8129    8460    8652    8303    8358    
94     1993 7648    8266    7047    8281    7263    6575    8562    8316    8157    7800    6980    7000    5440    6361    7887    8610    8510    8567    8171    
94     1994 7549    8104    7132    7942    7239    6900    8143    8110    7504    7719    7320    6681    6160    6848    7668    8123    8371    7927    8129    
94     1995 7544    7966    6996    8148    6515    7151    8456    8052    8275    7071    6250    6216    6493    7200    7739    8073    8642    8647    7916    
94     1996 7683    8152    7167    8058    6703    7418    8429    8474    7766    7461    6597    6048    7270    6890    8090    8123    8706    8447    8323    
94     1997 7575    8204    7051    8072    7232    6946    8253    7903    7982    7852    6790    7039    5997    7274    7535    7650    8745    8347    7771    
94     1998 7500    7827    7225    7700    6828    7060    8318    8035    7250    6774    6963    6752    6593    6381    8190    8483    8358    8110    8094    
94     1999 7776    7962    7392    7913    7388    7253    8402    7887    7743    7565    7330    7268    6787    7158    7800    8010    8832    8350    8565    
94     2000 7597    8301    6960    8229    6933    6951    8459    7900    8221    7935    6977    5887    6437    6219    8181    8077    8952    8333    8071    
94     2001 7735    7991    7459    7803    6922    7635    8555    7858    7446    7242    6737    6781    6820    7661    8397    8343    8765    8550    8174    
94     2002 7777    8202    7394    8070    7060    7400    8710    7935    8104    7684    6273    7197    6807    6568    8806    8700    8761    8667    7835    
94     2003 7685    8136    7204    7916    7004    7125    8442    7923    7996    7639    7097    6281    6853    6742    7771    8507    8268    8557    8623    
