EUROPEAN CLIMATE ASSESSMENT & DATASET (ECA&D), file created on: 16-11-2020
THESE DATA CAN BE USED FOR NON-COMMERCIAL RESEARCH AND EDUCATION PROVIDED THAT THE FOLLOWING SOURCE IS ACKNOWLEDGED: 

Klein Tank, A.M.G. and Coauthors, 2002. Daily dataset of 20th-century surface
air temperature and precipitation series for the European Climate Assessment.
Int. J. of Climatol., 22, 1441-1453.
Data and metadata available at http://www.ecad.eu

FILE FORMAT (MISSING VALUE CODE = -999999):

THIS FILE HOLDS DATA FOR STATION NORWAY                                   VARDOE                                   (STAID:    195)
LATITUDE: dd:mm:ss +70:22:01
LONGITUDE: ddd:mm:ss +031:05:04
ELEVATION: m   14

DATA IS FOR INDEX Mean of daily average relative humidity (RH) with unit 0.01 Relative humidity (%)

01-06 SOUID: Source identifier
08-11 YEAR : YYYY
13-20 ANNUAL DATA VALUES
21-28 WINTER HALF YEAR DATA VALUES
29-36 SUMMER HALF YEAR DATA VALUES
37-44 WINTER (DJF) DATA VALUES
45-52 SPRING (MAM) DATA VALUES
53-60 SUMMER (JJA) DATA VALUES
61-68 AUTUMN (SON) DATA VALUES
69-76 JANUARY DATA VALUES
etc. 
157-164 DECEMBER DATA VALUES

195    1951 8535    -999999 8513    -999999 8401    8696    8363    8606    8746    8716    8543    7948    8163    9052    8855    8507    8261    8323    8697    
195    1952 8512    8526    8513    8713    8427    8603    8322    8629    8821    8435    8557    8294    8653    8968    8190    8420    7965    8593    8648    
195    1953 8610    8540    8567    8653    8514    8791    8447    8548    8775    8735    8647    8165    8667    8987    8716    8217    8384    8743    8752    
195    1954 8558    8620    8585    8721    8455    8641    8430    8639    8779    8445    8463    8458    8337    8829    8748    8667    8297    8330    8716    
195    1955 8622    8523    8622    8590    8413    8792    8697    8416    8643    8739    8313    8184    8810    8961    8606    8863    8777    8447    8710    
195    1956 8949    8806    8945    8855    8843    9150    8862    8732    9141    9039    8770    8719    8853    9200    9387    8727    8900    8957    8955    
195    1957 8658    8926    8670    8939    8632    8878    8423    9023    8829    8887    8830    8184    8660    8894    9074    8377    8594    8293    8258    
195    1958 8619    8397    8615    8401    8202    8841    8754    8581    8361    8290    7830    8474    8623    8894    9000    8850    8648    8767    9068    
195    1959 8478    8759    8364    8783    8300    8540    8492    8458    8829    8794    8413    7697    8003    8777    8823    8467    8432    8580    8481    
195    1960 8415    8283    8517    8087    8459    8488    8468    7955    7807    8419    8340    8613    8603    8132    8732    8687    8297    8427    8945    
195    1961 8455    8531    8536    8643    8292    8945    8198    8455    8518    8539    7893    8432    8860    8929    9042    8030    8545    8007    8177    
195    1962 8319    8253    8373    8198    8360    8397    8355    7819    8639    8361    8237    8477    8643    7900    8655    8330    8413    8320    8071    
195    1963 8272    8301    8369    8251    8309    8401    8157    8245    8457    8316    8287    8323    8303    8232    8665    8400    8332    7733    7974    
195    1964 8304    8283    8167    8381    8348    8074    8199    8342    8859    8474    8183    8381    7847    8077    8290    8213    8265    8117    8613    
195    1965 8006    8195    8089    8286    7729    8480    7727    8287    7921    7935    7980    7281    8023    8694    8710    7833    7477    7880    8029    
195    1966 8123    8074    7947    8267    7935    8133    8153    8535    8232    8297    7683    7816    8193    8310    7897    7777    8342    8333    8058    
195    1967 8230    8177    8187    8048    8057    8295    8497    7794    8318    8235    7880    8048    7560    8452    8848    8310    8413    8770    8123    
195    1968 8757    8639    8735    8634    8597    8910    8644    8716    9093    8752    8420    8613    8703    8974    9045    8640    8471    8827    8835    
195    1969 8908    8963    8773    9230    8728    8800    8804    9361    9521    8810    8623    8748    8573    9010    8810    8867    8800    8747    9061    
195    1970 8775    8791    8735    8754    8508    8885    8990    8339    8875    8929    8247    8339    8540    9323    8781    9173    9023    8773    8952    
195    1971 9038    9030    9009    9122    8953    9059    8909    9155    9275    9016    8913    8929    9123    9042    9013    9037    8690    9007    9277    
195    1972 9139    9227    8957    9435    9066    8990    9036    9494    9541    9368    8813    9010    9133    8939    8903    8943    9052    9113    9368    
195    1973 9208    9287    9121    9376    9272    9137    9084    9300    9468    9432    9183    9197    9127    9106    9177    8930    9152    9167    9265    
195    1974 9189    9246    9203    9362    8868    9434    9090    9465    9357    9077    8760    8765    9137    9623    9532    9393    8935    8947    9277    
195    1975 9195    9212    9223    9263    9395    9218    8941    9245    9268    9594    9323    9265    9177    9413    9065    9093    8603    9137    9161    
195    1976 8258    8801    8081    9016    8064    8168    8079    9284    8576    8039    8010    8142    8010    8500    7990    7823    7906    8513    8297    
195    1977 8079    8264    8077    8350    8039    8228    7865    8423    8329    8129    7977    8010    8067    8529    8084    7780    7697    8123    7816    
195    1978 7969    8041    7981    8086    7840    8132    7899    8297    8150    8174    7717    7626    7910    8226    8252    8150    7600    7957    7581    
195    1979 7813    7837    7814    7920    7686    7858    7710    8135    8057    7716    7563    7774    7783    7977    7810    7973    7410    7757    7816    
195    1980 7564    7626    7471    7673    7372    7470    7680    7471    7734    7581    7533    7006    7627    7606    7181    7893    7539    7613    8003    
195    1981 7813    7779    7828    7946    7658    7935    7874    7697    8157    7694    7693    7587    7577    8216    8000    7887    7819    7917    7542    
195    1982 7768    7847    7662    7760    7788    7707    7676    7594    8186    8061    7590    7706    7683    7606    7829    7553    7677    7797    7961    
195    1983 7947    7820    7838    7840    7843    7753    8149    7742    7814    7926    7907    7700    7783    7865    7613    8170    8048    8233    8558    
195    1984 8554    8549    8278    8855    8216    8401    8474    8968    9052    8458    8327    7868    8163    9048    7984    8277    8329    8820    9365    
195    1985 8982    8986    9016    9194    8912    9165    8801    8890    9343    9200    8820    8713    9067    9290    9135    9070    8668    8670    8948    
195    1986 8787    8883    8707    8902    8857    8832    8745    8884    8871    9248    8647    8668    8487    9271    8726    8423    8835    8973    8400    
195    1987 8545    8681    8545    8481    8650    8516    8473    8384    8679    8826    8617    8506    8770    8210    8577    8600    8239    8587    8571    
195    1988 8776    8667    8879    8759    8586    9218    8427    8913    8797    8900    8397    8455    9030    9348    9271    8757    7839    8707    8897    
195    1989 8362    8895    7979    9092    8418    8051    8176    9097    9304    9561    7977    7703    7847    8177    8123    8047    8329    8147    8081    
195    1990 9049    8436    9110    8413    8896    9245    9202    8694    8471    8887    8803    8994    9133    9558    9039    9127    9248    9230    9355    
195    1991 9218    9292    9179    9330    9086    9312    9216    9168    9482    9284    8750    9213    9447    9265    9229    9167    9226    9257    9152    
195    1992 9136    9181    9127    9264    8765    9254    9224    9510    9121    8819    8687    8787    8790    9535    9423    9527    8835    9323    9271    
195    1993 -999999 9265    -999999 9361    9216    -999999 9103    9290    9539    9361    8907    9371    -999999 -999999 -999999 8667    9129    9513    8784    
195    1994 8287    8718    8318    8379    8307    8526    8013    8274    8046    8523    8583    7823    8740    8848    7997    7927    8045    8067    8558    
195    1995 8159    8321    8263    8502    8275    8374    7692    8368    8589    8319    8390    8119    8180    8406    8529    7943    7865    7263    7955    
195    1996 8038    8073    8001    8365    7985    8221    7812    8719    8424    8206    7900    7845    8527    8465    7681    7590    7823    8023    7274    
195    1997 8891    7913    9120    7852    8502    9246    9305    8332    7961    8074    8493    8939    8743    9426    9552    9547    9200    9173    9177    
195    1998 9470    9354    9485    9434    9421    9602    9400    9626    9507    9448    9410    9403    9463    9816    9523    9283    9365    9553    9235    
195    1999 8930    9288    8861    9347    8651    9058    8873    9548    9246    8787    8700    8468    9027    9142    9003    8827    8897    8893    8639    
195    2000 8800    8803    8824    8722    8811    8911    8742    8800    8728    8858    8590    8977    8860    8932    8939    8633    8681    8913    8677    
195    2001 8762    8891    9025    8882    9103    9093    8232    9039    8936    9103    9023    9181    9100    9161    9019    8657    7945    8103    7890    
195    2002 7974    7956    8013    7972    7780    8230    7897    7848    8200    7777    7710    7852    7817    8397    8465    7813    8026    7847    7932    
195    2003 8262    8070    8211    8130    7899    8548    8238    8219    8250    8158    7630    7900    7973    8726    8926    8080    8181    8457    8616    
195    2004 8213    8384    8168    8574    7893    8288    8196    8561    8541    7961    7693    8019    8230    8355    8277    8430    8081    8080    8332    
195    2005 8085    8156    8010    8311    7646    8336    8129    8445    8139    7855    7360    7713    8123    8468    8410    7967    8139    8280    8110    
195    2006 8120    8153    8128    8233    7771    8434    8013    8274    8314    7816    8077    7429    8120    8387    8784    7963    7777    8307    8210    
195    2007 8248    8096    8220    8153    7871    8536    8333    8032    8225    8045    7717    7845    8260    8871    8468    8140    8452    8403    8503    
195    2008 8357    8376    8304    8416    7971    8598    8410    8487    8248    8155    7770    7981    8463    8829    8497    8270    8545    8410    8610    
195    2009 8354    8446    8335    8516    8162    8450    8410    8394    8546    8177    8013    8290    7947    8600    8787    8350    8274    8610    8265    
195    2010 8310    8425    8344    8448    8303    8259    8271    8516    8575    8332    8230    8345    7847    8568    8348    8717    8184    7917    8152    
195    2011 8200    8096    8218    8201    7932    8311    8349    8335    8107    7877    8117    7806    8200    8416    8313    8460    8432    8153    8181    
195    2012 8205    8290    8063    8373    7766    8292    8351    8432    8514    8039    7970    7297    8263    8423    8190    8243    8561    8240    8310    
195    2013 7923    8251    7802    8278    7749    7936    7814    8310    8207    7874    7933    7445    7850    7990    7965    7630    7839    7973    8081    
195    2014 7887    7890    7909    7960    7616    8176    7847    7794    8011    7658    7727    7468    7753    8419    8342    7727    7919    7893    7935    
195    2015 7977    7861    8093    7949    7768    8143    8058    7952    7961    7516    7710    8077    7777    8132    8510    8337    7890    7953    7900    
195    2016 8017    7914    8087    7969    7678    8260    8198    8000    8010    7735    7540    7755    8043    8565    8165    8450    8142    8003    7797    
195    2017 7968    7902    7927    7909    7376    8322    8098    8019    7911    7542    7290    7294    8010    8474    8471    8010    8039    8247    8290    
195    2018 8104    8016    8073    8092    7520    8332    8400    8097    7868    7548    7530    7481    7817    8577    8584    8437    8329    8437    8510    
195    2019 8406    8180    8545    8162    7901    8883    8666    7958    8004    7835    7840    8026    8317    9084    9229    8750    8419    8837    8535    
195    2020 -999999 8489    8402    8438    8166    8764    -999999 8219    8569    8371    8113    8013    8530    9332    8423    7983    8077    -999999 -999999 
