EUROPEAN CLIMATE ASSESSMENT & DATASET (ECA&D), file created on: 16-11-2020
THESE DATA CAN BE USED FOR NON-COMMERCIAL RESEARCH AND EDUCATION PROVIDED THAT THE FOLLOWING SOURCE IS ACKNOWLEDGED: 

Klein Tank, A.M.G. and Coauthors, 2002. Daily dataset of 20th-century surface
air temperature and precipitation series for the European Climate Assessment.
Int. J. of Climatol., 22, 1441-1453.
Data and metadata available at http://www.ecad.eu

FILE FORMAT (MISSING VALUE CODE = -999999):

THIS FILE HOLDS DATA FOR STATION NETHERLANDS                              DE KOOY                                  (STAID:    161)
LATITUDE: dd:mm:ss +52:55:36
LONGITUDE: ddd:mm:ss +004:46:51
ELEVATION: m    1

DATA IS FOR INDEX Mean of daily average relative humidity (RH) with unit 0.01 Relative humidity (%)

01-06 SOUID: Source identifier
08-11 YEAR : YYYY
13-20 ANNUAL DATA VALUES
21-28 WINTER HALF YEAR DATA VALUES
29-36 SUMMER HALF YEAR DATA VALUES
37-44 WINTER (DJF) DATA VALUES
45-52 SPRING (MAM) DATA VALUES
53-60 SUMMER (JJA) DATA VALUES
61-68 AUTUMN (SON) DATA VALUES
69-76 JANUARY DATA VALUES
etc. 
157-164 DECEMBER DATA VALUES

161    1906 8202    -999999 7946    -999999 8070    7959    8235    8603    8754    8068    7703    8426    8237    7948    7700    7657    8435    8607    8335    
161    1907 8222    8551    7827    8586    7945    7917    8422    8497    8961    8513    7833    7484    8083    7723    7952    7900    8681    8677    8423    
161    1908 8401    8699    8053    8743    8373    7985    8349    8971    8841    8613    7957    8535    8207    7961    7794    7860    8674    8503    8884    
161    1909 8270    8703    7988    8763    7945    8185    8299    8845    8539    8752    7970    7113    7963    8394    8190    8307    8452    8133    8587    
161    1910 8282    8534    8021    8751    8127    8013    8196    8703    8986    8374    7803    8194    8070    8174    7797    8083    8565    7927    8739    
161    1911 8159    8569    7680    8743    8260    7533    7949    8865    8614    8690    8133    7952    7577    7613    7410    7400    8113    8330    9216    
161    1912 8305    8684    7897    8967    8198    7884    8334    8723    8962    8765    7827    7990    8230    7600    7832    7913    8545    8537    8761    
161    1913 8224    8614    8049    8754    8130    8065    8256    8919    8564    8352    7810    8219    8103    8358    7735    8060    8381    8323    7877    
161    1914 8186    8400    7728    8353    8004    7885    8210    8448    8775    8629    7887    7494    8117    7929    7616    7330    8565    8723    8755    
161    1915 8273    8681    7896    8709    8168    7960    8222    8645    8729    8674    8130    7700    7950    7897    8032    7670    8445    8543    8874    
161    1916 8330    8623    8103    8693    8312    8176    8075    8703    8490    8674    8193    8065    7980    8403    8139    7827    7997    8403    9071    
161    1917 8248    8572    7995    8817    8355    7864    8119    8335    9068    8600    8347    8119    7577    7913    8094    7917    7865    8583    8623    
161    1918 8310    8535    7891    8800    8399    7641    8290    8861    8929    8387    8910    7916    7233    7784    7894    7613    8590    8657    8981    
161    1919 8305    8758    7938    8958    8111    8086    8116    8768    9143    8442    8487    7416    7927    8477    7848    7477    8132    8740    8861    
161    1920 8342    8605    8023    8789    8272    7740    8482    8768    8734    8406    8450    7965    7430    7910    7871    8527    8429    8493    9132    
161    1921 8084    8670    7555    8898    8016    7433    8077    8803    8743    8419    7963    7665    7417    7387    7494    7410    8274    8540    8929    
161    1922 8189    8610    7770    8751    7976    7777    8196    8616    8704    8606    7583    7726    7697    7868    7765    7980    7887    8730    9135    
161    1923 8228    8741    7825    9050    8089    7808    8126    8842    9186    8710    7500    8039    8043    7858    7529    7983    8210    8183    8706    
161    1924 8377    8427    8151    8670    8388    7909    8347    8787    8507    8165    8457    8545    7843    7816    8065    8180    8358    8503    9290    
161    1925 8210    8623    7904    8873    8162    7786    8269    8842    8446    8277    8143    8065    7527    7855    7968    7860    8329    8617    8594    
161    1926 8289    8613    8005    8939    8011    7990    8199    8987    9268    7945    8317    7781    8050    7961    7961    7973    7787    8850    8684    
161    1927 8374    8634    8050    8830    8189    8201    8263    8994    8811    8700    8130    7735    8010    8335    8252    7833    8432    8517    8745    
161    1928 8052    8501    7621    8730    7741    7648    8066    9039    8383    7884    7717    7623    7453    7706    7777    7443    8232    8517    8835    
161    1929 8136    8584    7803    8458    8478    7647    8058    8745    7721    9365    8113    7945    7857    7400    7690    7823    7935    8420    8568    
161    1930 8392    8533    8062    8744    8354    7950    8218    8981    8679    8626    8220    8213    7747    8084    8013    8090    8081    8487    9484    
161    1931 8290    8529    8101    9023    8105    8002    8347    8806    8754    7581    8083    8652    8147    8003    7861    7853    8006    9193    8594    
161    1932 8310    8540    8071    8790    8132    7988    8197    9252    8507    7710    8320    8371    7630    8261    8061    7767    8252    8570    9000    
161    1933 8075    8568    7750    8767    8024    7680    8043    8755    8521    8306    7860    7900    7707    7913    7423    7697    7955    8480    8413    
161    1934 8238    8503    7840    8699    8175    7804    7962    9061    8614    8506    8223    7797    7853    7826    7735    7610    7752    8530    9365    
161    1935 7990    8408    7714    8684    7907    7686    8020    8513    8121    8145    8277    7310    8163    7552    7358    7653    7865    8547    8413    
161    1936 8210    8334    8048    8445    8104    8030    8127    8668    8241    8271    7983    8055    7757    8197    8129    8157    7713    8527    8806    
161    1937 8375    8436    8190    8683    8482    7987    8310    8719    8507    8352    8930    8177    7740    8165    8048    8087    8400    8440    8939    
161    1938 8077    8568    7725    8654    7890    7796    8157    8706    8282    8606    7787    7274    7637    8039    7706    7910    8006    8560    8413    
161    1939 8110    8465    7709    8718    7905    7662    8110    8965    8782    8100    8000    7619    7373    7606    7997    7653    8068    8610    8584    
161    1940 8171    8436    7949    8360    8440    7884    8030    7997    8510    8858    8393    8068    8033    7871    7752    7580    8303    8197    8500    
161    1941 8211    8460    7955    8550    8185    7887    8189    8232    8957    8613    8060    7877    7993    7577    8094    8140    8016    8417    8623    
161    1942 8154    8359    7858    8312    8060    7948    8237    7894    8432    8781    7580    7803    7567    8190    8074    7917    8510    8277    8813    
161    1943 8149    8497    7803    8669    7977    7764    8220    8652    8529    8197    8087    7652    7910    7726    7661    7793    8603    8250    8748    
161    1944 -999999 8390    -999999 8496    7949    8112    -999999 8713    7993    8000    8277    7581    8110    8210    8016    -999999 -999999 -999999 -999999 
161    1945 -999999 -999999 -999999 -999999 -999999 7972    8333    -999999 -999999 -999999 -999999 -999999 7930    7816    8168    7877    8390    8730    8735    
161    1946 8219    8559    7956    8592    8107    7879    8386    8445    8596    8465    8020    7832    7953    7681    8006    8257    8052    8860    8510    
161    1947 7943    8363    7635    8171    8284    7450    7786    8258    7700    8752    8253    7845    7563    7323    7468    7367    7806    8183    8758    
161    1948 8123    8369    7829    8560    8063    7834    8086    8929    7955    8552    7987    7648    7660    8113    7723    7843    7819    8603    8623    
161    1949 8127    8403    7889    8627    8017    7755    8221    8613    8646    8145    7977    7929    7580    7906    7774    8170    8081    8417    8319    
161    1950 8180    8387    7926    8471    8127    7875    8148    8577    8521    8423    7783    8165    7873    7977    7774    7980    7874    8600    8632    
161    1951 8359    8571    8107    8904    8190    8049    8312    9245    8829    8271    8063    8232    7933    8123    8087    8200    8074    8670    8603    
161    1952 8265    8474    7963    8614    8199    7976    8096    8465    8786    8274    8463    7868    7800    7929    8194    7520    8290    8470    9126    
161    1953 8530    8831    8148    9067    8528    8102    8460    9129    8932    9039    8280    8258    8403    8042    7871    8040    8706    8627    9048    
161    1954 8346    8738    8099    8688    8249    8343    8233    8087    8954    9026    8147    7571    8217    8358    8452    7850    8574    8263    8687    
161    1955 8352    8492    8188    8557    8361    8199    8313    8577    8389    8445    8547    8097    8137    8261    8197    7890    8300    8750    8639    
161    1956 8495    8602    8305    8684    8361    8283    8456    8726    8686    8519    8217    8342    8293    8542    8013    8423    8300    8650    9229    
161    1957 8243    8723    7853    8962    8063    7817    8335    8977    8650    8519    7980    7687    7523    7994    7926    8007    8542    8450    8665    
161    1958 8377    8466    8207    8592    8243    8198    8411    8616    8486    8042    8350    8342    8043    8184    8361    7953    8487    8790    8871    
161    1959 8126    8735    7667    8854    8134    7615    7896    8448    9286    8581    8240    7584    7523    7529    7790    7337    7477    8887    8926    
161    1960 8362    8490    8056    8731    8149    8065    8537    8597    8666    8410    8053    7981    8037    8094    8065    8110    8900    8590    8842    
161    1961 8395    8791    8195    8889    8338    8067    8402    8748    9096    8590    8530    7900    8030    7968    8203    8553    8229    8430    8523    
161    1962 8312    8427    8103    8526    8420    7927    8373    8794    8232    8339    8533    8390    7740    8100    7935    7913    8371    8833    8552    
161    1963 8516    8667    8342    8636    8679    8225    8456    8655    8707    8894    8597    8545    8283    8152    8242    8233    8571    8560    8758    
161    1964 8331    8628    8050    8742    8367    7976    8244    8948    8503    8419    8510    8177    8037    8123    7771    7683    8290    8757    8748    
161    1965 8401    8560    8310    8720    8453    8130    8275    8861    8532    8177    8917    8281    8370    8152    7877    8283    8265    8277    8842    
161    1966 8431    8676    8195    8932    8480    8180    8245    8871    9100    8729    8717    8003    8383    8171    7994    7917    8403    8410    8529    
161    1967 8165    8467    7925    8613    7966    7893    8207    8845    8450    8161    8000    7739    7987    7926    7771    8137    7997    8493    8497    
161    1968 8380    8442    8099    8637    7998    8220    8549    8861    8548    8265    7613    8103    8283    7961    8416    8213    8555    8880    8852    
161    1969 8311    8719    8058    8856    8375    7964    8063    9171    8511    8329    8283    8510    7913    8119    7858    7657    8668    7843    8839    
161    1970 8250    8585    7952    8848    8307    7837    8149    9035    8650    8458    8347    8116    7580    7958    7965    7740    8310    8393    8461    
161    1971 8242    8552    7954    8783    8151    7940    7922    9145    8739    8277    8367    7816    8027    7877    7919    7723    7855    8190    9000    
161    1972 8494    8515    8226    8987    8171    8308    8430    8832    9138    8103    8293    8119    8100    8490    8326    8020    8497    8770    9252    
161    1973 8638    8985    8349    9251    8602    8222    8565    9484    8993    8906    8407    8487    8223    8448    7994    8540    8697    8453    9026    
161    1974 8543    8899    8307    9090    8429    8327    8488    9316    8911    8981    8210    8090    8313    8439    8229    8567    8387    8513    8581    
161    1975 8353    8541    8143    8587    8480    7951    8367    8377    8825    8587    8793    8071    7707    8310    7829    8157    8297    8650    8674    
161    1976 8212    8432    7872    8589    7922    7599    8789    8374    8728    7894    7843    8026    7533    7761    7500    8577    8965    8820    8555    
161    1977 8507    8882    8103    9017    8108    8220    8442    9448    9050    8471    8047    7803    8213    7939    8506    8110    9035    8160    9306    
161    1978 8352    8809    7947    9020    8185    7963    8326    8945    8786    8600    7690    8248    7783    8177    7923    7843    8368    8767    9094    
161    1979 8558    8848    8249    9051    8418    8307    8535    8984    9079    8819    8233    8197    8437    8123    8365    8140    8439    9030    8887    
161    1980 8337    8817    8078    8944    7955    8339    8176    9013    8931    8619    7837    7406    8390    8548    8081    8213    7935    8387    8700    
161    1981 8404    8539    8183    8730    8290    8243    8301    8794    8693    8735    7973    8152    8120    8442    8165    8240    8461    8197    8868    
161    1982 8449    8637    8158    8879    8217    8132    8615    9035    8718    8539    7947    8158    8263    8000    8135    8453    8952    8430    8765    
161    1983 8348    8586    8258    8482    8602    8082    8264    8439    8218    8674    8527    8603    7953    8229    8058    8173    7948    8680    8658    
161    1984 8223    8331    8036    8469    7855    8128    8396    8174    8583    7971    7300    8277    8147    7965    8274    8240    8455    8490    8797    
161    1985 8462    8578    8299    8516    8522    8245    8457    8600    8111    8968    8170    8416    8290    8194    8252    8473    8390    8510    9129    
161    1986 8388    8673    8150    8704    8553    8062    8434    8645    8300    9019    8443    8194    8133    8142    7913    8080    8568    8650    8552    
161    1987 8426    8531    8232    8528    8254    8298    8414    8235    8825    8387    8220    8155    8527    8061    8313    8120    8558    8560    9177    
161    1988 8284    8622    8025    8712    7924    8268    8359    8803    8117    8481    7633    7648    8233    8384    8187    8057    8561    8453    8810    
161    1989 8153    8626    7788    8779    7922    7763    8180    8945    8561    8413    7940    7413    7360    7910    8006    8100    7990    8457    8761    
161    1990 8064    8391    7709    8596    7848    7728    8191    8874    8104    8135    7797    7610    7880    7548    7761    7663    8303    8603    8477    
161    1991 8203    8548    7912    8560    8108    8016    8119    8526    8689    8703    7683    7923    8197    8061    7797    7810    8106    8440    8523    
161    1992 8210    8493    7866    8702    7935    7851    8276    8758    8834    8316    8113    7381    7780    7826    7945    8163    8258    8407    8768    
161    1993 8648    8497    8456    8748    8368    8210    9082    8513    8986    8094    8773    8252    8080    8155    8390    9107    9006    9137    9329    
161    1994 8459    8948    8171    8992    8379    7983    8668    9326    8250    8581    8260    8294    8153    8084    7716    8533    8368    9113    8816    
161    1995 8434    8597    8242    8691    8170    8253    8540    8574    8682    8055    8557    7910    8603    8387    7781    8237    8706    8670    9084    
161    1996 8352    8792    8053    8971    8185    8087    8337    8877    8952    8471    7750    8319    8047    8103    8110    7977    8561    8467    8587    
161    1997 8473    8778    8104    8856    8453    8198    8280    8948    9050    9071    7990    8284    8060    8503    8026    7747    7881    9227    8923    
161    1998 8587    8692    8438    8823    8505    8235    8765    8716    8832    8603    8747    8174    8573    8184    7958    9023    8461    8820    9006    
161    1999 8474    8804    8221    8869    8462    8073    8644    8900    8682    8945    8433    8006    8003    8239    7974    8683    8435    8820    8584    
161    2000 8468    8692    8121    8776    8240    7970    8816    9145    8586    8581    8143    7994    7693    8274    7932    8693    8752    9007    8813    
161    2001 8378    8996    7925    9107    8367    7720    8364    9377    9132    8910    8157    8029    7583    7665    7906    8213    8545    8327    8723    
161    2002 8407    8530    8096    8712    8180    8075    8505    9074    8300    8184    8030    8323    7743    8042    8429    7990    8294    9240    9203    
161    2003 8099    8731    7657    8853    7888    7662    8187    8945    8364    8319    7320    8006    7670    7826    7490    7617    7861    9093    8681    
161    2004 8198    8583    7824    8774    7926    7930    8091    8910    8728    8252    7743    7777    7910    7968    7913    7627    8177    8467    8910    
161    2005 8306    8502    8051    8582    8257    7958    8495    8365    8461    8629    8193    7945    7550    8194    8116    8303    8645    8530    8735    
161    2006 8137    8638    7755    8804    7965    7638    8169    8816    8868    8255    8190    7458    7367    7497    8042    7983    8226    8297    8694    
161    2007 8342    8519    8151    8736    8213    8229    8151    8565    8971    8397    7900    8332    8553    8232    7913    7977    8277    8193    8826    
161    2008 8120    8426    7793    8668    7817    7835    8195    8752    8410    8090    7890    7474    7663    7813    8023    7897    8174    8513    8742    
161    2009 -999999 -999999 7665    -999999 8253    7404    7995    8774    -999999 8606    8257    7897    7457    7574    7184    7633    7845    8510    8584    
161    2010 8218    8445    7914    8707    7950    7872    8344    8835    8700    8223    7777    7845    7890    7648    8077    8250    8174    8613    8623    
161    2011 8201    8573    7854    8778    7779    7965    8463    8910    8804    8339    7867    7135    7707    7974    8206    8243    8123    9033    8135    
161    2012 8207    8503    7827    8359    8322    7768    8169    8500    8448    8790    8120    8048    7727    7768    7810    7487    8271    8747    8755    
161    2013 8242    8404    8162    8611    8070    8093    8265    8665    8393    7606    8330    8281    8270    8232    7784    8080    8426    8283    8574    
161    2014 8364    8503    8075    8686    8236    7878    8730    8890    8582    8261    8517    7939    7753    8058    7819    8377    8655    9160    8387    
161    2015 8216    8596    7895    8484    8074    7782    8427    8471    8607    8316    8100    7806    7727    7716    7900    8130    8697    8447    8697    
161    2016 8251    8580    7979    8580    8071    8195    8085    8781    8241    8590    7853    7761    8447    8174    7971    7667    8332    8247    8916    
161    2017 8075    8504    7790    8718    7930    7680    8092    8516    8721    8303    7677    7803    7580    7655    7803    8223    8042    8013    8603    
161    2018 8091    8220    7819    8370    8089    7633    8209    8603    7854    8161    8393    7723    8120    7171    7623    7917    7961    8757    8816    
161    2019 8133    8517    7695    8660    7857    7750    8332    8477    8689    8426    7520    7613    7803    7600    7848    7783    8381    8830    8665    
161    2020 -999999 8441    7570    8591    7307    7700    -999999 8919    8162    7684    7103    7126    7610    7761    7726    8097    8187    -999999 -999999 
