EUROPEAN CLIMATE ASSESSMENT & DATASET (ECA&D), file created on: 16-11-2020
THESE DATA CAN BE USED FOR NON-COMMERCIAL RESEARCH AND EDUCATION PROVIDED THAT THE FOLLOWING SOURCE IS ACKNOWLEDGED: 

Klein Tank, A.M.G. and Coauthors, 2002. Daily dataset of 20th-century surface
air temperature and precipitation series for the European Climate Assessment.
Int. J. of Climatol., 22, 1441-1453.
Data and metadata available at http://www.ecad.eu

FILE FORMAT (MISSING VALUE CODE = -999999):

THIS FILE HOLDS DATA FOR STATION CROATIA                                  ZAGREB-GRIC                              (STAID:     21)
LATITUDE: dd:mm:ss +45:49:00
LONGITUDE: ddd:mm:ss +015:58:41
ELEVATION: m  157

DATA IS FOR INDEX Mean of daily average relative humidity (RH) with unit 0.01 Relative humidity (%)

01-06 SOUID: Source identifier
08-11 YEAR : YYYY
13-20 ANNUAL DATA VALUES
21-28 WINTER HALF YEAR DATA VALUES
29-36 SUMMER HALF YEAR DATA VALUES
37-44 WINTER (DJF) DATA VALUES
45-52 SPRING (MAM) DATA VALUES
53-60 SUMMER (JJA) DATA VALUES
61-68 AUTUMN (SON) DATA VALUES
69-76 JANUARY DATA VALUES
etc. 
157-164 DECEMBER DATA VALUES

21     1861 -999999 -999999 -999999 -999999 -999999 -999999 -999999 -999999 -999999 -999999 -999999 -999999 -999999 -999999 -999999 -999999 -999999 -999999 8394    
21     1862 7262    -999999 6306    8561    6620    5880    8005    8832    8446    6987    6513    6355    6373    5332    5952    7353    7694    8980    8442    
21     1863 7141    8021    6307    7951    7048    6013    7646    8232    7096    7626    7163    6358    6683    5987    5390    6297    7877    8757    8235    
21     1864 7707    8144    7174    8329    6988    7173    8035    8135    8634    7274    6453    7219    7297    7039    7187    7850    7626    8643    9171    
21     1865 7445    8635    6477    9022    7035    6703    7244    9248    8607    8513    6077    6484    7263    6406    6458    6177    7665    7877    8597    
21     1866 7315    7986    6746    8372    6861    6654    7418    8677    7786    7290    6753    6535    6117    6642    7187    7237    7061    7967    8532    
21     1867 7235    7984    6397    8349    6898    6348    7390    8781    7668    7861    6453    6365    6320    6313    6410    6527    8123    7497    8474    
21     1868 7413    7864    7022    8142    6796    7158    7653    8635    7259    7145    6650    6587    6827    7106    7529    7430    7635    7893    8216    
21     1869 7335    7661    6876    7769    6963    6834    7589    8023    6993    7148    6710    7023    6910    6948    6645    7020    7626    8120    8806    
21     1870 7452    8254    6820    8633    6686    7226    7515    8513    8575    7913    5620    6490    7193    6774    7710    7113    7413    8023    8135    
21     1871 7425    7753    6887    8098    6937    6804    7890    8506    7604    6832    6753    7219    7147    6471    6806    6930    8313    8413    8103    
21     1872 7588    8330    6861    8620    6953    6732    7926    9074    8686    7416    7187    6265    7000    6548    6655    7547    8219    8003    8510    
21     1873 7391    8165    6819    8640    6925    6572    7562    8923    8471    6887    6973    6916    6667    6529    6523    7320    7461    7907    8197    
21     1874 7422    7677    6859    8053    6724    6770    8000    8426    7482    6577    6627    6965    6547    6368    7387    7257    8032    8710    8671    
21     1875 7490    8266    6709    8400    6791    6780    7943    8271    8243    7684    6033    6632    6887    6548    6910    7243    8410    8160    8884    
21     1876 7827    8370    7296    8692    7400    7088    8270    8910    8255    7587    6977    7623    7113    7165    6987    7913    8055    8850    8497    
21     1877 7299    8136    6721    8094    7160    6348    7545    8206    7525    7648    7240    6594    6447    6487    6113    7480    7355    7807    8703    
21     1878 7625    7841    7126    8422    6698    7210    8057    8539    7982    6671    6740    6684    6980    7213    7429    7713    8161    8293    9103    
21     1879 7592    8286    6985    8653    7317    6680    7914    8568    8250    7335    7433    7187    6597    6532    6910    7263    7974    8503    8594    
21     1880 7698    8116    7239    8645    6751    7254    8234    8703    8638    6332    6527    7387    7380    6532    7855    7750    8061    8897    8368    
21     1881 7795    8380    7073    8657    7218    6802    8308    8806    8811    7397    7533    6735    7190    6465    6765    7790    8752    8367    9019    
21     1882 7570    8160    7087    8391    6588    7085    8300    8716    7336    6697    6547    6519    6750    6874    7619    8220    8423    8253    8852    
21     1883 7296    8298    7051    8436    7082    7033    7391    8494    7911    7816    6803    6616    7333    6806    6968    7807    7110    7267    6684    
21     1884 6542    6694    6528    6574    5962    6797    6768    6394    6648    6077    6193    5623    6890    6155    7348    6977    6752    6577    6890    
21     1885 6946    6555    6637    6614    6449    6524    7819    6619    6304    6165    6330    6848    6483    5948    7139    7070    8148    8227    8016    
21     1886 7431    8045    6828    8243    6716    7024    7688    8429    8289    7190    6863    6100    7353    6668    7061    6943    8042    8067    8235    
21     1887 7305    8090    6453    8239    6817    6459    7593    8274    8204    7726    5877    6819    6730    6390    6265    6633    7887    8250    8642    
21     1888 7620    8182    7083    8530    7004    7135    7786    8384    8566    7390    6970    6652    7110    7368    6926    7483    7584    8297    8748    
21     1889 7544    8087    7056    8382    7341    6759    7876    8442    7911    7529    7293    7200    6540    6852    6877    7580    7823    8227    8271    
21     1890 7482    8012    6913    8342    7023    6677    7801    8697    8029    7032    7053    6984    7130    6719    6197    7420    7403    8593    8584    
21     1891 7631    8209    7219    8559    7357    7210    7635    8748    8321    7626    7370    7074    6990    7445    7187    7247    7671    7987    7942    
21     1892 7338    7742    6822    7989    6713    6802    7774    8306    7700    6852    6363    6913    7097    6513    6806    7247    7965    8103    8197    
21     1893 6992    7609    6473    7811    5630    6937    7745    7955    7225    6190    4720    5952    7073    6990    6752    7340    7477    8427    7813    
21     1894 6816    7265    6356    7348    6137    6226    7434    7923    6196    5690    5740    6968    6447    5787    6452    6737    7787    7767    8219    
21     1895 7353    7836    6742    8023    6783    6957    7640    8171    7643    7410    6843    6097    6893    6865    7110    6650    8268    7980    8303    
21     1896 7188    7834    6723    8018    6311    6855    7604    8068    7659    6723    5867    6329    6630    6829    7100    7580    7752    7477    8232    
21     1897 7240    7590    6919    7894    6800    6789    7486    8461    6893    6652    6677    7068    6543    6742    7074    7403    7806    7237    8258    
21     1898 7213    7605    6708    7928    6661    6709    7604    8039    7439    6826    6430    6719    6773    7006    6348    6973    7810    8023    8168    
21     1899 7049    7518    6777    7676    6527    6566    7477    7910    6871    6281    6330    6965    6543    6703    6452    7677    7277    7483    8071    
21     1900 7479    7591    6936    7870    6985    6927    7882    8139    7350    7197    6753    6997    6973    6665    7145    7083    7758    8810    8858    
21     1901 7678    8156    7263    8278    7046    7227    8247    8174    7750    7568    6707    6852    7230    6990    7461    8353    8477    7903    8661    
21     1902 7761    8115    7408    8399    7213    7455    8222    7871    8693    7135    7083    7416    7473    7468    7426    7580    8506    8570    7990    
21     1903 7374    7879    6943    7787    7042    6815    7518    7984    7343    6852    7033    7242    7227    6690    6542    6937    7477    8140    9016    
21     1904 7722    8256    7188    8673    7501    6793    8200    8829    8138    7923    7333    7242    7420    6235    6745    8197    8361    8037    8239    
21     1905 7819    7987    7483    7992    7432    7409    8430    7277    8511    7548    7287    7455    7813    7303    7123    7937    8442    8910    8316    
21     1906 7787    8242    7360    8352    6967    7543    8166    8474    8257    7074    6383    7426    7573    7723    7335    7707    8639    8137    8719    
21     1907 7426    8175    6926    8477    7109    6666    7618    8290    8414    6874    7837    6639    6447    6981    6565    7107    7926    7810    8303    
21     1908 7087    7833    6493    7893    6965    6250    7190    7839    7514    7584    7163    6155    5823    5981    6932    6917    7016    7643    8474    
21     1909 7256    7661    6715    7961    6711    6712    7836    8113    7225    7452    6043    6616    6487    6600    7042    7497    8126    7877    7955    
21     1910 7572    7868    7200    8003    7013    7207    7932    8090    7961    7210    6657    7161    7223    7126    7271    7763    8158    7867    8387    
21     1911 7099    7695    6580    7696    6845    6387    7559    7742    6879    7065    6333    7119    6660    6110    6400    6863    7635    8177    8177    
21     1912 7484    7781    7185    7810    7035    7185    7800    7710    7524    7461    6630    7000    7260    6958    7339    7933    7642    7830    8516    
21     1913 7181    7455    6856    7781    6184    6920    7956    8029    6693    5961    6137    6452    5940    7365    7423    7797    7884    8190    8239    
21     1914 7439    8004    6882    8281    6795    6943    7644    8271    8339    7139    6140    7084    6870    7145    6813    7227    7771    7930    8581    
21     1915 7424    7776    7077    7998    6948    7159    7855    7923    7436    6987    6760    7090    7043    7210    7219    7130    8442    7973    7855    
21     1916 7483    8051    6755    8065    7442    6215    7902    8200    8145    7697    7477    7155    6700    5855    6106    7277    7955    8473    8803    
21     1917 7230    8240    6550    8414    7204    6283    7254    8361    8043    7794    7213    6606    6133    6494    6216    6650    7619    7480    8187    
21     1918 7712    7626    7358    7932    6961    7385    8395    8052    7518    6887    7197    6806    7267    7345    7539    8010    8539    8630    8748    
21     1919 8025    8410    7692    8473    7945    7403    8376    8474    8168    7887    8980    7000    7203    7503    7497    8003    8523    8597    8497    
21     1920 7523    7892    7352    7779    7000    7393    7827    7835    6952    6913    7130    6961    7727    6897    7568    7850    7558    8083    8787    
21     1921 7018    7620    6512    7882    6786    6327    7301    7590    7204    6474    6943    6945    6777    6113    6106    6200    7087    8623    8187    
21     1922 7421    7806    6893    8041    6909    6534    8264    8090    7825    7052    7490    6203    6603    6429    6571    8113    8777    7883    8068    
21     1923 7772    8130    7462    8173    7607    7229    7943    7842    8657    7597    8063    7174    7647    7152    6903    7873    7426    8547    8503    
21     1924 7929    8145    7536    8345    7702    7401    8062    8374    8145    7887    7467    7745    7283    7290    7626    7800    8403    7970    9132    
21     1925 7810    8174    7452    8471    7308    7321    8418    8532    7671    7277    7380    7268    6933    7448    7568    8120    8216    8923    8368    
21     1926 7859    8212    7581    8214    7275    7870    7970    8358    7886    7510    6987    7319    7723    7965    7916    7560    8071    8277    8706    
21     1927 7668    8032    7279    8141    7597    6821    8055    8252    7393    7442    7357    7984    6873    6668    6923    7877    7926    8367    8923    
21     1928 7560    8157    6981    8276    7504    6416    8146    8819    7003    7839    7193    7471    6647    5677    6932    7993    8013    8437    8661    
21     1929 7511    7862    7069    8013    7000    7136    7982    8123    7175    6713    6983    7303    7620    6626    7177    6707    8284    8947    8452    
21     1930 7585    8140    7245    8228    7216    6972    7840    8755    7396    6961    7367    7326    6683    7003    7219    7877    8155    7477    8758    
21     1931 7259    7933    6658    8286    6696    6467    7884    7913    8175    7129    6457    6494    6860    5823    6732    7617    7616    8427    7961    
21     1932 7655    7806    7026    7741    7320    6889    8169    8071    7152    7587    6913    7445    7070    7019    6584    7127    8661    8703    9474    
21     1933 7610    8349    6991    8767    6780    6842    8285    9019    7704    6481    6267    7577    7373    6603    6568    7563    8555    8727    8877    
21     1934 7721    8236    7299    8279    7053    7374    8254    8745    7100    7316    6787    7048    7503    6855    7768    7840    8516    8397    8706    
21     1935 7354    7918    6788    7968    6867    6549    8052    7877    7250    6710    7163    6739    6390    6423    6829    7197    8065    8893    8710    
21     1936 7667    8127    7247    8237    7328    7089    7989    8229    7741    7123    7223    7635    7410    7068    6800    7353    8081    8530    8806    
21     1937 7982    8337    7604    8572    7420    7613    8470    8732    8136    7726    7690    6852    7453    7510    7871    8270    8394    8750    8419    
21     1938 7442    7841    7043    7958    6625    6951    8156    8003    7396    6068    6827    6987    6660    6497    7687    7600    8342    8520    8706    
21     1939 7430    7978    6936    8100    6784    6855    8152    8197    7321    6735    5837    7748    7443    6168    6974    7443    8410    8593    8265    
21     1940 7775    8067    7517    8132    7280    7409    8346    8039    8090    7026    6790    8010    7277    7294    7652    8067    8739    8220    8090    
21     1941 7680    8127    7331    8201    7259    7308    8123    8406    8096    7213    7260    7303    7123    7094    7700    7503    8032    8837    7635    
21     1942 7652    8135    7089    7984    7542    6878    7870    7877    8489    7994    7700    6939    6923    7090    6623    7277    8000    8330    8655    
21     1943 7035    7795    6354    8172    5859    6378    7827    8287    7511    5974    5667    5929    6867    6255    6029    7403    7877    8200    8468    
21     1944 7105    7651    6529    7757    6423    6542    7798    7361    7421    6581    5897    6774    6810    6803    6023    6867    8361    8147    8210    
21     1945 6857    7757    6133    7933    6116    6093    7403    8203    7329    6265    5977    6103    5743    6216    6310    6440    7329    8443    7945    
21     1946 6565    7463    5728    7552    5867    5695    7216    7623    7039    6387    5007    6181    6170    5639    5290    6083    7084    8487    7819    
21     1947 6685    7693    6033    7904    6232    6272    6435    7655    8275    6923    5410    6335    6360    6494    5965    5610    5961    7750    7581    
21     1948 7007    6918    6667    7457    5995    6705    7644    8119    6617    5487    5903    6590    6383    6897    6826    7390    7687    7853    8294    
21     1949 6656    7113    6395    7221    6020    6409    7216    7068    6204    5506    5583    6955    6587    6387    6258    6587    7035    8033    7626    
21     1950 6815    7368    5951    7591    6215    5552    7535    7481    7675    6406    6560    5690    5740    5490    5432    6837    7623    8143    8781    
21     1951 7248    7918    6834    8198    6770    6823    7453    8123    7636    7184    6070    7032    6950    6865    6658    7430    7497    7430    8106    
21     1952 6791    7536    5949    8026    6059    5527    7480    8287    7662    6235    5803    6129    5847    5058    5687    7200    7565    7673    8381    
21     1953 6952    7184    6624    7629    5880    6665    7559    7465    6979    5039    6087    6523    7047    6735    6226    7140    7926    7600    8668    
21     1954 7207    7679    6887    7792    6890    6872    7541    7397    7261    7177    6583    6900    7167    6868    6590    7223    7600    7797    7926    
21     1955 7301    7762    6754    7988    6472    7126    7537    8381    7621    7232    5930    6235    6767    7277    7323    6970    7787    7847    8223    
21     1956 6974    7552    6528    7652    6429    6767    7018    7397    7314    6739    6410    6139    7133    6381    6800    6317    7190    7540    8339    
21     1957 6979    7313    6590    7851    6207    6422    7547    8016    7129    5652    6437    6539    6013    6568    6671    7313    7681    7643    8084    
21     1958 6976    7598    6202    7916    6207    6165    7697    8400    7193    6552    6230    5839    6427    6000    6077    6663    7726    8700    7935    
21     1959 7210    7727    6832    7664    6589    7140    7264    7635    7396    6971    6193    6590    7150    6910    7361    6773    6919    8110    8510    
21     1960 7191    7625    6710    7797    6886    6598    7647    7890    6934    7358    6663    6629    5993    6881    6900    7183    7768    7987    8058    
21     1961 7018    7417    6675    7734    6352    6737    7488    7735    7375    5594    6467    7000    6833    6890    6490    6357    7690    8410    7406    
21     1962 7083    7569    6495    7430    6593    6398    7792    8174    6632    7035    6070    6658    6327    6719    6145    7050    7377    8963    7800    
21     1963 7070    7741    6577    7896    6353    6442    7460    8055    7825    6474    6183    6397    6630    5784    6919    7567    7526    7287    8242    
21     1964 7229    7601    6709    7736    6832    6778    7390    8013    6900    7584    6203    6687    6783    6465    7087    7027    7865    7263    8800    
21     1965 7216    7569    6899    7850    6689    6880    7633    8106    6514    6752    6723    6594    6897    6806    6939    7447    7132    8337    8297    
21     1966 7271    7497    6917    7731    6482    7015    7898    7665    7179    6371    6523    6552    6560    7023    7448    7390    7832    8473    8226    
21     1967 7037    7647    6567    7681    6324    6511    7800    7839    6904    6565    6343    6065    6877    6235    6432    7480    7952    7963    7790    
21     1968 7077    7430    6617    7621    5837    6736    7875    7345    7734    5832    5280    6381    6970    5981    7265    7837    7468    8333    8539    
21     1969 7315    8048    6722    8388    6513    6836    7597    8361    8250    7368    5863    6287    6740    6355    7410    7680    7990    7107    8403    
21     1970 7238    7830    6721    8204    6685    6878    7259    8523    7632    7281    6413    6352    6623    6561    7442    6930    7513    7327    8242    
21     1971 6774    7396    6360    7631    6400    6278    6809    8187    6339    6665    6083    6442    6620    5529    6697    6803    6216    7427    8232    
21     1972 7340    7395    7103    8216    6730    7014    7524    8281    8131    6132    6853    7210    6533    7216    7277    7517    6984    8090    7900    
21     1973 6890    7379    6515    7786    6004    6572    7367    8316    7071    5903    6490    5635    6697    6487    6535    7273    7494    7330    7474    
21     1974 7218    7498    6685    7901    6296    6679    7903    8929    7236    6494    5563    6806    6683    6268    7087    7697    8265    7737    7816    
21     1975 7267    7488    7000    7313    6591    7211    7820    7452    6604    6981    5997    6777    7193    6984    7455    7587    8026    7840    8226    
21     1976 7104    7511    6590    7676    6142    6607    7987    7071    7734    6194    5887    6339    6460    6181    7174    7500    8423    8023    8284    
21     1977 7135    7769    6530    8051    6205    6541    7837    8390    7418    6052    6373    6197    5923    6648    7032    6993    8084    8427    8084    
21     1978 7373    7827    6904    7944    6770    6796    7881    8165    7546    6648    6337    7310    6460    6945    6971    7387    7768    8493    8442    
21     1979 7007    7815    6489    7887    6112    6729    7455    7577    7614    7000    5980    5352    6550    6797    6835    7437    7155    7783    8052    
21     1980 7152    7525    6711    7742    6632    6629    7698    7761    7390    7010    6293    6581    6533    6461    6890    7513    7732    7847    7819    
21     1981 6837    7251    6568    7148    6272    6455    7425    6439    7189    6490    5667    6639    6847    6058    6474    7740    7545    6987    7997    
21     1982 7114    7227    6713    7597    6076    6855    7967    7606    7143    6068    6160    6003    6693    6681    7187    7560    8319    8010    7942    
21     1983 6691    7402    6327    7311    6000    6435    7126    7023    6932    6161    5597    6229    6413    6242    6648    6830    6900    7657    7674    
21     1984 7215    7380    6705    7937    6168    6748    7798    8287    7845    5955    5733    6803    6473    7110    6652    7447    7852    8093    8335    
21     1985 6982    7696    6484    7534    6697    6583    7333    7387    6811    7623    5997    6448    7057    6371    6335    6707    7077    8223    7739    
21     1986 7165    7629    6698    7644    6730    6815    7403    7642    7543    7561    6143    6468    7250    6684    6526    7133    7274    7807    7974    
21     1987 6985    7352    6438    7642    6146    6545    7577    7606    7314    6148    5633    6639    6583    6071    6981    6707    7681    8340    8129    
21     1988 7013    7657    6486    7852    6389    6261    7690    8177    7207    6403    6263    6497    6843    5732    6226    7387    8171    7497    7758    
21     1989 7158    7603    6936    8024    6224    7083    7400    8668    7607    5913    6517    6252    7097    6787    7365    7610    7329    7263    7526    
21     1990 6699    6973    6156    7327    5739    5975    7691    8000    6361    5306    6257    5671    6790    5739    5423    7113    7761    8197    7790    
21     1991 6912    7375    6536    7280    6417    6470    7599    7145    6864    6471    6363    6416    6233    6397    6771    7037    7739    8017    7487    
21     1992 6595    7237    5873    7238    5867    5909    7303    7694    6486    5974    5657    5965    6433    6177    5132    5887    8058    7940    7716    
21     1993 6647    7073    6102    6957    5720    5848    7852    6858    6225    5584    5927    5655    6100    5739    5713    7517    7784    8257    8406    
21     1994 6840    7415    6428    7479    6092    6414    7533    7081    6893    6045    6060    6171    6440    6235    6568    7103    7603    7890    8000    
21     1995 6981    7313    6663    7348    6110    6732    7658    7255    6729    6361    5570    6381    7017    6274    6913    7840    7865    7263    8274    
21     1996 7072    7480    6627    7870    6310    6412    7696    8313    6966    6158    6243    6526    5993    6187    7042    7777    7584    7730    8319    
21     1997 6707    7385    6195    7783    5578    6561    7037    8652    6229    5694    5533    5506    6640    6390    6655    6443    6816    7860    8003    
21     1998 6871    6850    6603    6944    5934    6638    7752    7184    5507    5632    6207    5971    6820    6748    6352    7543    7903    7803    8681    
21     1999 7010    7536    6670    7859    6388    6549    7531    8245    6521    5974    6327    6861    6363    6561    6716    7187    7274    8140    7906    
21     2000 6542    7177    5821    7247    5967    5412    7492    7506    6266    5942    5960    6000    5340    5784    5110    6750    7848    7867    8106    
21     2001 6906    7484    6480    7446    6387    6268    7716    7800    6321    6861    6287    6010    6430    6413    5968    7810    7687    7653    7597    
21     2002 7042    7143    6854    7301    6289    6838    7504    7355    6914    5648    6763    6471    6380    6781    7339    7390    7519    7603    8329    
21     2003 6641    7365    5780    7842    5433    5787    7621    8087    7032    5597    5357    5342    6030    5890    5448    6633    7981    8237    8087    
21     2004 7290    7741    6826    7829    6712    6860    7713    7919    7455    6765    7167    6219    7070    6729    6787    7010    8523    7580    8255    
21     2005 7068    7605    6694    7753    6087    6843    7791    7384    7607    6284    5767    6200    6087    6787    7632    7673    7506    8203    7723    
21     2006 6825    7325    6465    7294    6298    6357    7271    7423    6679    6381    6217    6294    6067    5674    7319    7223    7281    7310    8003    
21     2007 6720    7187    6134    7448    5810    6160    7400    7277    7021    6219    4933    6248    6273    5623    6587    7140    7623    7430    8258    
21     2008 6846    7327    6374    7337    6332    6510    7257    7777    5883    6903    6120    5965    6913    6339    6290    6637    7326    7807    8129    
21     2009 6790    7364    6267    7647    6115    6291    7192    8026    6693    6152    6050    6142    6397    6348    6132    6537    7035    8010    7939    
21     2010 7084    7482    6627    7782    6437    6459    7723    7910    7468    6545    6037    6716    6303    6113    6955    7640    7581    7953    7816    
21     2011 6583    7269    5866    7422    5693    5999    7174    7648    6736    5848    5493    5732    6293    5945    5768    5970    7165    8387    8023    
21     2012 6433    6961    5851    7053    5676    5477    7540    6703    6390    5106    5967    5965    6227    5584    4645    6767    7829    8013    8039    
21     2013 6934    7802    6222    7973    6573    5807    7501    8152    7704    7074    5953    6671    6377    5510    5552    7300    7235    7977    7774    
21     2014 7244    7459    6911    7972    6277    6721    8129    8013    8146    5694    6797    6358    6220    6858    7068    8180    7835    8380    7490    
21     2015 6673    7427    6016    7563    5738    6033    7126    7774    7411    5700    5357    6145    5920    5826    6348    6493    8090    6763    8248    
21     2016 6888    7433    6398    7727    6422    6389    7208    7348    7576    6558    6060    6635    6547    6281    6345    6517    7561    7533    7710    
21     2017 6439    7120    5901    7391    5648    5480    7342    7397    7032    5490    5683    5771    5693    5171    5584    7543    7110    7380    7494    
21     2018 6827    7415    6134    7617    6350    6128    7231    7700    7661    7168    5627    6232    6120    6216    6048    6557    7065    8077    7500    
