EUROPEAN CLIMATE ASSESSMENT & DATASET (ECA&D), file created on: 16-11-2020
THESE DATA CAN BE USED FOR NON-COMMERCIAL RESEARCH AND EDUCATION PROVIDED THAT THE FOLLOWING SOURCE IS ACKNOWLEDGED: 

Klein Tank, A.M.G. and Coauthors, 2002. Daily dataset of 20th-century surface
air temperature and precipitation series for the European Climate Assessment.
Int. J. of Climatol., 22, 1441-1453.
Data and metadata available at http://www.ecad.eu

FILE FORMAT (MISSING VALUE CODE = -999999):

THIS FILE HOLDS DATA FOR STATION NETHERLANDS                              VLISSINGEN                               (STAID:    166)
LATITUDE: dd:mm:ss +51:26:29
LONGITUDE: ddd:mm:ss +003:35:44
ELEVATION: m    8

DATA IS FOR INDEX Mean of daily average relative humidity (RH) with unit 0.01 Relative humidity (%)

01-06 SOUID: Source identifier
08-11 YEAR : YYYY
13-20 ANNUAL DATA VALUES
21-28 WINTER HALF YEAR DATA VALUES
29-36 SUMMER HALF YEAR DATA VALUES
37-44 WINTER (DJF) DATA VALUES
45-52 SPRING (MAM) DATA VALUES
53-60 SUMMER (JJA) DATA VALUES
61-68 AUTUMN (SON) DATA VALUES
69-76 JANUARY DATA VALUES
etc. 
157-164 DECEMBER DATA VALUES

166    1906 8199    -999999 7822    -999999 8003    7790    8296    8707    8818    8265    7353    8371    8077    7719    7584    7823    8461    8597    8655    
166    1907 8294    8614    7887    8704    8013    7946    8480    8742    8718    8523    8137    7384    8130    7835    7877    7977    8645    8813    8787    
166    1908 8396    8734    8057    8774    8351    7879    8496    8535    9014    8629    7967    8445    7960    7826    7855    8293    8490    8703    9058    
166    1909 8221    8709    7779    8774    7653    8033    8470    8858    8368    8742    7383    6826    7890    8310    7894    8380    8510    8520    8958    
166    1910 8342    8753    7966    9043    8037    7992    8357    9035    9146    8377    7750    7974    7823    8239    7910    8090    8723    8247    8823    
166    1911 8038    8693    7374    8889    8027    7203    7980    9071    8761    8529    7807    7739    7650    7065    6910    7090    8174    8670    9035    
166    1912 8130    8720    7637    8954    7829    7703    8156    8919    8903    8629    7090    7745    7928    7371    7826    7870    8084    8517    8681    
166    1913 8052    8415    7743    8543    7970    7649    8200    8816    8089    8277    7713    7910    7657    7842    7448    7887    8268    8443    8258    
166    1914 7903    8373    7390    8388    7538    7583    7990    8316    8611    8368    7377    6865    7597    7629    7523    7357    8110    8500    8626    
166    1915 8115    8468    7658    8640    7793    7732    8253    8658    8636    8294    7803    7284    7677    7668    7848    7677    8584    8487    8787    
166    1916 8225    8579    7866    8591    8084    7886    8247    8619    8352    8629    7793    7819    7657    8048    7945    7923    8232    8587    9077    
166    1917 8061    8503    7810    8552    8100    7758    8067    8194    8368    8552    8177    7574    7617    7571    8081    7850    7752    8610    8423    
166    1918 7994    8310    7520    8540    7898    7222    8158    8665    8532    7913    8533    7268    6777    7523    7352    7680    8271    8520    8935    
166    1919 7988    8510    7523    8671    7702    7542    8089    8523    8543    8271    8080    6768    7123    8023    7468    7690    7881    8703    8832    
166    1920 8090    8443    7816    8598    8060    7640    8054    8555    8393    8300    8230    7655    7420    7774    7719    8107    7803    8260    8874    
166    1921 7761    8347    7174    8678    7489    7045    7862    8655    8486    8013    7320    7129    7197    6677    7265    7470    7952    8160    8855    
166    1922 7856    8340    7345    8607    7428    7357    8123    8729    8196    8126    7440    6719    7073    7542    7445    7863    7871    8643    8645    
166    1923 7979    8493    7416    8752    7740    7252    8125    8694    8936    8219    7193    7790    7383    7226    7152    7757    8161    8457    8832    
166    1924 8177    8465    7751    8727    7895    7563    8413    8884    8448    8006    7943    7735    7397    7397    7890    8150    8519    8567    9177    
166    1925 8224    8736    7803    9003    8174    7625    8288    9071    8736    8342    8290    7894    7157    7761    7942    7767    8265    8833    8652    
166    1926 8145    8654    7688    8931    7817    7583    8252    8958    9211    8065    7953    7439    7797    7429    7529    8003    8065    8693    8697    
166    1927 8216    8668    7724    8922    7703    7887    8412    9113    8961    8506    7747    6858    7803    8013    7842    8097    8174    8973    8565    
166    1928 7794    8534    7123    8724    7545    7028    7769    9103    8490    7910    7713    7016    6913    6968    7200    6933    8090    8273    8923    
166    1929 7826    8436    7299    8578    7661    7274    8031    8581    8193    8526    7573    6881    7443    7155    7229    7533    8113    8443    8268    
166    1930 8100    8333    7808    8491    7866    7708    8097    8784    8414    7987    7820    7790    7450    7929    7735    8123    7948    8223    9003    
166    1931 8073    8377    7767    8843    7754    7765    8052    8742    8779    7600    7723    7939    7577    7784    7929    7640    7784    8740    8684    
166    1932 8069    8308    7765    8590    7868    7580    8137    8987    8066    7584    8020    8006    7207    7694    7829    7827    7965    8627    8997    
166    1933 7927    8462    7451    8787    7682    7315    8035    8777    8564    7858    7610    7574    7280    7458    7206    7580    7990    8537    8729    
166    1934 8006    8484    7437    8718    7885    7235    8058    8832    8579    8245    7930    7481    7279    7184    7245    7510    8077    8587    9135    
166    1935 7960    8466    7512    8697    7865    7239    8207    8652    8261    8071    8247    7290    7729    7055    6981    7823    8071    8730    8642    
166    1936 8096    8493    7697    8607    7847    7624    8222    8671    8500    8355    7697    7484    7257    7868    7713    8133    7697    8853    8884    
166    1937 8288    8520    7923    8768    8264    7653    8386    8848    8550    8300    8610    7894    7377    7703    7871    8093    8268    8800    9158    
166    1938 8038    8610    7583    8780    7758    7518    8300    8774    8368    8277    7607    7384    7220    7700    7626    7960    8035    8913    8606    
166    1939 8058    8507    7516    8702    7716    7442    8327    8768    8736    8016    7663    7468    6880    7613    7816    7643    8474    8860    8790    
166    1940 8140    8562    7827    8596    7891    7762    8380    8165    8848    8261    8030    7387    7363    7906    8003    8277    8345    8520    8613    
166    1941 8127    8535    7707    8694    7741    7735    8322    8623    8864    8277    7643    7300    7687    7410    8106    8103    8058    8813    8700    
166    1942 8073    8546    7509    8506    7754    7586    8408    8287    8532    8890    6820    7523    7067    7845    7829    7947    8684    8583    8848    
166    1943 8188    8645    7659    8839    7622    7751    8427    8974    8679    8103    7643    7119    7700    7742    7810    7950    8752    8570    9235    
166    1944 -999999 8644    7715    8811    7673    7871    -999999 8903    8259    8116    7957    6955    7657    8168    7781    7783    -999999 -999999 -999999 
166    1945 -999999 -999999 -999999 -999999 -999999 -999999 8363    -999999 -999999 -999999 -999999 -999999 -999999 -999999 7865    7953    8187    8953    8739    
166    1946 7968    8559    7625    8593    7702    7717    7969    8397    8650    8448    7200    7442    7907    7535    7716    7957    7645    8317    8448    
166    1947 -999999 8244    -999999 8291    7883    -999999 -999999 8303    8104    8635    7657    7348    7113    7529    -999999 -999999 -999999 -999999 -999999 
166    1948 -999999 -999999 -999999 -999999 -999999 -999999 -999999 -999999 -999999 -999999 -999999 -999999 -999999 -999999 -999999 -999999 -999999 -999999 -999999 
166    1949 -999999 -999999 -999999 -999999 -999999 -999999 -999999 -999999 -999999 -999999 -999999 -999999 -999999 -999999 -999999 -999999 -999999 -999999 -999999 
166    1950 -999999 -999999 -999999 -999999 -999999 -999999 -999999 -999999 -999999 -999999 -999999 -999999 -999999 -999999 -999999 -999999 -999999 -999999 -999999 
166    1951 8263    -999999 7977    -999999 7846    8027    8452    8981    8575    8055    7610    7865    7777    8110    8187    8303    8384    8670    8645    
166    1952 8224    8597    7813    8690    7949    7859    8275    8629    8803    8465    7840    7539    7637    7852    8081    7930    8319    8573    9026    
166    1953 8356    8691    7936    8962    7959    8084    8431    9119    8718    8390    7770    7710    8400    8039    7823    7883    8632    8770    9039    
166    1954 8197    8624    7930    8600    7770    8239    8340    8068    8704    8545    7633    7126    8033    8274    8403    8110    8590    8310    8594    
166    1955 8132    8406    7869    8497    7862    7904    8224    8577    8300    8052    7907    7629    7693    8081    7932    7970    8110    8597    8739    
166    1956 8246    8369    8051    8479    7826    8172    8471    8468    8214    8087    7817    7574    8183    8423    7910    8407    8471    8537    8861    
166    1957 8191    8609    7743    8738    7845    7675    8580    8658    8689    8445    7627    7455    7040    7981    7984    8363    8716    8657    8690    
166    1958 8315    8518    8073    8647    7865    8173    8504    8735    8500    7810    7660    8119    7960    8029    8523    8130    8600    8780    8926    
166    1959 8007    8748    7467    8808    8103    7440    7731    8358    9175    8690    8207    7416    7300    7377    7639    6860    7497    8843    8803    
166    1960 8284    8401    7974    8556    8007    7991    8570    8481    8372    8419    7937    7661    7823    7981    8165    8280    8719    8707    8861    
166    1961 8269    8701    7956    8818    8108    7750    8513    8697    8904    8335    8507    7494    7777    7597    7877    8517    8410    8617    8571    
166    1962 8144    8432    7863    8477    8115    7728    8282    8665    8164    8148    8060    8135    7273    7848    8048    7800    8313    8733    8513    
166    1963 8524    8655    8246    8720    8475    8147    8574    8768    8896    8732    8467    8226    8030    8019    8387    8353    8603    8763    9058    
166    1964 8292    8756    7887    9035    8091    7812    8325    9290    8738    8081    8313    7887    8000    7948    7494    7690    8326    8960    8803    
166    1965 8221    8525    8070    8566    8150    8020    8199    8694    8161    8184    8443    7832    8040    8087    7932    8100    8252    8243    8681    
166    1966 8362    8520    8115    8748    8271    8066    8384    8539    9054    8397    8573    7852    8017    8216    7965    8077    8584    8483    8642    
166    1967 8164    8489    7917    8612    7833    7897    8414    8777    8396    8042    7743    7710    7930    7752    8010    8367    8235    8647    8377    
166    1968 8354    8410    8045    8529    7843    8113    8744    8652    8559    8006    7567    7948    8063    7926    8348    8413    8877    8937    8948    
166    1969 8258    8784    7954    8810    8118    7948    8187    8987    8461    8468    7800    8077    7770    8265    7803    7997    8248    8313    8890    
166    1970 8251    8588    7931    8861    8239    7766    8240    9232    8418    8403    8307    8010    7170    8061    8048    7977    8323    8417    8626    
166    1971 8205    8535    7846    8768    8016    7850    8067    9045    8618    8184    8087    7781    8000    7629    7926    7663    8035    8503    9010    
166    1972 8294    8523    8095    8921    8011    8134    8185    8839    8914    7865    8080    8090    8000    8426    7971    7993    8074    8490    8803    
166    1973 8298    8616    7985    8896    8250    7861    8181    9032    8846    8471    8167    8110    7880    7994    7710    8053    8403    8080    8855    
166    1974 8185    8578    7983    8758    7948    8142    8165    8910    8482    8713    7467    7648    8247    8200    7984    8353    8055    8090    8081    
166    1975 7914    8118    7542    8084    7849    7383    8163    8116    8054    8303    8110    7142    7000    7690    7445    7877    7916    8703    8626    
166    1976 7824    8389    7139    8647    7395    6807    8473    8384    8952    7800    7290    7090    6947    6684    6794    8060    8610    8743    8603    
166    1977 8192    8660    7831    8770    7787    8066    8071    9016    8682    8310    7687    7361    8257    7797    8152    7740    8558    7900    8848    
166    1978 8196    8458    7881    8647    8055    7827    8314    8500    8586    8348    7667    8139    7720    8077    7681    7997    8287    8660    8700    
166    1979 8219    8590    7910    8707    8107    7960    8167    8716    8704    8487    7883    7942    8343    7745    7803    7750    8313    8433    8545    
166    1980 8144    8543    7807    8736    7625    8075    8062    8819    8852    8313    7730    6835    8177    8194    7858    8063    7913    8213    8797    
166    1981 8148    8355    7954    8506    8037    8003    8118    8539    8146    8500    7643    7955    7943    8132    7932    8110    8100    8143    8610    
166    1982 7984    8302    7517    8462    7421    7661    8380    8326    8450    8190    7043    7016    7670    7474    7839    8067    8523    8547    8684    
166    1983 8057    8366    7914    8257    8332    7701    7978    8287    7750    8352    8343    8300    7577    7735    7787    7740    7813    8387    8577    
166    1984 8342    8426    8032    8559    8147    8032    8547    8461    8645    8684    7233    8494    8127    7939    8032    8357    8658    8623    8842    
166    1985 8318    8681    8049    8591    8457    7920    8248    8826    8054    9019    8017    8319    7883    7810    8065    8197    8203    8347    9023    
166    1986 8157    8427    7868    8453    8267    7630    8449    8648    7607    8655    8377    7774    7670    7632    7590    8187    8471    8690    8535    
166    1987 8268    8466    8018    8559    7908    8098    8362    8506    8643    7974    7820    7926    8573    7816    7919    8067    8355    8663    8997    
166    1988 8219    8565    7908    8633    7915    8007    8381    8790    8076    8481    7547    7706    7957    8229    7832    8173    8503    8463    8835    
166    1989 8014    8631    7555    8816    7843    7427    8035    9023    8564    8387    8067    7084    7400    7368    7513    7923    8029    8153    8690    
166    1990 7804    8290    7315    8539    7420    7374    8002    8906    7964    7961    7287    7006    7753    7252    7129    7483    8139    8380    8394    
166    1991 8170    8377    7768    8507    7884    7859    8325    8452    8693    8239    7383    8013    8033    8035    7513    7620    8335    9020    8735    
166    1992 8441    8791    8067    8902    8087    8202    8574    9090    8879    8697    8097    7468    8187    8200    8219    8240    8342    9147    8755    
166    1993 8541    8618    8353    8812    8062    8322    9031    8748    8946    7819    8280    8094    8180    8558    8223    8790    8919    9387    8606    
166    1994 8279    8823    7842    8663    8334    7460    8538    8745    8636    8645    8157    8194    7733    7187    7468    8337    8148    9143    9000    
166    1995 8188    8532    7869    8707    7809    7804    8470    8503    8607    7816    8283    7342    8233    7871    7323    8197    8697    8510    8929    
166    1996 8179    8668    7791    8834    7978    7773    8262    8861    8703    8303    7467    8148    7570    7881    7861    7800    8426    8553    8568    
166    1997 8343    8708    7899    8812    8132    8034    8316    9010    8864    8835    7477    8061    8030    8194    7877    7743    8000    9217    8829    
166    1998 8336    8599    8097    8674    8154    8000    8468    8468    8732    8384    8423    7665    8230    8058    7719    8513    8332    8563    8997    
166    1999 8264    8633    7974    8733    8402    7713    8349    8648    8536    8710    8387    8110    7757    7635    7748    8223    8319    8507    8603    
166    2000 8225    8576    7865    8711    8089    7795    8347    8942    8579    8503    7900    7858    7573    8061    7742    8053    8232    8760    8500    
166    2001 8153    8551    7736    8591    7963    7625    8407    8652    8625    8552    8000    7339    7297    7813    7755    8220    8584    8410    8619    
166    2002 8210    8479    7868    8599    7922    7960    8201    8974    8161    8094    7560    8100    7803    8032    8039    7657    8042    8910    9119    
166    2003 8020    8505    7561    8669    7726    7582    8205    8626    8218    8103    7110    7945    7720    7535    7494    7550    7961    9113    8861    
166    2004 8045    8497    7650    8649    7707    7718    8092    8790    8272    7987    7553    7574    7597    7723    7832    7613    8245    8413    8919    
166    2005 8148    8475    7806    8503    8146    7708    8319    8365    8196    8684    8053    7697    7340    7968    7803    7973    8474    8503    8706    
166    2006 8167    8516    7813    8676    8146    7486    8336    8584    8743    8110    8153    8174    7460    6994    8003    8103    8494    8407    8823    
166    2007 8155    8515    7814    8733    7679    7960    8269    8516    8875    8010    7207    7806    8180    7932    7774    7983    8458    8360    8800    
166    2008 8215    8457    7808    8582    7605    8028    8537    8752    8169    8184    7613    7019    7767    7913    8397    8140    8465    9010    9142    
166    2009 -999999 -999999 7538    -999999 7916    7387    8031    8939    -999999 8261    7963    7526    7453    7539    7171    7587    8029    8477    8713    
166    2010 8143    8493    7667    8801    7737    7595    8400    8900    8789    8077    7413    7710    7573    7345    7865    8100    8274    8830    8877    
166    2011 8116    8673    7656    8950    7427    7823    8469    9045    8925    8116    7167    6990    7710    7684    8071    8323    8142    8953    8339    
166    2012 8207    8485    7874    8414    8186    7845    8302    8542    8359    8581    8090    7884    7763    7971    7797    7740    8516    8643    8584    
166    2013 7996    8310    7746    8459    7667    7680    8224    8574    8193    7348    7613    8039    7943    7710    7397    7777    8442    8447    8481    
166    2014 8166    8399    7837    8494    7826    7785    8609    8581    8414    8035    7757    7684    7377    8032    7932    8233    8565    9030    8368    
166    2015 7998    8491    7602    8408    7751    7517    8267    8416    8443    8135    7570    7542    7207    7661    7674    7953    8506    8333    8545    
166    2016 8107    8315    7832    8315    7715    8087    8187    8381    8000    8106    7630    7406    8487    7961    7826    7693    8339    8523    8926    
166    2017 7979    8531    7599    8748    7707    7536    8014    8474    8854    8103    7340    7665    7193    7603    7800    7987    8116    7937    8710    
166    2018 7878    8225    7485    8329    7953    7276    7987    8603    7604    8310    8067    7487    7890    6577    7381    7540    7858    8567    8645    
166    2019 7860    8338    7305    8530    7436    7343    8152    8545    8386    8039    6913    7339    7523    7081    7432    7543    8400    8503    8635    
166    2020 -999999 8287    7100    8488    6796    7334    -999999 8865    7928    7374    6547    6458    7267    7406    7326    7600    8226    -999999 -999999 
