EUROPEAN CLIMATE ASSESSMENT & DATASET (ECA&D), file created on: 16-11-2020
THESE DATA CAN BE USED FOR NON-COMMERCIAL RESEARCH AND EDUCATION PROVIDED THAT THE FOLLOWING SOURCE IS ACKNOWLEDGED: 

Klein Tank, A.M.G. and Coauthors, 2002. Daily dataset of 20th-century surface
air temperature and precipitation series for the European Climate Assessment.
Int. J. of Climatol., 22, 1441-1453.
Data and metadata available at http://www.ecad.eu

FILE FORMAT (MISSING VALUE CODE = -999999):

THIS FILE HOLDS DATA FOR STATION FRANCE                                   TOULOUSE-BLAGNAC                         (STAID:     33)
LATITUDE: dd:mm:ss +43:37:15
LONGITUDE: ddd:mm:ss +001:22:44
ELEVATION: m  151

DATA IS FOR INDEX Mean of daily average relative humidity (RH) with unit 0.01 Relative humidity (%)

01-06 SOUID: Source identifier
08-11 YEAR : YYYY
13-20 ANNUAL DATA VALUES
21-28 WINTER HALF YEAR DATA VALUES
29-36 SUMMER HALF YEAR DATA VALUES
37-44 WINTER (DJF) DATA VALUES
45-52 SPRING (MAM) DATA VALUES
53-60 SUMMER (JJA) DATA VALUES
61-68 AUTUMN (SON) DATA VALUES
69-76 JANUARY DATA VALUES
etc. 
157-164 DECEMBER DATA VALUES

33     1947 7810    -999999 7050    -999999 7512    6796    8260    8674    8507    7900    6910    7706    7087    6681    6629    7290    8510    8973    8887    
33     1948 7929    8539    7591    8885    7496    7476    8069    9194    8552    7132    7597    7761    7613    7155    7665    7763    7726    8730    8300    
33     1949 7505    7831    6933    7910    7050    6427    8358    8306    7039    6839    6657    7642    6790    6145    6358    8030    8319    8727    9168    
33     1950 7749    8448    7220    8612    7909    6670    7971    8781    7811    7829    8213    7694    6617    6797    6594    7423    7977    8513    8742    
33     1951 8222    8362    7988    8514    8226    7950    8216    8590    8179    8155    7977    8539    8333    7497    8032    7547    8729    8357    8706    
33     1952 7772    8381    7190    8433    7561    6903    8204    8535    8031    7906    7600    7177    6837    6703    7168    7673    8426    8507    8706    
33     1953 7746    8201    7251    8582    6949    7253    8325    8848    8150    6571    7137    7145    7717    7197    6861    7470    8577    8920    8410    
33     1954 7935    8441    7459    8442    7590    7292    8230    8640    8259    7835    7430    7500    7610    7077    7200    7957    8284    8447    9035    
33     1955 7654    8393    6850    8701    6787    6907    8207    8903    8107    7555    6167    6619    7240    7100    6390    7600    8332    8683    9161    
33     1956 7881    8426    7378    8789    7279    7391    8160    9113    8045    7203    7200    7432    7507    7271    7400    7460    8219    8800    8916    
33     1957 8043    8436    7634    8607    7799    7403    8303    8910    7929    7806    7633    7952    7577    7161    7477    8017    7903    9003    9139    
33     1958 7988    8529    7422    8722    7667    7330    8372    8768    8211    8132    7457    7406    7037    7648    7297    7687    8316    9141    8817    
33     1959 7985    8597    7474    8669    7757    7148    8415    8665    8514    8161    7660    7445    7273    6961    7213    8320    8310    8620    8726    
33     1960 7907    8424    7393    8553    7500    7241    8258    8671    8241    7971    7563    6968    6690    7452    7565    8127    8039    8617    8981    
33     1961 7925    8314    7510    8739    7583    7320    8116    8781    8425    7061    8023    7677    7663    7006    7300    7410    8245    8690    8868    
33     1962 7779    8398    7074    8718    7558    6729    8078    8752    8514    7342    7620    7713    6960    6613    6623    6923    8426    8873    9035    
33     1963 8172    8505    7875    8596    7854    7763    8502    8468    8250    7968    7963    7635    7737    7613    7939    8380    8571    8553    8994    
33     1964 7883    8577    7090    8849    7630    6648    8481    9239    8279    7806    7767    7323    6973    6384    6597    7527    8784    9123    8813    
33     1965 7955    8535    7547    8547    7840    7125    8318    8848    7918    7684    8213    7635    7400    7003    6981    8083    8406    8460    8839    
33     1966 7838    8326    7284    8517    7577    7141    8101    8494    8186    7565    7670    7500    7380    7155    6897    7110    8571    8607    8935    
33     1967 7573    8524    6762    8744    7354    6341    7813    8926    8332    7755    7167    7135    6407    6223    6397    7260    7590    8597    9139    
33     1968 7771    8315    7191    8773    7191    7082    8200    8816    8334    7426    7313    6839    6957    6781    7503    7770    8203    8627    8710    
33     1969 7901    8307    7527    8387    7775    7127    8288    8606    7786    7868    7900    7561    7273    6868    7245    8343    8213    8310    8832    
33     1970 7715    8346    7202    8628    7635    7034    7601    8806    8204    7694    7610    7600    7500    6471    7145    6900    7548    8357    8777    
33     1971 7901    8141    7527    8501    7657    7438    8002    8400    8307    7481    7657    7832    7723    7155    7445    7357    8074    8573    8835    
33     1972 7963    8302    7632    8486    7884    7350    8136    8448    8152    7726    7993    7935    7813    6848    7403    7820    8119    8470    8848    
33     1973 7609    8322    7137    8896    6793    7240    7682    9158    8657    6716    6673    6987    7580    7142    7010    7440    7781    7823    8410    
33     1974 7684    8095    7275    8260    7677    7060    7827    8187    8175    8190    7407    7426    6990    7081    7106    7647    7848    7987    8184    
33     1975 7631    7866    7128    7951    7404    6785    8076    8513    7071    7519    7480    7216    7343    6245    6784    7740    7577    8927    9132    
33     1976 7507    8300    6808    8597    7533    6204    7851    8674    7941    7545    7650    7406    5780    6226    6594    7200    7865    8487    8710    
33     1977 7766    8343    7340    8559    7753    7264    7652    8645    8296    8055    7113    8071    7097    7171    7519    7047    7645    8263    8271    
33     1978 7795    8182    7275    8506    7660    7059    7858    8881    8350    7700    7543    7732    7237    6948    6997    7200    7829    8547    8613    
33     1979 7812    8126    7385    8253    7564    7251    8142    8161    7957    7645    7460    7584    7853    6677    7242    7517    8342    8560    8761    
33     1980 7890    8547    7331    8725    7712    7074    8213    8768    8641    8216    6953    7942    7283    6700    7245    7867    8400    8367    8306    
33     1981 7880    8226    7462    8248    7905    7016    8403    8516    7886    7855    7970    7894    6803    7239    7000    7873    8648    8680    8190    
33     1982 7377    8227    6708    8240    6842    6816    7529    8252    8282    7332    6257    6919    6793    6868    6787    6607    7894    8073    8487    
33     1983 7652    8135    7183    8366    7490    7074    7690    8323    8279    7765    7367    7335    6907    7032    7277    7173    7658    8240    8497    
33     1984 7790    8016    7303    8336    7233    7298    8055    8558    7928    7216    6527    7932    7887    6442    7584    7447    8390    8317    9229    
33     1985 7744    8529    7169    8812    7788    7160    7362    8819    8343    8052    7580    7726    7393    7103    6990    6210    7461    8410    8855    
33     1986 7989    8317    7305    8653    7792    7036    8348    8687    8393    8106    7937    7339    7013    6784    7310    7467    8439    9137    9287    
33     1987 8027    8827    7462    9143    7608    7541    7954    9003    9139    7997    7450    7371    7737    8048    6845    7323    8016    8520    8942    
33     1988 8278    8543    7984    8730    8624    7586    8062    8877    8345    8542    8613    8716    7820    7374    7571    7820    8016    8350    9274    
33     1989 7645    8436    6937    8850    7688    6327    8156    9094    8111    7735    8347    7003    6190    6071    6716    7327    8335    8800    8055    
33     1990 7664    8159    6864    8354    7145    6399    8352    8735    8264    6794    7727    6932    7353    5413    6461    7360    8465    9227    9329    
33     1991 7934    8834    7160    9050    7875    6677    8282    9135    8646    8194    7757    7671    7503    6474    6081    7513    8381    8950    8971    
33     1992 8045    8699    7505    8932    7801    7550    8031    9284    8514    8094    7730    7577    8497    7390    6794    7070    8303    8710    8597    
33     1993 7630    8117    7187    8209    7462    6818    8074    8503    7454    7090    7857    7452    6930    6890    6639    7377    8268    8570    8526    
33     1994 7681    8314    7048    8472    7636    6521    8048    8503    8379    7655    7947    7316    6430    6358    6771    7487    7994    8667    8723    
33     1995 7276    8219    6549    8459    6874    6304    7545    8394    8239    7316    6893    6413    6263    6265    6384    7097    7819    7710    8574    
33     1996 7606    7964    6996    8302    7293    6852    7860    8287    8028    7361    7240    7277    6610    6735    7203    6903    8019    8653    8945    
33     1997 7425    8242    6747    8656    6502    6999    7681    8858    8111    6865    5790    6829    7027    6887    7084    6847    7661    8537    8619    
33     1998 7403    7981    6730    8230    7122    6251    7993    8190    7843    7039    7713    6632    6343    6265    6148    7313    8145    8517    8739    
33     1999 7588    8260    7040    8393    7766    6571    7702    8361    8046    7739    7660    7897    6450    6403    6855    6977    7710    8420    8552    
33     2000 7514    8111    6896    8447    7317    6649    7720    8671    8097    7226    7540    7194    6723    6497    6729    6703    8158    8283    8365    
33     2001 7629    8199    7119    8331    7604    6863    7714    8606    7989    7774    7287    7742    6467    7065    7045    7093    7719    8330    8426    
33     2002 7661    8045    7130    8360    7136    7163    7913    8552    8075    7181    7067    7158    7130    7048    7310    7060    7965    8713    8687    
33     2003 7161    8112    6297    8284    6903    5882    7620    8329    7789    7177    6693    6832    6570    5539    5558    6623    7745    8487    8645    
33     2004 7507    8150    6760    8490    7361    6323    7843    8716    8083    7229    7690    7174    6123    6158    6681    6743    7990    8790    8719    
33     2005 7279    8078    6606    8280    7014    6049    7898    8594    7446    6890    7257    6903    6100    5803    6245    7357    8013    8320    8429    
33     2006 7252    8023    6523    8206    6979    6113    7674    8558    7568    7213    7020    6706    5880    6132    6319    7097    7952    7963    8616    
33     2007 7539    8173    6991    8519    7535    6746    7392    8581    8343    7594    7273    7729    7070    6668    6510    6700    7748    7717    8565    
33     2008 7301    7885    6636    8151    7105    6503    7460    8590    7238    7406    7023    6884    6897    6168    6458    6400    7448    8533    8545    
33     2009 6964    7780    6407    8138    7020    5848    7020    8532    7250    6345    7663    7071    6037    5874    5639    6180    6990    7890    8119    
33     2010 6993    7487    6366    7813    6560    6259    7387    8023    7243    6645    6250    6774    6707    6103    5981    6390    7368    8403    8048    
33     2011 7082    7896    6313    8107    6605    6346    7178    8194    8075    7319    6407    6084    6557    6239    6248    6353    6865    8327    8397    
33     2012 6952    7539    6323    7941    6739    5913    7296    8410    6952    6274    7253    6706    6337    5623    5794    6253    7429    8200    8197    
33     2013 7440    7934    6862    8202    7295    6549    7670    8619    7746    7400    7103    7374    7180    6297    6190    7053    7565    8397    8384    
33     2014 7446    7950    6937    8279    7083    6871    7491    8513    7904    6948    7240    7065    6283    7206    7103    6703    7487    8283    8623    
33     2015 7319    8126    6516    8418    7061    6271    7531    8526    8071    7768    6557    6842    6227    5861    6723    6890    7368    8340    8687    
33     2016 7170    7978    6425    8322    6972    6233    7196    8477    7766    7226    6820    6865    6780    6323    5613    6167    7161    8260    8600    
33     2017 6922    7783    6230    8003    6548    6135    7248    7829    7536    7303    5877    6442    6100    6358    5945    6653    7190    7903    7955    
33     2018 7263    7694    6614    7979    7165    6379    7330    8329    7618    7168    6790    7526    6920    6206    6029    6213    7677    8087    8594    
33     2019 7152    7840    6369    8258    6742    6093    7535    8381    7750    6548    6823    6858    6240    5761    6284    6257    7703    8640    8619    
33     2020 -999999 -999999 -999999 -999999 -999999 -999999 -999999 -999999 -999999 -999999 -999999 -999999 -999999 -999999 -999999 -999999 -999999 -999999 -999999 
