EUROPEAN CLIMATE ASSESSMENT & DATASET (ECA&D), file created on: 16-11-2020
THESE DATA CAN BE USED FOR NON-COMMERCIAL RESEARCH AND EDUCATION PROVIDED THAT THE FOLLOWING SOURCE IS ACKNOWLEDGED: 

Klein Tank, A.M.G. and Coauthors, 2002. Daily dataset of 20th-century surface
air temperature and precipitation series for the European Climate Assessment.
Int. J. of Climatol., 22, 1441-1453.
Data and metadata available at http://www.ecad.eu

FILE FORMAT (MISSING VALUE CODE = -999999):

THIS FILE HOLDS DATA FOR STATION GERMANY                                  FRANKFURT                                (STAID:     44)
LATITUDE: dd:mm:ss +50:02:47
LONGITUDE: ddd:mm:ss +008:35:54
ELEVATION: m  112

DATA IS FOR INDEX Mean of daily average relative humidity (RH) with unit 0.01 Relative humidity (%)

01-06 SOUID: Source identifier
08-11 YEAR : YYYY
13-20 ANNUAL DATA VALUES
21-28 WINTER HALF YEAR DATA VALUES
29-36 SUMMER HALF YEAR DATA VALUES
37-44 WINTER (DJF) DATA VALUES
45-52 SPRING (MAM) DATA VALUES
53-60 SUMMER (JJA) DATA VALUES
61-68 AUTUMN (SON) DATA VALUES
69-76 JANUARY DATA VALUES
etc. 
157-164 DECEMBER DATA VALUES

44     1874 7884    -999999 7352    -999999 7446    7220    8362    8681    8254    7729    7117    7481    7170    7061    7426    7860    8697    8517    8752    
44     1875 7923    8348    7553    8436    7191    7745    8340    8597    7907    7581    6543    7429    7383    7819    8019    8103    8390    8523    8742    
44     1876 6814    7904    6131    7919    6258    5911    7111    7445    7545    6777    6253    5742    6050    6052    5635    7083    7068    7183    8965    
44     1877 7141    7828    6414    8499    6687    6203    7532    8419    8071    7265    6523    6268    5563    6684    6342    7103    7081    8427    8003    
44     1878 7561    7763    7111    7992    6741    7268    8108    7935    8043    7135    6380    6697    6863    7303    7626    7787    8287    8243    8445    
44     1879 7439    8055    6999    8168    6510    7253    8066    7935    8118    7313    6553    5665    6653    7323    7765    8043    8200    7950    7794    
44     1880 7244    7652    6754    7921    5939    7011    7916    8084    7883    6029    6447    5358    7353    6674    7016    7717    8058    7970    8397    
44     1881 7182    7836    6528    8054    6171    6535    7943    7700    8068    6852    6060    5597    6217    6177    7200    7940    7574    8327    8555    
44     1882 7807    8032    7385    8400    6741    7614    8481    8652    7950    7139    6327    6745    7207    7787    7835    8403    8616    8420    8587    
44     1883 7490    8144    6924    8188    6603    7040    8196    7952    8007    7277    6210    6310    6420    7584    7097    7917    8235    8433    8455    
44     1884 7508    8111    6986    8259    6898    6964    7968    8474    7821    7242    6677    6768    7150    6648    7100    7590    8039    8273    8323    
44     1885 7533    7989    6991    8108    6927    6841    8231    7845    8161    7319    6380    7065    6653    7035    6829    7983    8284    8423    8461    
44     1886 7464    7998    6972    8057    6709    7220    7934    8148    7507    7129    6537    6455    7640    7006    7026    7180    8161    8453    8332    
44     1887 7434    8107    6790    8172    7087    6424    8012    8529    7600    7526    6230    7477    6353    6510    6406    7760    7910    8370    8516    
44     1888 7627    8145    7164    8265    6927    7432    7808    8487    7759    7813    6870    6097    6900    7706    7671    7740    8119    7553    8765    
44     1889 7702    8101    7081    8463    7178    7039    8175    8355    8250    7558    7180    6797    6660    7094    7352    7403    8477    8633    8687    
44     1890 7636    8242    7232    8278    7028    7429    8065    8587    7482    7523    6960    6600    6767    7716    7784    7553    8045    8597    7987    
44     1891 7781    8071    7370    8118    7068    7566    8244    8448    7896    7455    6963    6784    7680    7484    7539    7783    8371    8573    8403    
44     1892 7417    8090    6714    8296    6217    6825    8287    8281    8197    6739    5890    6013    7083    6713    6687    7923    8281    8657    8587    
44     1893 7177    8105    6274    8422    5654    6471    8167    8613    8029    6477    4693    5761    5733    6732    6923    7783    8371    8340    8681    
44     1894 7611    8077    7116    8302    6652    7227    8322    8471    7696    6877    6273    6794    6963    6890    7819    7953    8477    8530    8574    
44     1895 7472    8329    6717    8442    7046    6748    7676    8574    8150    7658    6863    6610    6417    6755    7061    6590    8058    8367    8574    
44     1896 7595    8031    7111    8182    6749    7092    8342    8271    7669    7235    7347    5684    6607    6997    7658    8410    8358    8257    8665    
44     1897 7754    8331    7280    8534    7310    7074    8133    8532    8393    7787    7170    6968    6983    6806    7429    8347    7935    8123    8623    
44     1898 7929    8195    7418    8462    7605    7241    8411    8839    7868    7748    7363    7697    7097    7158    7465    7727    8752    8743    8658    
44     1899 7305    8039    6892    8114    6639    6699    7944    8113    7514    6426    6940    6561    6520    7023    6548    7780    7848    8207    8213    
44     1900 7424    7942    6689    8200    6313    6899    8120    8416    7946    7032    5963    5932    6593    6852    7242    7550    8123    8687    8771    
44     1901 7259    8116    6595    8160    6549    6466    8015    7671    8025    7432    6423    5787    6023    6484    6877    7997    8232    7810    8394    
44     1902 7133    7877    6450    8057    6537    6336    7730    8190    7536    7068    5860    6661    5910    6142    6942    7170    8058    7950    8090    
44     1903 7175    7592    6556    7663    6492    6380    7751    7771    7071    6574    6883    6032    5780    6465    6877    7307    7781    8163    9361    
44     1904 7987    8466    7473    8943    7349    7632    8195    9029    8403    8042    6957    7035    7883    7832    7187    7957    8055    8577    8900    
44     1905 7619    8307    6952    8644    6907    6779    8185    8903    8075    7316    6773    6626    6790    7016    6532    7997    8329    8223    8874    
44     1906 7665    8263    7129    8513    7193    7036    8059    8513    8114    7510    6600    7452    6787    7126    7187    7610    8139    8427    8523    
44     1907 7766    8118    7034    8357    6761    7007    8643    8277    8261    7106    6680    6494    6610    7187    7210    8033    8916    8970    9471    
44     1908 7958    8928    7264    9103    7603    7139    8252    9535    8248    8384    7093    7316    6893    6939    7577    7767    8313    8673    8729    
44     1909 7811    8696    6999    8786    7271    7063    8242    8745    8893    8842    7107    5858    6913    7106    7165    7873    8294    8557    8461    
44     1910 7660    8284    7074    8470    6722    7247    8146    8681    8246    7468    6140    6539    7077    7403    7255    8030    8000    8413    8694    
44     1911 7199    8149    6236    8429    6780    5896    7692    8739    7793    7229    6357    6742    6587    5735    5387    6633    7881    8557    8790    
44     1912 7594    8240    6892    8476    6770    7023    8066    8274    8355    7603    6230    6458    6800    6661    7600    7603    8158    8433    8961    
44     1913 7810    8184    7373    8392    7205    7332    8436    8500    7643    7361    7133    7119    7040    7771    7174    8000    8590    8713    8642    
44     1914 7864    8654    7199    8849    7374    7254    8142    9052    8854    8094    6670    7335    7140    7452    7168    7417    8310    8693    8229    
44     1915 7322    8176    6505    8140    6885    6335    7866    8155    8025    7648    6830    6174    5580    6235    7165    7047    8184    8357    8490    
44     1916 7595    8120    7060    8255    6941    7066    8047    8155    8110    7429    6860    6532    6897    7171    7126    7787    7990    8367    8732    
44     1917 7376    8229    6571    8368    6832    6597    7896    8368    7964    7929    6700    5861    5900    6642    7226    7097    8071    8513    8261    
44     1918 7560    8071    6880    8282    7039    6471    8236    8652    7896    7029    7723    6387    6207    6294    6903    7800    8287    8620    8955    
44     1919 7564    8432    6707    8612    7062    6614    8085    8577    8271    7871    7413    5913    6017    7213    6594    7107    8339    8800    8697    
44     1920 7357    8272    6778    8409    6963    6438    7582    8445    8062    7290    7393    6219    5793    6455    7045    7780    7342    7633    8845    
44     1921 6744    7723    5853    8323    6234    5653    7056    8287    7786    6445    5927    6319    5700    5132    6129    5910    7323    7927    8094    
44     1922 7424    7831    6725    8102    6697    6643    8026    8106    8107    7461    7037    5603    6103    6635    7174    7823    7903    8357    8832    
44     1923 7484    8176    6727    8482    6992    6492    8104    8452    8129    7387    6587    6990    7077    6129    6290    7317    8548    8433    8513    
44     1924 7590    8183    7070    8311    6880    7051    8096    8448    7948    7200    6850    6590    6413    6906    7813    7843    8126    8317    8613    
44     1925 7472    8131    6832    8304    6826    6680    8215    8458    7793    7452    6870    6158    5997    6555    7468    7953    8194    8500    8274    
44     1926 8013    8188    7640    8373    7435    7695    8377    8387    8468    7342    7163    7790    7747    7781    7558    7793    8619    8710    8823    
44     1927 8066    8715    7627    8900    7587    7714    8281    9194    8661    8281    7623    6858    7390    7871    7871    8157    8081    8613    8239    
44     1928 7623    8058    6989    8193    7120    6855    8058    8397    7928    7103    7340    6923    6777    6377    7410    7113    8319    8733    9065    
44     1929 7581    8311    6883    8513    6793    7017    8198    8506    7911    7306    6747    6326    6983    7029    7039    7180    8355    9053    8555    
44     1930 8139    8456    7725    8486    7702    7555    8637    8771    8093    7894    7620    7590    7180    7752    7723    8487    8829    8590    9113    
44     1931 7790    8426    7427    8762    6937    7551    8125    8552    8607    6887    7057    6871    7140    7442    8058    7990    7884    8510    8552    
44     1932 7732    8032    7309    8326    7008    7201    8347    8765    7617    6852    6987    7184    6800    7452    7339    8090    8432    8517    8729    
44     1933 7403    8030    6913    8154    6686    6883    8156    8016    7671    6797    6257    6990    6937    6810    6903    7580    8271    8613    8006    
44     1934 7542    8121    6752    8108    6725    6714    8332    8442    7850    7535    6323    6303    6367    6348    7416    7763    8506    8720    8929    
44     1935 7535    8265    6908    8453    6936    6642    8284    8529    7843    7039    7377    6406    6993    6223    6723    7773    8394    8680    8490    
44     1936 7989    8232    7615    8227    7316    7610    8614    8248    7924    7652    7450    6852    7010    7916    7884    8587    8529    8730    9077    
44     1937 8015    8597    7529    8749    7824    7312    8256    8423    8746    8097    8073    7310    7347    7216    7374    7877    8306    8583    8887    
44     1938 7642    8363    7140    8650    7074    7001    8196    8887    8125    7374    7317    6539    6210    7194    7574    8013    8074    8503    7919    
44     1939 7669    8047    7135    8079    7213    6848    8393    8252    8064    7484    7017    7132    6430    6777    7323    8137    8584    8453    8390    
44     1940 7622    8091    7224    8020    7055    7200    8286    7735    7928    7455    7077    6635    6517    7571    7490    8053    8390    8410    8213    
44     1941 7723    8164    7303    8280    7149    7337    8048    8319    8311    7361    7150    6935    7037    7035    7929    7733    8348    8053    8490    
44     1942 7501    8062    6861    8124    6795    6999    7963    7897    7971    7603    5943    6810    6580    7261    7142    7407    8245    8227    8906    
44     1943 7469    8046    6944    8374    6672    6923    8001    8223    7954    6716    6647    6652    7273    6623    6884    7610    7981    8413    8703    
44     1944 7618    8023    7201    8188    6750    7375    8304    8219    7603    7206    6677    6365    7440    7652    7035    8053    8335    8523    8313    
44     1945 -999999 -999999 -999999 8401    -999999 7328    8029    8548    8336    -999999 -999999 -999999 7047    6981    7948    7897    7826    8370    8677    
44     1946 7565    8051    7109    8222    6897    7178    8082    7942    8029    7471    6177    7019    7193    7235    7106    7923    7906    8423    8381    
44     1947 7084    8044    6211    8088    6918    5940    7348    8113    7736    7687    6427    6626    6020    6477    5326    6397    7316    8333    8581    
44     1948 7556    7870    7067    8222    6701    7192    8062    8490    7552    6945    6437    6713    6427    7458    7668    7680    7765    8750    8755    
44     1949 7369    8208    6515    8560    6725    6155    8064    8619    8279    7103    6347    6713    6440    5261    6774    7580    8239    8367    8768    
44     1950 7668    8147    7168    8349    7141    6908    8305    8084    8179    7255    7270    6903    6573    6877    7261    8137    8158    8627    8745    
44     1951 7649    8263    7132    8490    6918    7185    7924    8503    8193    7355    6643    6748    7380    6910    7271    7857    7561    8367    9042    
44     1952 7606    8326    6757    8785    6926    6441    8435    8700    8600    7706    6713    6352    6493    5974    6858    8190    8435    8680    8623    
44     1953 7573    8245    6873    8540    6620    7061    7970    8810    8150    6777    6707    6377    7157    7348    6681    6973    8213    8717    9003    
44     1954 7623    8182    7044    8234    6645    7216    8470    7868    7789    7484    6383    6058    6667    7377    7587    8197    8681    8527    8855    
44     1955 7773    8345    7249    8486    6846    7435    8379    8410    8161    7426    6327    6768    6980    7445    7865    8100    8458    8577    8768    
44     1956 7810    8150    7416    8355    6787    7566    8532    8368    7900    6829    7033    6506    7580    7510    7610    8280    8884    8420    8810    
44     1957 7718    8469    7086    8604    7036    6973    8331    8581    8404    7706    6713    6677    6473    6910    7519    8227    8603    8153    8668    
44     1958 7842    8263    7356    8438    7211    7367    8371    8306    8329    7523    6703    7390    7233    7255    7610    7940    8532    8637    8671    
44     1959 7207    8327    6351    8369    7058    6297    7220    8277    8136    7703    7170    6303    6173    5923    6790    5747    7203    8710    8410    
44     1960 7805    8057    7301    8463    6858    7368    8421    8684    8283    7090    6803    6677    6497    7442    8139    8237    8581    8440    8784    
44     1961 8094    8321    7824    8516    7773    7587    8607    8455    8286    7384    8313    7639    7547    7639    7574    8253    8713    8850    8513    
44     1962 7508    8248    6902    8209    7105    6597    8151    8294    7779    7313    6840    7155    6037    6868    6868    7640    8019    8797    8490    
44     1963 7824    8286    7207    8311    7324    7077    8527    8235    8196    7984    7263    6723    7297    6368    7574    8047    8752    8777    8713    
44     1964 7531    8478    6718    8584    7226    6278    8097    8977    8024    7606    7227    6845    6043    6139    6645    7427    8294    8563    8590    
44     1965 8010    8363    7644    8493    7602    7532    8422    8742    8111    7861    7810    7142    7397    7687    7506    8343    8306    8620    8603    
44     1966 7876    8224    7463    8329    7352    7501    8345    8216    8150    7455    7747    6868    7367    7726    7406    7680    8506    8843    8574    
44     1967 7705    8245    7162    8242    6940    7157    8427    8516    7571    7413    6837    6568    7073    6694    7700    8117    8358    8810    8797    
44     1968 7880    8375    7411    8609    7000    7478    8547    8629    8386    7287    6490    7206    7163    6916    8345    8337    8684    8617    8503    
44     1969 7825    8448    7265    8599    7279    7193    8226    8971    8293    7610    7060    7161    7130    6929    7519    7797    8629    8240    8568    
44     1970 7864    8380    7368    8622    7418    7260    8133    9016    8246    7565    7527    7168    6740    7494    7529    7747    8194    8457    8690    
44     1971 7512    8227    6850    8472    6849    6880    7827    8603    8086    7329    6360    6842    7667    6148    6852    7253    7774    8457    8816    
44     1972 7769    8077    7381    8401    7260    7220    8295    8355    8007    7058    7330    7394    7110    7213    7332    7913    7939    9043    8555    
44     1973 7492    8266    6846    8576    6992    6611    7801    8935    8200    6945    7027    7006    6517    6939    6374    7223    8061    8110    8597    
44     1974 7706    8222    6980    8447    6946    7115    8358    8800    7889    7839    5917    7048    6993    7381    6968    7560    8881    8617    8545    
44     1975 7667    8359    7061    8251    7258    6814    8413    8665    7468    7900    7167    6703    6810    6758    6874    8083    8494    8660    8400    
44     1976 7130    8226    5980    8490    6174    5402    8368    8523    8552    6761    5943    5810    5027    5416    5752    7967    8497    8637    8735    
44     1977 7770    8421    7113    8656    6973    7245    8165    8842    8361    7458    6917    6542    7620    6484    7642    7497    8619    8363    8935    
44     1978 7680    8342    7072    8482    7241    6932    8260    8374    8100    7639    6483    7577    6850    7152    6790    7567    8394    8817    8423    
44     1979 7608    8296    7042    8314    7249    6996    7927    8413    8086    7639    7283    6826    6877    6713    7394    7167    7845    8773    8319    
44     1980 7735    8135    7266    8196    6822    7579    8215    8368    7879    7629    6797    6039    7463    7987    7284    8043    8313    8287    8726    
44     1981 7724    8310    7157    8561    7047    7232    8102    8855    8054    7603    6490    7029    7017    7329    7342    7730    8390    8177    8658    
44     1982 7587    8148    6825    8378    6899    6742    8289    8561    7864    7213    6380    7087    6880    6284    7068    7250    9097    8493    8848    
44     1983 7467    8385    6827    8376    7595    6211    7873    8500    7714    7594    7290    7890    6287    6197    6152    7157    7968    8490    8368    
44     1984 7604    7967    7085    8171    6928    6779    8431    8310    7814    6858    6313    7594    6703    6487    7145    8270    8497    8523    8732    
44     1985 7432    8175    6916    8090    7146    6884    7729    8274    7175    7761    6823    6842    7147    6494    7019    7187    7684    8317    8426    
44     1986 7451    7884    6883    7933    7223    6468    8154    8165    7132    7523    7223    6923    6420    6348    6635    7770    8152    8540    8558    
44     1987 7768    8182    7349    8358    7077    7453    8246    8245    8261    7358    6577    7281    7773    7068    7529    7870    8300    8567    8429    
44     1988 7552    8310    6756    8346    6907    6757    8140    8529    8062    7965    6407    6332    6817    6968    6487    7540    8403    8467    8652    
44     1989 7502    8392    6762    8736    6923    6575    7880    8981    8557    7310    7700    5784    6447    6500    6774    7407    8055    8173    8432    
44     1990 7210    7971    6405    8206    6445    6241    7922    8552    7571    7013    6667    5661    7000    5774    5974    7413    7874    8480    8597    
44     1991 7183    7995    6315    8047    6716    6249    7752    7758    7757    7494    6250    6390    7027    6068    5677    6507    8097    8640    8574    
44     1992 7486    8256    6719    8453    6585    6759    8170    8313    8472    7465    6467    5819    6873    6648    6758    7780    8135    8597    8565    
44     1993 7262    8051    6521    8379    6471    6176    8004    8139    8439    6484    6483    6445    6160    6381    5987    7693    8184    8130    8710    
44     1994 7590    8221    6896    8446    7328    6300    8530    8726    7843    7694    7113    7171    6237    5758    6903    8220    8206    9173    8071    
44     1995 7228    7993    6585    7880    6695    6211    8141    7781    7779    6965    6717    6403    6543    6103    5997    7790    8477    8143    8103    
44     1996 7320    7827    6831    7847    6786    6688    8001    7897    7521    6813    5987    7532    6343    6758    6952    7387    8216    8393    8019    
44     1997 7298    8036    6538    8061    6564    6715    7696    8484    7639    7435    5803    6429    6697    6942    6506    6840    7555    8697    8545    
44     1998 7347    7746    6844    7926    6691    6461    8337    7858    7314    6497    7387    6213    6593    6926    5868    8130    8377    8503    8539    
44     1999 7356    8264    6631    8349    7067    6386    7770    8323    8168    7671    6993    6535    6140    6355    6655    7117    7890    8300    8174    
44     2000 7428    7840    6868    7942    6690    6703    8286    7977    7655    7048    6450    6565    5680    7539    6858    8107    8394    8353    8490    
44     2001 7590    8147    6866    8026    7091    6553    8705    8148    7375    8055    7093    6126    6593    6155    6913    8360    8935    8813    8503    
44     2002 7700    8318    7139    8382    7105    7068    8179    8703    7893    7035    6623    7642    6447    7152    7587    7353    8284    8897    8752    
44     2003 7018    8061    6149    8208    6417    5843    7807    8429    7361    6603    5633    6990    6133    6177    5229    6730    7887    8800    8245    
44     2004 7574    8045    6891    8108    6872    6933    8146    8348    7703    7290    6447    6865    6687    6916    7187    7233    8461    8733    8987    
44     2005 7516    8314    6815    8452    7109    6612    8118    8290    8039    7361    6953    7006    6120    6623    7077    7103    8484    8753    8390    
44     2006 7356    8110    6683    8038    6778    6608    8008    7874    7829    7323    6537    6468    6237    5929    7645    7280    8290    8443    8439    
44     2007 7349    8040    6788    8197    6293    7096    7878    7832    8332    6942    5317    6590    7267    6916    7110    7520    7916    8197    8310    
44     2008 7377    7858    6730    7940    6826    6521    8120    7858    7631    7235    7330    5929    6367    6258    6932    7597    8410    8343    8652    
44     2009 7333    8173    6640    8314    6817    6534    7749    8148    8125    7361    6277    6797    6643    6784    6177    7170    7787    8290    8481    
44     2010 7448    8020    6834    8433    6713    6626    8023    8481    8329    6790    5897    7426    6250    6113    7503    7797    7906    8370    8552    
44     2011 7238    7931    6518    8358    5755    6913    7989    8394    8104    6294    5813    5161    6643    6910    7177    7413    7939    8617    8455    
44     2012 7335    7857    6770    7933    6595    6839    7973    8155    7138    6819    6570    6394    7287    6835    6410    7147    8281    8480    8494    
44     2013 7402    8037    6790    8247    6927    6390    8082    8348    7861    6758    6470    7539    6697    5987    6497    7560    8181    8503    8455    
44     2014 7555    8043    6811    8311    6607    6629    8603    8500    7943    6681    6333    6797    5970    6677    7219    7863    8919    9017    8745    
44     2015 7306    8409    6378    8470    6534    6101    8153    8629    7989    7132    6090    6365    6283    5645    6381    7530    8223    8703    8748    
44     2016 7615    8214    6946    8342    6887    7153    8026    8523    7714    7358    6780    6519    7760    6826    6894    6917    8590    8553    8942    
44     2017 7447    8177    6879    8322    6777    6745    8122    8148    7829    6977    6143    7190    6227    6874    7116    7707    8184    8473    8490    
44     2018 6693    7914    5767    7874    6451    5437    7078    8097    6946    7219    6220    5906    5947    4910    5471    6183    7148    7900    8371    
44     2019 7176    7601    6337    7916    6575    6062    8091    7919    7407    6852    6103    6755    6060    5561    6565    6983    8471    8807    8629    
44     2020 -999999 8068    5890    8262    5766    6011    -999999 8597    7510    6384    5087    5806    6403    5397    6245    6407    8226    -999999 -999999 
