EUROPEAN CLIMATE ASSESSMENT & DATASET (ECA&D), file created on: 16-11-2020
THESE DATA CAN BE USED FOR NON-COMMERCIAL RESEARCH AND EDUCATION PROVIDED THAT THE FOLLOWING SOURCE IS ACKNOWLEDGED: 

Klein Tank, A.M.G. and Coauthors, 2002. Daily dataset of 20th-century surface
air temperature and precipitation series for the European Climate Assessment.
Int. J. of Climatol., 22, 1441-1453.
Data and metadata available at http://www.ecad.eu

FILE FORMAT (MISSING VALUE CODE = -999999):

THIS FILE HOLDS DATA FOR STATION NORWAY                                   SVALBARD AIRPORT                         (STAID:    186)
LATITUDE: dd:mm:ss +78:15:00
LONGITUDE: ddd:mm:ss +015:28:00
ELEVATION: m   28

DATA IS FOR INDEX Mean of daily average relative humidity (RH) with unit 0.01 Relative humidity (%)

01-06 SOUID: Source identifier
08-11 YEAR : YYYY
13-20 ANNUAL DATA VALUES
21-28 WINTER HALF YEAR DATA VALUES
29-36 SUMMER HALF YEAR DATA VALUES
37-44 WINTER (DJF) DATA VALUES
45-52 SPRING (MAM) DATA VALUES
53-60 SUMMER (JJA) DATA VALUES
61-68 AUTUMN (SON) DATA VALUES
69-76 JANUARY DATA VALUES
etc. 
157-164 DECEMBER DATA VALUES

186    1957 7561    -999999 7711    -999999 7417    7766    7737    7552    7400    7239    7613    7406    7420    7942    7926    7953    7845    7410    7013    
186    1958 7373    7365    7450    7290    7254    7442    7530    7429    7443    7061    7490    7219    7603    7300    7429    7673    7694    7217    6945    
186    1959 7577    7418    7540    7313    7528    7547    7725    7216    7829    7642    7237    7697    7343    7677    7613    7660    7765    7750    7513    
186    1960 7438    7518    7538    7208    7586    7524    7549    7110    6986    7958    7473    7323    7457    7790    7323    7867    6910    7893    7165    
186    1961 7405    7260    7620    7097    7395    7813    7434    6903    7236    7474    7017    7681    7840    7790    7810    7567    7690    7037    6797    
186    1962 7357    7139    7524    6978    7362    7585    7305    6939    7221    7155    7523    7413    7397    8000    7352    7453    7071    7400    7361    
186    1963 7378    7348    7483    7469    7505    7429    7193    7658    7379    7226    7333    7952    7657    7300    7339    7310    7458    6803    7106    
186    1964 7330    7411    7268    7499    7590    7173    7002    7639    7769    7697    7233    7829    7173    7561    6784    7013    7258    6727    7268    
186    1965 7256    7190    7251    7393    7129    7185    7357    7532    7379    6981    7323    7090    6907    6845    7794    7550    7274    7250    7155    
186    1966 7502    7187    7590    7009    7496    7578    7889    7048    6804    7558    7537    7394    7920    7477    7348    7880    7845    7943    7242    
186    1967 7507    7537    7575    7416    7073    7892    7584    7165    7886    7187    6763    7258    7593    8129    7945    7740    7519    7493    7426    
186    1968 7174    7332    7228    7369    7233    7110    7064    7003    7700    6877    7460    7368    7150    7245    6935    7213    6671    7320    7194    
186    1969 7135    7147    7190    7337    7095    7189    6977    7258    7582    6903    6790    7581    7323    6661    7587    7190    6977    6763    7035    
186    1970 6895    6866    7082    6832    6918    7204    6643    6810    6632    6955    7120    6687    7273    7026    7316    7077    6284    6580    6974    
186    1971 6641    6568    6754    6649    6633    6773    6557    6077    6921    6606    6420    6865    6183    7116    7000    6917    6532    6223    6835    
186    1972 6986    6811    7020    7136    6834    7055    6862    7223    7366    6706    6290    7487    7067    7139    6961    7157    6587    6850    7006    
186    1973 6824    6799    7002    6776    6780    7102    6874    6945    6332    7032    6733    6574    7137    7352    6819    7403    6884    6333    6300    
186    1974 6996    6650    6997    6498    7021    6988    7188    6765    6421    7165    6677    7210    7113    6748    7106    7123    7368    7067    7132    
186    1975 7009    6957    7059    6850    6715    7199    7241    6729    6671    6752    6690    6703    6620    7400    7558    7367    7406    6943    7226    
186    1976 7519    7507    7454    7541    7646    7477    7412    7677    7731    8052    7357    7519    7347    7535    7545    7410    7671    7147    7223    
186    1977 7388    7538    7258    7583    7451    7257    7308    7374    8214    7655    7103    7584    6803    7494    7458    7080    7526    7310    7100    
186    1978 7408    7471    7317    7337    7558    7272    7388    7565    7346    7965    7290    7410    6693    7284    7819    7390    7471    7300    7326    
186    1979 7169    7154    7302    7086    7089    7287    7219    6974    6943    6894    7390    6994    8040    6681    7165    7580    7313    6760    7306    
186    1980 7157    7087    7235    7146    6923    7250    7385    6842    7300    7006    6833    6926    6740    7490    7503    7910    7097    7157    7090    
186    1981 -999999 -999999 7256    -999999 6868    7299    7135    7094    -999999 6697    6780    7126    7213    7203    7477    7733    6661    7027    6977    
186    1982 6898    7063    6726    7266    6667    6879    6849    7374    7464    6913    6903    6194    6503    7084    7039    6630    6935    6980    6794    
186    1983 -999999 6951    -999999 6903    -999999 7472    7433    6823    7114    7074    -999999 7913    7350    7655    7406    7600    7403    7297    7210    
186    1984 7387    7446    7375    7549    7229    7360    7404    7771    7676    7332    6890    7455    6923    7532    7610    7823    7487    6900    7229    
186    1985 7105    7164    7111    7103    7134    7053    7190    6942    7143    7271    6940    7184    7013    7219    6926    7383    7277    6907    7048    
186    1986 7073    7176    6983    7242    6968    7191    6886    7735    6911    7145    6697    7055    7290    6997    7290    6557    7074    7020    7071    
186    1987 7511    7096    7751    7028    7661    7574    7769    7068    6936    7387    7587    8006    7513    7687    7519    8197    7487    7633    7087    
186    1988 7303    7375    7340    7226    7295    7487    7065    6984    7634    7448    7240    7194    7310    7252    7894    7140    6874    7187    7487    
186    1989 7468    7434    7558    7523    7679    7683    7282    7484    7607    7971    7953    7123    7173    7935    7923    7230    7539    7070    6613    
186    1990 7241    7115    7501    6940    7374    7504    7029    6997    7239    7242    7590    7297    7793    7848    6881    7613    6884    6593    6929    
186    1991 7410    7187    7365    7429    7166    7562    7258    7397    8018    7365    6570    7545    7437    7435    7810    7370    7248    7157    7597    
186    1992 7374    7423    7411    7555    7391    7364    7419    7529    7538    7468    7267    7435    7370    7474    7248    7677    6981    7613    6913    
186    1993 7195    7233    7234    7120    7121    7414    7082    6971    7514    7445    7107    6810    7537    7258    7452    7250    6803    7203    7032    
186    1994 7392    7215    7457    7247    7496    7437    7290    7045    7707    7545    7540    7403    6907    7974    7413    7493    6897    7493    7313    
186    1995 -999999 7216    7228    7321    7087    7176    -999999 7368    7279    6961    7153    7148    6943    7200    7377    7543    -999999 7263    7277    
186    1996 7300    -999999 7318    7546    7110    7462    7218    7784    7579    7281    7033    7013    7407    7494    7484    7477    6997    7187    6877    
186    1997 -999999 7142    -999999 7172    -999999 7423    -999999 7413    7232    7158    -999999 6810    6803    7603    7842    7230    6719    -999999 7855    
186    1998 7748    -999999 7917    7603    7741    7953    7775    7855    7046    7500    7877    7852    7760    7797    8297    7913    7732    7680    7606    
186    1999 7434    7521    7572    7397    7407    7675    7338    7506    7043    7519    7240    7455    7973    7281    7781    7707    7106    7210    7361    
186    2000 7648    7336    7635    7369    7518    7545    8168    7442    7300    7587    7430    7535    7153    7645    7823    8220    8442    7833    7348    
186    2001 7731    7823    7964    7592    7952    8015    7410    7797    7636    7861    8053    7945    8110    8271    7668    7740    7429    7060    7194    
186    2002 7398    7131    7487    7030    7202    7689    7679    7181    6682    7197    7300    7113    7707    7506    7855    7440    7465    8140    7152    
186    2003 7490    7519    7617    7338    7515    7746    7437    7048    7864    7500    7547    7500    7867    7597    7777    7413    7548    7347    6913    
186    2004 7470    7328    7634    7085    7591    7762    7308    7181    7166    7806    8000    6981    7397    8126    7752    7550    7432    6937    7300    
186    2005 -999999 -999999 -999999 -999999 -999999 7555    7704    -999999 -999999 -999999 -999999 -999999 7333    7310    8016    7760    7790    7560    7490    
186    2006 7485    7429    7460    7442    6964    7727    7730    7487    7339    6900    7100    6897    7207    7919    8039    7583    7874    7727    7726    
186    2007 7462    7599    7421    7430    7512    7317    7534    7203    7354    7694    7323    7513    7373    7248    7332    7743    7523    7337    7884    
186    2008 7432    7398    7539    7534    7228    7534    7498    7526    7169    6932    7200    7552    6833    7790    7955    7883    7339    7277    7694    
186    2009 7493    7441    7310    7401    7434    7315    7792    7406    7071    7816    7233    7245    7317    6926    7703    7437    7829    8110    7787    
186    2010 7491    7656    7641    7486    7453    7672    7597    7603    7021    7539    7150    7661    7283    7919    7800    8017    7661    7110    7068    
186    2011 7232    7223    7309    7054    7298    7072    7504    6919    7189    7384    7460    7055    6787    7245    7174    8147    7161    7217    7058    
186    2012 7178    7169    7109    7256    6780    7254    7310    7374    7341    6877    6657    6803    7157    7239    7365    7430    7619    6870    7390    
186    2013 7108    7100    7348    7167    6870    7493    7099    7029    7071    6610    6750    7245    7203    7681    7587    7603    7068    6627    6806    
186    2014 7112    6839    7129    6889    6702    7359    7391    6994    6864    6671    6593    6839    6990    7958    7116    7260    7423    7490    7116    
186    2015 7268    7169    7299    6913    7109    7301    7670    6916    6686    7348    6887    7084    6990    7032    7871    7930    7874    7200    7345    
186    2016 7436    7359    7490    7195    7417    7390    7711    7155    7076    7481    7187    7577    7253    7400    7513    8007    7874    7247    7435    
186    2017 7289    7353    7396    7203    7036    7536    7502    6887    7296    7368    6983    6755    7573    7561    7474    8043    7465    7000    7074    
186    2018 7301    7082    7425    7172    6924    7616    7448    7258    7186    6519    6673    7571    7277    7868    7694    7440    7597    7303    7200    
186    2019 7187    7140    7368    7008    7082    7377    7457    6852    6968    6910    7553    6797    7147    7484    7494    7743    7455    7173    6681    
186    2020 -999999 7051    7439    6840    7042    7557    -999999 6832    7017    7152    6783    7184    7620    7419    7632    7997    7816    -999999 -999999 
