EUROPEAN CLIMATE ASSESSMENT & DATASET (ECA&D), file created on: 16-11-2020
THESE DATA CAN BE USED FOR NON-COMMERCIAL RESEARCH AND EDUCATION PROVIDED THAT THE FOLLOWING SOURCE IS ACKNOWLEDGED: 

Klein Tank, A.M.G. and Coauthors, 2002. Daily dataset of 20th-century surface
air temperature and precipitation series for the European Climate Assessment.
Int. J. of Climatol., 22, 1441-1453.
Data and metadata available at http://www.ecad.eu

FILE FORMAT (MISSING VALUE CODE = -999999):

THIS FILE HOLDS DATA FOR STATION AUSTRIA                                  WIEN                                     (STAID:     16)
LATITUDE: dd:mm:ss +48:13:59
LONGITUDE: ddd:mm:ss +016:21:00
ELEVATION: m  199

DATA IS FOR INDEX Mean of daily average relative humidity (RH) with unit 0.01 Relative humidity (%)

01-06 SOUID: Source identifier
08-11 YEAR : YYYY
13-20 ANNUAL DATA VALUES
21-28 WINTER HALF YEAR DATA VALUES
29-36 SUMMER HALF YEAR DATA VALUES
37-44 WINTER (DJF) DATA VALUES
45-52 SPRING (MAM) DATA VALUES
53-60 SUMMER (JJA) DATA VALUES
61-68 AUTUMN (SON) DATA VALUES
69-76 JANUARY DATA VALUES
etc. 
157-164 DECEMBER DATA VALUES

16     1901 7316    -999999 6684    -999999 6808    6522    7814    8200    8104    7661    6333    6413    6340    6471    6748    7813    8103    7517    8129    
16     1902 7599    7783    7167    8053    6962    7173    8110    7613    8457    6935    7010    6942    7087    7010    7419    7537    8510    8270    8468    
16     1903 7580    7992    7154    7992    6921    7193    8053    8355    7064    7203    6947    6613    7000    7226    7348    7797    7965    8400    8984    
16     1904 7293    8392    6522    8612    7317    5879    7760    8819    7993    8168    7110    6668    6273    5439    5939    7753    8000    7520    7868    
16     1905 7376    7569    7015    7463    7122    6893    7948    6758    7796    7490    7053    6819    6870    6816    6994    7553    7568    8737    8123    
16     1906 7612    7905    7400    8047    7166    7451    7855    7606    8450    7026    6753    7706    7727    7481    7155    7573    8323    7653    7948    
16     1907 7399    7653    6996    7742    6888    6918    8004    7555    7721    6726    7293    6658    6650    6913    7184    7287    7958    8770    8123    
16     1908 7187    7910    6759    7757    7072    6534    7369    7894    7221    7477    6883    6848    6267    6448    6877    7233    7216    7663    8197    
16     1909 7222    7565    6721    7669    6732    6730    7759    7565    7200    7519    6003    6648    6660    6584    6945    7483    8297    7480    8239    
16     1910 7733    7782    7554    7923    7291    7401    8178    7716    7804    7148    6990    7726    7307    7445    7448    8410    8290    7830    8671    
16     1911 7288    7895    6742    7854    7280    6479    7644    7723    7096    7681    6480    7655    6943    6161    6348    6867    7916    8140    8410    
16     1912 7336    7857    6962    7974    6620    7183    7736    7394    8128    7184    6023    6632    7163    7032    7352    7567    7845    7793    7942    
16     1913 7247    7523    6916    7597    6520    6954    8137    8106    6650    6726    6350    6477    6260    7326    7255    7820    8310    8277    7342    
16     1914 7406    7881    6737    7859    6589    7007    7677    7529    8796    7135    5857    6752    6763    7123    7126    6773    8039    8207    8842    
16     1915 7398    7971    6982    8176    6757    7159    7769    7639    8032    7081    6553    6629    6533    7206    7716    7233    8268    7790    8113    
16     1916 7532    7886    7208    7827    7239    7170    7881    7329    8055    7768    7083    6861    7137    7129    7242    7810    7619    8223    8165    
16     1917 6932    7764    6247    7861    6757    5995    7280    7752    7646    7184    7047    6048    5577    5835    6558    6427    7810    7587    7752    
16     1918 7455    7546    7010    7740    6620    6954    8292    8032    7404    6677    6977    6216    6270    7197    7374    8037    8397    8440    8435    
16     1919 7450    8185    6903    8246    7038    6783    7924    8497    7757    7552    7010    6552    6420    7174    6742    7527    7942    8303    7932    
16     1920 7545    7699    7334    7743    6792    7432    7803    8129    7128    6742    6500    7126    7273    7313    7703    8083    7413    7927    9165    
16     1921 6778    7520    6384    8064    6299    6184    7221    7577    7386    5655    6553    6697    6363    6006    6187    6503    7216    7943    7310    
16     1922 7167    7459    6607    7598    6493    6368    7893    7719    7782    6829    6857    5806    6110    6068    6919    7917    8248    7503    8297    
16     1923 7351    7801    6773    7940    6989    6502    8058    7626    7893    7235    6960    6771    6990    5961    6571    7420    8194    8557    8106    
16     1924 7575    7891    7252    7777    7183    7082    8010    7703    7503    7281    7020    7242    7230    6700    7319    8017    7997    8017    8868    
16     1925 7321    7886    6955    8147    6791    6959    7849    7881    7643    6890    6583    6894    6340    6974    7542    7380    7971    8193    7561    
16     1926 7585    7905    7210    8042    6920    7435    7802    8139    8468    7165    6437    7142    7483    7761    7061    7367    7903    8133    8019    
16     1927 7370    7736    6993    7814    6951    6866    7760    8403    6936    6958    6787    7103    6917    6694    6990    7473    7329    8493    8326    
16     1928 7260    7839    6683    7934    7072    6314    7724    8339    7083    7435    6927    6848    6570    5865    6516    7400    7871    7897    8352    
16     1929 7178    7609    6672    7656    6958    6682    7411    7710    6825    6932    6710    7223    6640    6300    7103    6033    7587    8607    8410    
16     1930 7313    8066    6621    8344    7021    6145    7687    8610    7979    7213    7190    6665    5733    5855    6832    7467    7861    7727    8652    
16     1931 6994    7778    6473    8171    6143    6542    7689    7632    8236    6603    6063    5761    6273    6077    7268    7407    7355    8317    7058    
16     1932 7002    7251    6369    7088    6282    6475    7501    7926    6224    6597    5780    6452    6180    6581    6655    6550    7626    8323    9048    
16     1933 7073    7898    6392    8241    6254    6430    7770    8416    7154    6765    5620    6358    6330    6629    6329    7080    8029    8193    7942    
16     1934 7147    7759    6473    7736    6620    6191    7721    8361    6814    7135    6570    6152    6397    5365    6819    7573    8039    7540    8952    
16     1935 6994    7727    6330    7929    6701    6082    7473    7503    7268    7013    6820    6274    6130    5610    6506    6657    7581    8177    8410    
16     1936 7404    7904    6899    8074    7246    6768    7542    8390    7376    7468    6653    7597    6347    7039    6906    6827    7497    8303    8397    
16     1937 7507    7883    7078    8037    7013    6938    8124    7884    7807    7416    7280    6352    6740    6752    7316    8053    8116    8203    8206    
16     1938 7197    7540    6886    7702    6154    6951    7976    7661    7189    5848    6297    6323    6583    6781    7477    7857    7800    8277    8281    
16     1939 7332    7804    6801    7862    6865    6684    8000    8519    6671    7181    6067    7323    6687    6361    7003    7357    8161    8477    8087    
16     1940 7396    7939    7137    7920    6963    7074    7966    7687    7990    7252    6220    7394    6690    7219    7300    7980    8171    7740    7113    
16     1941 7367    7662    7077    7662    6907    7180    7851    7842    8071    7074    7103    6548    6817    7423    7290    7280    7839    8433    6758    
16     1942 7319    7723    6767    7499    7017    6810    7399    7781    8007    7568    6873    6606    6727    6890    6810    6693    7555    7943    8406    
16     1943 6973    7420    6485    7836    5827    6578    7620    8003    7018    5571    6150    5771    6960    6555    6232    7270    7958    7620    8581    
16     1944 7255    7711    6712    7812    6767    6837    7711    7303    7534    7255    6233    6797    6823    7058    6629    6720    8394    7997    8294    
16     1945 6927    7768    6293    7879    6440    6147    7405    7661    7661    6597    6080    6632    6240    5965    6239    6607    7477    8130    7884    
16     1946 6887    7530    6226    7636    5953    6471    7468    7868    7104    6694    4920    6213    6457    6245    6710    6793    7223    8397    8013    
16     1947 6665    7755    5965    7862    6408    6042    6487    7594    7993    7355    5840    6010    6097    6113    5919    5807    6368    7290    7677    
16     1948 7025    7157    6497    7771    5890    6720    7446    8294    7314    6016    5750    5900    6333    6948    6865    7177    7471    7690    8519    
16     1949 6959    7326    6563    7656    6212    6421    7754    7587    6775    5874    5797    6952    6237    6435    6584    7363    7797    8100    7977    
16     1950 7003    7502    6375    7564    6423    6040    7887    7219    7489    6448    6430    6390    5427    6142    6532    7330    7948    8380    8329    
16     1951 7254    7952    6783    8083    6646    6829    7554    8210    7671    7161    5737    7010    7097    6361    7039    7450    7394    7823    8106    
16     1952 7054    7508    6451    7556    6667    6183    7698    7277    7266    7177    6163    6645    6643    5890    6029    7360    7703    8030    8474    
16     1953 6935    7446    6562    7791    6022    6746    7295    7784    7043    5623    6027    6416    7153    6577    6519    6687    7777    7403    8210    
16     1954 7212    7566    6741    7638    6843    6788    7668    7294    7386    7306    6690    6529    6867    6948    6552    6867    7855    8277    7981    
16     1955 7321    7832    6895    7926    6471    7159    7869    8255    7500    7110    6197    6097    6750    7052    7661    7610    8071    7920    7626    
16     1956 7056    7573    6529    7442    6637    6687    7256    7542    7138    7123    6400    6381    6967    6339    6765    6327    7816    7607    8242    
16     1957 7120    7638    6593    7953    6318    6552    7782    7871    7725    6574    6497    5890    6137    6655    6852    7543    7781    8023    7942    
16     1958 7322    7598    6765    7554    6590    6839    8190    7416    7279    7132    6400    6232    6517    6732    7258    7453    8226    8890    8329    
16     1959 7190    7882    6797    7708    6686    7032    7279    7323    7446    7071    6347    6629    6773    7132    7181    6700    6842    8310    8532    
16     1960 7338    7655    6905    7796    6750    7034    7793    7819    6983    7423    6083    6723    6920    6910    7268    7520    7819    8040    8500    
16     1961 7144    7771    6588    8167    6623    6399    7657    7942    8046    6313    6703    6855    6430    6374    6394    6777    7742    8450    7784    
16     1962 7107    7627    6534    7578    6639    6357    7834    7765    7143    6858    5777    7255    6503    6535    6035    7090    7774    8640    7897    
16     1963 7265    7776    6797    7782    6754    6591    7833    7661    7789    6923    6467    6865    6837    6045    6900    7687    7742    8073    8245    
16     1964 7252    7933    6519    7885    7096    6404    7484    8071    7300    8129    6333    6800    6690    5981    6552    6767    7723    7953    8687    
16     1965 7515    7897    7210    8123    7113    7248    7816    8497    7086    7361    6973    7000    7320    7294    7132    7550    8048    7843    8023    
16     1966 7410    7704    7057    7857    6700    7152    8047    7845    7686    6781    6877    6448    7060    7029    7365    7577    8197    8363    7726    
16     1967 7142    7624    6757    7444    6657    6549    8007    7445    7132    6855    6510    6600    6563    6368    6716    7807    8055    8157    7506    
16     1968 7227    7570    6649    7659    6138    6755    8047    7481    8014    6258    5770    6374    6613    6184    7465    7487    8213    8437    8458    
16     1969 7220    8185    6581    8289    6471    6767    7429    8374    8007    7610    5730    6048    7030    6390    6890    7413    7455    7417    8306    
16     1970 7320    7741    6802    8106    6742    6952    7605    8261    7711    7281    6477    6461    6730    6790    7329    7020    8058    7723    7994    
16     1971 6861    7697    6248    7833    6478    6105    7079    8181    7271    6913    6173    6339    6617    5645    6071    6663    6926    7653    7906    
16     1972 7167    7558    6798    8196    6729    6607    7130    8400    8286    6226    6900    7068    6383    6713    6716    7003    7084    7303    7958    
16     1973 6667    7365    6063    7862    6034    6004    6912    8168    7418    6261    6183    5661    6360    6142    5523    6537    7310    6877    7619    
16     1974 6967    7454    6249    8019    6018    6368    7502    8723    7682    6519    5233    6277    6517    6248    6345    6867    7494    8147    7587    
16     1975 7044    7411    6603    7299    6460    6657    7692    7832    6389    6942    6120    6306    6523    6661    6781    7230    7726    8120    7823    
16     1976 6934    7539    6202    7790    5982    5893    8073    7339    8238    6052    5780    6106    5377    5574    6713    7670    8316    8223    7884    
16     1977 7011    7827    6393    8032    6197    6373    7387    8542    7632    6361    6263    5968    5940    6048    7116    7027    7861    7257    8123    
16     1978 6877    7469    6225    7721    6463    5997    7434    7481    7543    6552    6163    6665    5877    6223    5887    6530    7368    8407    7874    
16     1979 6987    7674    6455    7783    6242    6617    7382    7774    7693    6952    6420    5361    6473    6858    6516    7120    7148    7887    7703    
16     1980 6984    7566    6506    7786    6579    6311    7468    7929    7721    7029    7000    5723    6120    6410    6397    7420    7335    7653    7123    
16     1981 6655    6973    6196    6819    5985    6003    7593    6652    6668    6400    5370    6165    5933    6084    5990    7647    7623    7510    7819    
16     1982 6961    7438    6188    7867    5693    6320    7867    8081    7682    5942    5190    5932    5923    6416    6606    7047    8394    8143    8190    
16     1983 6518    7507    6032    7469    6203    5767    6879    7058    7125    6113    6410    6094    6290    5113    5916    6400    6894    7343    7532    
16     1984 7067    7080    6520    7424    6230    6240    7949    7190    7559    6003    5993    6687    5853    6416    6439    7733    7777    8343    8829    
16     1985 7018    7854    6320    7762    6623    6351    7521    7655    6700    7723    5647    6468    6517    5835    6706    6743    7619    8197    8342    
16     1986 6870    7754    6116    7783    6435    6095    7245    7487    7493    7377    5577    6323    6037    5787    6458    6510    6942    8293    8181    
16     1987 7089    7604    6586    7949    6421    6649    7475    7806    7850    6600    5937    6710    6723    6310    6916    6917    7500    8007    7839    
16     1988 6992    7639    6400    7816    6279    6296    7662    8400    7169    6903    5840    6081    6577    5916    6403    7610    7568    7810    7629    
16     1989 7237    7606    6864    7941    6461    6800    7662    8481    7689    6474    6647    6268    6910    6384    7110    7893    7526    7570    7935    
16     1990 6845    7259    6239    7612    6050    5893    7654    7897    6939    5668    6750    5755    6493    5771    5435    7290    7516    8160    8523    
16     1991 7057    7771    6505    7796    6829    6452    7445    7735    7057    7581    6373    6519    6397    6432    6526    6783    7306    8250    7706    
16     1992 6583    7353    5800    7347    6017    5645    7157    7300    7014    6548    5770    5726    6230    5539    5184    6383    7397    7683    8235    
16     1993 6862    7334    6131    7497    6041    6053    7900    6790    7461    6461    5937    5723    6027    6200    5932    6987    7981    8730    8184    
16     1994 7267    7924    6740    7883    7024    6420    7735    7516    7957    7206    6840    7019    6490    6058    6713    7333    7790    8080    8255    
16     1995 7228    7757    6470    7798    6779    6223    7929    7742    7354    7294    6777    6268    7040    5732    5923    7133    8003    8647    8855    
16     1996 7646    8333    7173    8551    7309    6896    8003    8971    7776    7719    6930    7265    6640    6668    7371    8170    7897    7947    8374    
16     1997 7070    7789    6496    8022    6266    6771    7308    8684    6900    6852    5927    6010    6377    7213    6710    6723    7187    8017    8190    
16     1998 7027    7233    6665    7388    6093    6637    7988    7603    6261    6071    6147    6065    6440    7026    6439    7890    8103    7967    8248    
16     1999 7272    7877    6799    8050    6753    6678    7840    8274    7582    7065    6673    6519    6807    6600    6632    7583    7532    8413    7619    
16     2000 6858    7553    6057    7486    6184    5953    7476    7723    7090    6939    5853    5748    5387    6477    5977    6900    7526    8000    8652    
16     2001 7407    8041    6852    8334    7014    6629    7929    8571    7721    7745    7163    6139    6590    6655    6642    7963    8161    7653    7906    
16     2002 7197    7537    6755    7598    6610    6695    7758    7545    7314    6626    6670    6535    6383    6423    7268    7253    7971    8043    8332    
16     2003 6907    7653    6208    7826    6305    6047    7570    7906    7175    6458    6040    6410    6177    6210    5758    6660    7694    8353    8052    
16     2004 7239    7734    6796    7686    6932    6797    7578    7800    7172    7316    6710    6761    6877    6813    6703    6913    8139    7663    7971    
16     2005 6890    7540    6355    7657    6114    6401    7501    7468    7518    6484    5877    5974    6023    6423    6745    7083    7397    8027    7710    
16     2006 7131    7608    6575    7694    6751    6447    7488    7784    7579    7161    6537    6548    6397    5635    7306    7037    7487    7940    8181    
16     2007 6970    7560    6340    7663    6380    6173    7667    7226    7575    6965    5670    6484    6230    5994    6297    7377    7790    7830    8242    
16     2008 6964    7511    6501    7659    6404    6429    7470    7826    6859    6490    6577    6152    6420    6413    6455    7003    7726    7673    7968    
16     2009 7182    7677    6593    7874    6483    6667    7740    7984    7650    7058    5867    6503    6827    6426    6755    7187    7735    8297    7929    
16     2010 7127    7652    6697    7836    6732    6501    7369    8032    7514    6413    6467    7306    6540    6223    6742    6900    7458    7747    8197    
