EUROPEAN CLIMATE ASSESSMENT & DATASET (ECA&D), file created on: 16-11-2020
THESE DATA CAN BE USED FOR NON-COMMERCIAL RESEARCH AND EDUCATION PROVIDED THAT THE FOLLOWING SOURCE IS ACKNOWLEDGED: 

Klein Tank, A.M.G. and Coauthors, 2002. Daily dataset of 20th-century surface
air temperature and precipitation series for the European Climate Assessment.
Int. J. of Climatol., 22, 1441-1453.
Data and metadata available at http://www.ecad.eu

FILE FORMAT (MISSING VALUE CODE = -999999):

THIS FILE HOLDS DATA FOR STATION GERMANY                                  BREMEN                                   (STAID:     42)
LATITUDE: dd:mm:ss +53:02:47
LONGITUDE: ddd:mm:ss +008:47:57
ELEVATION: m    4

DATA IS FOR INDEX Mean of daily average relative humidity (RH) with unit 0.01 Relative humidity (%)

01-06 SOUID: Source identifier
08-11 YEAR : YYYY
13-20 ANNUAL DATA VALUES
21-28 WINTER HALF YEAR DATA VALUES
29-36 SUMMER HALF YEAR DATA VALUES
37-44 WINTER (DJF) DATA VALUES
45-52 SPRING (MAM) DATA VALUES
53-60 SUMMER (JJA) DATA VALUES
61-68 AUTUMN (SON) DATA VALUES
69-76 JANUARY DATA VALUES
etc. 
157-164 DECEMBER DATA VALUES

42     1890 8346    -999999 7983    -999999 7799    8129    8747    8952    8271    8268    7793    7335    8067    8094    8226    8390    8826    9023    8894    
42     1891 8407    8908    7908    9013    7815    8102    8713    9023    9136    8571    7897    6981    7577    8242    8471    8280    8684    9177    8894    
42     1892 8107    8662    7548    8800    7217    7649    8762    8952    8538    7739    7073    6835    7720    7545    7684    8450    8687    9150    8935    
42     1893 8104    8647    7502    8740    7290    7528    8778    8635    8639    7852    6813    7190    7133    7632    7806    8430    8881    9020    9235    
42     1894 8254    8649    7902    8693    7479    8198    8671    8542    8261    7932    7393    7110    8053    8100    8435    8320    8713    8980    9200    
42     1895 8202    8747    7756    8893    7627    7842    8607    8955    8486    8129    7410    7335    7437    8000    8077    8270    8790    8753    8774    
42     1896 8181    8584    7787    8644    7923    7538    8532    9100    8017    8039    8383    7361    7233    7400    7971    8393    8587    8613    9055    
42     1897 8184    8697    7700    8902    7866    7572    8526    8887    8750    8290    7690    7613    7040    7977    7681    8193    8665    8717    8726    
42     1898 8358    8791    7804    8861    8217    7688    8673    9058    8793    8787    7967    7890    7533    7994    7532    7910    8981    9117    8742    
42     1899 7918    8588    7500    8564    7591    7295    8282    8726    8189    7755    7557    7461    6957    7487    7429    8113    8235    8500    8613    
42     1900 8018    8460    7402    8822    7150    7452    8516    9145    8696    7594    7457    6410    7333    7365    7655    8217    8429    8907    9068    
42     1901 8016    8619    7431    8724    7537    7473    8468    8316    8796    8223    7267    7113    7313    7235    7865    7793    8800    8800    8716    
42     1902 7961    8548    7544    8567    7511    7550    8299    8632    8329    7997    7047    7474    6843    7748    8035    8093    8545    8250    8523    
42     1903 8165    8176    7896    8252    7600    7904    8746    8194    8018    7513    7967    7332    7323    8135    8235    8383    8755    9100    9013    
42     1904 8020    8701    7420    8771    7704    7224    8431    8777    8507    8055    7810    7252    7310    7174    7190    7803    8606    8877    8903    
42     1905 8128    8653    7575    8736    7703    7543    8485    8435    8882    8242    7917    6958    7240    7810    7571    7970    8687    8790    9084    
42     1906 7966    8613    7462    8769    7551    7482    8153    8742    8450    7913    7193    7535    7633    7348    7468    7593    8219    8643    8877    
42     1907 7961    8453    7484    8676    7099    7887    8344    8603    8532    7858    6707    6719    7730    7861    8065    7813    8429    8787    8452    
42     1908 8047    8391    7737    8385    7770    7696    8238    8329    8372    7990    7587    7726    7253    7648    8171    8023    8313    8377    8768    
42     1909 8103    8407    7627    8596    7237    7840    8678    8655    8339    7981    7233    6497    7527    7997    7987    8533    8610    8893    9000    
42     1910 8212    8743    7760    8963    7720    7758    8497    9152    8714    8090    7607    7458    7493    7984    7787    8233    8474    8783    8794    
42     1911 7915    8610    7261    8701    7677    7138    8071    8823    8464    8313    7503    7210    7150    7229    7035    7447    8097    8670    9068    
42     1912 7910    8542    7296    8773    7310    7321    8373    8542    8703    8187    6673    7048    7240    6871    7848    8097    8165    8863    8710    
42     1913 7895    8266    7472    8332    7187    7736    8270    8442    7793    7600    6893    7058    7253    8048    7890    7667    8394    8747    8916    
42     1914 8132    8566    7635    8622    7648    7758    8624    8571    8354    8403    7233    7294    7580    7700    7987    8013    8974    8873    8600    
42     1915 8075    8734    7436    8700    7620    7562    8322    8877    8614    8458    7523    6874    6490    7819    8342    7540    8735    8677    8939    
42     1916 8106    8655    7757    8621    7708    8005    8138    8561    8345    8652    7183    7271    7770    8023    8216    8073    8100    8243    8816    
42     1917 7982    8412    7379    8778    7234    7298    8675    8690    8832    7826    7807    6087    6413    7474    7977    8537    8723    8763    8723    
42     1918 8011    8473    7468    8549    7378    7446    8480    8697    8193    7723    8040    6394    6910    7261    8148    8077    8403    8963    9335    
42     1919 8177    8739    7551    8940    7493    7851    8468    8735    8729    8274    7747    6468    7437    8161    7942    7557    8719    9120    9258    
42     1920 8267    8757    8021    8930    7842    7914    8455    8958    8548    7935    8120    7481    7213    7887    8619    8807    8223    8343    9074    
42     1921 7850    8442    7187    8822    7209    7177    8208    8823    8543    7652    7243    6732    7600    6839    7106    7630    8326    8663    9097    
42     1922 8201    8625    7659    8790    7553    7726    8745    8661    8593    8406    7533    6719    7567    7829    7777    8550    8477    9217    9123    
42     1923 8495    8869    7973    8989    7932    8013    8974    9145    8668    8574    6890    8297    8403    7500    8148    8600    9023    9297    9384    
42     1924 8557    8927    8152    9008    8091    8057    9040    8919    8700    8239    8290    7752    7733    7906    8519    8720    9171    9223    9510    
42     1925 8424    9121    7748    9264    7689    7729    9040    9374    8871    8558    7550    6955    7547    7226    8410    8820    8906    9397    9506    
42     1926 8662    9239    8267    9561    8348    8186    8681    9565    9618    8484    8220    8335    8267    8142    8152    8490    8677    8877    9184    
42     1927 8399    8795    8023    8982    7911    8127    8586    9068    8664    8287    8047    7403    7977    8052    8348    8323    8542    8893    9203    
42     1928 8371    8868    7766    9214    7997    7589    8669    9416    9010    8152    8167    7677    7387    7397    7977    7997    8748    9260    9284    
42     1929 7866    8854    7244    8753    8110    6989    7915    9039    7850    8861    8133    7335    7417    6848    6716    7043    8194    8500    8442    
42     1930 7685    8187    7120    8289    7340    6771    8208    8332    8071    7584    7227    7206    6083    6977    7229    7993    8174    8457    8894    
42     1931 7756    8318    7270    8690    7107    7225    8079    8645    8514    7245    7040    7032    6830    7503    7329    7887    7968    8387    8742    
42     1932 7747    8119    7245    8468    7091    7024    8421    8790    7831    6987    7197    7094    6640    7068    7352    8127    8632    8497    8742    
42     1933 7807    8332    7243    8508    7250    7186    8282    8413    8354    7365    7233    7152    6720    7490    7332    7520    8365    8960    8803    
42     1934 7814    8603    7090    8729    7300    7162    8047    8713    8664    8129    6983    6777    6893    7148    7435    7300    8206    8630    8926    
42     1935 7681    8351    7118    8606    7128    7028    8090    8726    8118    7484    7527    6387    6690    7329    7055    7740    8019    8513    8619    
42     1936 8119    8489    7597    8767    7927    7343    8365    8900    8783    8116    8110    7561    6563    7739    7703    7900    8297    8900    8861    
42     1937 8231    8605    7798    8708    7924    7734    8510    8452    8821    8332    8190    7258    7370    7903    7916    8160    8519    8850    9042    
42     1938 7904    8531    7381    8699    7307    7351    8465    8777    8232    7745    7530    6652    7170    7774    7103    8077    8523    8793    8500    
42     1939 7908    8477    7348    8546    7427    7210    8403    8790    8325    7926    7707    6658    6540    7323    7745    8127    8439    8643    8694    
42     1940 8064    8446    7666    8398    7574    7861    8384    8384    8097    8403    7350    6961    7213    8152    8197    8110    8297    8747    8835    
42     1941 8022    8547    7475    8709    7487    7413    8452    8426    8882    8135    7483    6842    6830    7042    8348    8310    8448    8597    8971    
42     1942 8012    8499    7421    8607    7391    7502    8569    8245    8604    8142    7030    6990    7100    7935    7458    8010    8652    9043    8958    
42     1943 8068    8569    7581    8882    7117    7683    8576    8955    8718    7116    7623    6629    7727    7390    7932    8210    8403    9120    9065    
42     1944 8210    8698    7660    8805    7700    7701    8660    8900    8428    8268    7580    7248    7840    7968    7300    8040    8935    8997    9013    
42     1945 -999999 -999999 -999999 9072    -999999 -999999 -999999 9106    9100    -999999 -999999 -999999 -999999 -999999 -999999 -999999 -999999 -999999 -999999 
42     1946 -999999 -999999 -999999 -999999 7829    -999999 8731    -999999 8718    8655    7460    7361    -999999 -999999 -999999 8513    8687    8993    8923    
42     1947 7649    8522    6992    8446    7170    7034    8036    8532    7821    8123    7147    6239    6917    7255    6926    7490    7900    8723    8719    
42     1948 7677    8226    7252    8373    7120    7335    8051    8710    7641    7642    6893    6816    7003    7471    7519    7810    8045    8297    8252    
42     1949 7845    8110    7443    8241    7403    7379    8243    8152    8329    7613    7270    7323    7333    7497    7306    7933    8068    8733    8626    
42     1950 7874    8303    7417    8383    7618    7104    8403    8145    8379    7890    7507    7455    6663    7358    7277    8247    8206    8763    8639    
42     1951 7752    8409    7241    8611    7176    7285    7931    8755    8421    7684    6883    6952    7053    7361    7432    7763    7365    8683    8716    
42     1952 7919    8220    7346    8673    7080    7377    8465    8748    8545    7300    6927    7010    7270    7226    7632    8020    8410    8967    8994    
42     1953 8043    8645    7410    8889    7268    7536    8454    9010    8639    7861    6713    7213    7400    7516    7687    7923    8742    8687    9139    
42     1954 7938    8487    7457    8401    7285    7716    8458    8097    7921    8290    6977    6577    7163    7939    8029    8050    8713    8603    8868    
42     1955 8069    8530    7589    8610    7578    7532    8552    8577    8361    8045    7547    7142    7350    7442    7797    8267    8565    8823    8932    
42     1956 8085    8452    7801    8579    7458    7964    8407    8542    8241    7606    7650    7123    7833    7926    8129    8153    8542    8520    8758    
42     1957 7978    8530    7451    8712    7367    7439    8368    8616    8768    8000    7183    6913    6700    7690    7903    8310    8458    8333    8897    
42     1958 8087    8486    7561    8711    7679    7530    8407    8768    8443    8010    7620    7406    7410    7506    7671    7753    8413    9053    9003    
42     1959 7538    8624    6769    8898    7126    6680    7609    8739    8957    7626    7357    6403    6193    6758    7074    6833    7087    8923    8610    
42     1960 8028    8164    7587    8493    7237    7729    8547    8542    8317    7539    6970    7194    7090    7674    8403    8177    8829    8627    8948    
42     1961 8122    8612    7742    8698    7845    7621    8445    8529    8607    8132    7670    7726    7137    7755    7955    8200    8394    8743    8645    
42     1962 8060    8448    7651    8442    7823    7537    8426    8619    8021    8232    7667    7565    6960    7823    7810    8073    8500    8703    8713    
42     1963 7985    8437    7533    8447    7618    7437    8360    8261    8357    8087    7403    7358    6873    7406    8013    8137    8400    8543    8984    
42     1964 7917    8472    7330    8707    7415    7296    8337    8932    8169    7784    7490    6974    7047    7261    7571    7640    8416    8953    8765    
42     1965 8088    8451    7727    8552    7720    7605    8422    8735    8114    7703    8003    7461    7263    7874    7668    8100    8426    8740    8965    
42     1966 8065    8518    7564    8640    7559    7564    8580    8532    8400    8042    7973    6674    7180    7784    7716    8073    8587    9080    8774    
42     1967 7922    8495    7454    8500    7364    7391    8415    8687    7989    7823    7153    7110    7087    7361    7716    8303    8252    8697    8877    
42     1968 7855    8391    7306    8651    7058    7229    8609    8713    8341    7471    6443    7239    7020    7300    7361    8473    8697    8653    8552    
42     1969 7941    8453    7453    8622    7464    7417    8197    8835    8464    7526    7290    7571    7083    7632    7526    7603    8684    8287    8787    
42     1970 8048    8612    7449    8723    7998    7157    8307    8723    8654    8529    8167    7303    6367    7552    7526    7780    8645    8483    8858    
42     1971 7767    8492    7155    8606    7220    7135    8144    8568    8368    8016    7287    6358    7393    6894    7126    7907    7942    8590    8823    
42     1972 7857    8310    7497    8669    7310    7448    8193    8548    8634    7352    7617    6971    7160    7645    7529    8073    7926    8590    8290    
42     1973 7793    8387    7115    8696    7574    6695    8136    9097    8700    7758    7897    7077    6557    7084    6439    7660    8403    8337    8568    
42     1974 7730    8182    7215    8382    6799    7430    8315    8590    7946    7232    6217    6929    7287    7652    7348    7850    8603    8483    8610    
42     1975 7648    8336    7015    8316    7587    6579    8196    8290    8018    7987    7657    7119    6353    7032    6345    7603    8419    8557    8413    
42     1976 7589    8270    6805    8444    6987    6437    8437    8458    8462    7335    6587    7026    6473    6129    6710    7927    8584    8797    8623    
42     1977 7878    8520    7286    8681    7202    7447    8133    9003    8389    7723    7690    6210    7370    7123    7845    7503    8506    8377    8826    
42     1978 8162    8516    7707    8652    7537    7771    8741    8648    8464    8265    7340    7000    7497    7810    7997    8610    8732    8880    8726    
42     1979 8068    8634    7707    8658    7737    7750    8120    8745    8486    8229    7550    7426    7467    7832    7942    8020    7652    8703    8790    
42     1980 8132    8451    7690    8832    7258    8017    8400    8916    8786    7890    7437    6452    7800    8348    7897    8220    8413    8567    8887    
42     1981 8187    8625    7685    8768    7523    7938    8490    8935    8450    8477    6990    7084    7997    7916    7903    8227    8668    8570    9023    
42     1982 8207    8708    7676    8976    7851    7560    8451    9165    8714    8103    7647    7797    7637    7294    7752    7937    8842    8560    9048    
42     1983 8029    8642    7525    8686    8193    6971    8384    8674    8296    8397    8117    8065    7017    6845    7052    8073    8203    8880    8758    
42     1984 8142    8420    7746    8698    7321    7832    8588    8755    8572    7377    6850    7719    7977    7977    7545    8407    8732    8620    9171    
42     1985 8279    8681    7907    8684    7948    7957    8676    8832    7982    8677    7767    7394    7917    7868    8084    8427    8748    8850    8774    
42     1986 7890    8501    7383    8430    7574    7179    8382    8710    7739    8123    7527    7071    6987    7287    7258    8183    8361    8603    8803    
42     1987 8239    8447    7957    8576    7803    7966    8560    8639    8254    8010    7600    7794    8077    7497    8329    8453    8226    9013    8987    
42     1988 8040    8645    7490    8696    7276    7845    8424    8758    8317    8558    6950    6310    7797    8000    7735    8160    8484    8627    8787    
42     1989 7946    8588    7315    8794    7440    7187    8346    9032    8539    8055    7787    6490    6800    7271    7477    8087    8452    8497    8906    
42     1990 7964    8475    7490    8588    7468    7425    8477    8716    8093    8152    7447    6806    7917    7332    7042    8437    7913    9100    8661    
42     1991 7885    8329    7449    8410    7479    7478    8180    8319    8232    7765    7110    7552    7867    7100    7481    7593    8116    8833    8687    
42     1992 7891    8531    7164    8696    7470    6911    8518    8706    8693    8171    7940    6313    6050    6945    7710    8043    8868    8630    8648    
42     1993 8344    8496    8001    8534    7504    8136    8984    8068    8925    7884    7303    7319    7547    8387    8455    8990    8958    9003    9329    
42     1994 7784    8634    7276    8612    7576    6888    8293    8755    7661    8016    7387    7319    7190    6284    7200    8310    7987    8593    8706    
42     1995 7792    8261    7302    8481    7368    7040    8367    8397    8325    7574    7473    7061    7627    6916    6597    8180    8494    8423    8506    
42     1996 7798    8207    7341    8305    7116    7420    8353    8171    8234    7423    6360    7542    7497    7535    7229    7873    8552    8627    8532    
42     1997 7812    8400    7339    8400    7568    7209    8059    8555    8082    8029    7117    7545    6843    7652    7119    7747    8045    8387    8610    
42     1998 8232    8195    7951    8324    7678    7924    8845    8271    8068    7781    8123    7145    8003    7984    7787    8693    8784    9060    9103    
42     1999 8085    8834    7331    8987    7633    7216    8505    8884    8971    8219    7753    6929    7143    6990    7513    7677    8665    9170    9171    
42     2000 8061    8839    7478    8943    7445    7523    8480    9003    8634    8390    7380    6561    7023    7894    7635    8383    8519    8537    8784    
42     2001 8303    8660    7883    8820    7943    7737    8670    9081    8571    8458    8093    7284    8050    7655    7516    8737    8452    8830    8948    
42     2002 7953    8380    7606    8482    7546    7616    8298    8600    7836    7577    7283    7768    7500    7597    7748    7730    8242    8923    8610    
42     2003 7768    8399    7108    8493    7238    6984    8335    8668    8171    7774    6383    7529    7070    7294    6590    7780    8423    8800    8739    
42     2004 8083    8450    7598    8608    7487    7698    8391    8810    8252    7677    7137    7635    7647    7939    7506    7713    8429    9030    9203    
42     2005 8118    8615    7616    8747    7559    7743    8467    8565    8443    8016    6930    7710    7323    7739    8155    7813    8497    9090    9129    
42     2006 8018    8790    7379    8954    7810    7197    8274    8868    8857    8316    8027    7094    7130    6206    8252    7587    8484    8743    8719    
42     2007 8098    8523    7652    8713    7280    7841    8560    8477    8968    7797    6540    7481    7727    7900    7894    8363    8471    8850    8761    
42     2008 7977    8454    7394    8480    7326    7457    8575    8539    8117    7977    7723    6290    6870    7506    7974    8013    8729    8977    9003    
42     2009 7832    8767    7116    8887    7290    7200    8064    8761    8896    8255    6783    6816    7297    7426    6881    7503    8229    8453    8742    
42     2010 8050    8380    7372    8608    7321    7176    8870    8632    8432    7797    6673    7471    7110    6371    8045    8567    8800    9247    9471    
42     2011 7981    8798    7362    9007    6953    7679    8516    9297    8171    7755    6627    6468    7343    7597    8087    8047    8410    9097    8868    
42     2012 8010    8600    7428    8676    7467    7448    8440    8787    8352    8087    7440    6874    7550    7539    7258    7927    8490    8900    8926    
42     2013 8092    8587    7605    8826    7628    7347    8588    8823    8718    7687    7267    7919    7530    7326    7190    8410    8329    9033    8923    
42     2014 8067    8547    7613    8687    7763    7416    8456    8855    8239    7890    7797    7603    7533    7187    7532    8043    8545    8777    8810    
42     2015 8013    8542    7472    8719    7418    7318    8753    8784    8546    7797    7307    7148    7000    7361    7584    8440    8906    8907    8419    
42     2016 8060    8579    7469    8515    7515    7665    8340    8755    8362    8119    7480    6945    7717    7584    7697    7397    8755    8853    9048    
42     2017 8172    8651    7697    8808    7551    7633    8736    8958    8375    7897    7583    7174    7300    7758    7829    8550    8645    9017    8994    
42     2018 7533    8485    6787    8574    6980    6663    7992    8735    7932    7552    7343    6058    6857    6290    6848    7363    8003    8610    8842    
42     2019 7769    8327    7029    8458    7226    6853    8599    8603    7871    7997    6500    7158    6717    6752    7087    7963    8652    9180    8735    
42     2020 -999999 8486    7083    8687    6722    7196    -999999 9010    8290    7061    6257    6832    6977    7552    7052    7820    8400    -999999 -999999 
