EUROPEAN CLIMATE ASSESSMENT & DATASET (ECA&D), file created on: 16-11-2020
THESE DATA CAN BE USED FOR NON-COMMERCIAL RESEARCH AND EDUCATION PROVIDED THAT THE FOLLOWING SOURCE IS ACKNOWLEDGED: 

Klein Tank, A.M.G. and Coauthors, 2002. Daily dataset of 20th-century surface
air temperature and precipitation series for the European Climate Assessment.
Int. J. of Climatol., 22, 1441-1453.
Data and metadata available at http://www.ecad.eu

FILE FORMAT (MISSING VALUE CODE = -999999):

THIS FILE HOLDS DATA FOR STATION GERMANY                                  DRESDEN WAHNSDORF                        (STAID:     43)
LATITUDE: dd:mm:ss +51:07:00
LONGITUDE: ddd:mm:ss +013:40:59
ELEVATION: m  246

DATA IS FOR INDEX Mean of daily average relative humidity (RH) with unit 0.01 Relative humidity (%)

01-06 SOUID: Source identifier
08-11 YEAR : YYYY
13-20 ANNUAL DATA VALUES
21-28 WINTER HALF YEAR DATA VALUES
29-36 SUMMER HALF YEAR DATA VALUES
37-44 WINTER (DJF) DATA VALUES
45-52 SPRING (MAM) DATA VALUES
53-60 SUMMER (JJA) DATA VALUES
61-68 AUTUMN (SON) DATA VALUES
69-76 JANUARY DATA VALUES
etc. 
157-164 DECEMBER DATA VALUES

43     1917 7374    -999999 6375    -999999 7068    6187    7479    8913    8746    8152    7257    5803    5097    6574    6855    6663    7568    8203    8713    
43     1918 7542    8066    6852    8394    7034    6877    7903    8516    7907    7481    7453    6181    6050    6997    7558    6867    8229    8603    8665    
43     1919 7730    8432    6921    8680    7242    6812    8216    8610    8775    7748    7443    6542    6457    7284    6684    7127    8577    8933    8655    
43     1920 7503    8239    7141    8292    7034    6943    7657    8423    7766    7074    7240    6794    6907    6603    7319    8007    7397    7577    8942    
43     1921 6880    7639    6257    8388    6264    6065    7171    8113    8079    5768    6583    6452    6950    5790    5484    6317    7345    7847    7955    
43     1922 7694    7921    7049    8253    6963    7002    8359    8435    8382    7603    7260    6035    6613    6913    7468    8030    8387    8660    8603    
43     1923 7635    8441    6958    8537    7362    6961    7603    8603    8389    8003    6997    7074    7803    6494    6613    6793    7800    8210    8890    
43     1924 7446    8026    7092    8304    6989    7115    7663    8123    7872    7258    6733    6968    7027    6961    7355    7507    7529    7957    8071    
43     1925 7538    7877    7152    7873    7214    7191    8073    8019    7493    8161    7033    6442    6770    7100    7690    7887    8077    8253    7516    
43     1926 7756    8002    7339    8080    7035    7715    7822    8371    8382    7455    6450    7181    8047    7632    7477    7237    8229    7987    8639    
43     1927 7736    8139    7421    8391    7355    7552    7738    8423    8082    7465    7700    6913    7347    7755    7548    7263    7687    8267    8406    
43     1928 7337    7887    6785    8087    7162    6511    7502    8171    7655    7132    7563    6803    6623    6003    6910    6827    7577    8100    8697    
43     1929 7296    8008    6751    8181    7332    6778    7223    8113    7686    7845    7137    7006    7007    6552    6784    6020    7645    7990    7771    
43     1930 7485    7785    7058    7979    7312    6574    7873    8342    7807    7165    7597    7184    6003    6671    7029    7873    8068    7670    8423    
43     1931 7599    7979    7164    8333    6955    7053    8084    8200    8382    7158    6990    6719    6843    6903    7406    8137    7945    8173    8397    
43     1932 7501    7944    7147    8126    7040    7307    7634    8194    7766    7184    6710    7216    7267    7481    7171    7023    7487    8397    8119    
43     1933 7563    7891    7145    8266    6932    7170    7775    8587    8071    6716    6893    7184    7307    7103    7103    7283    7768    8273    8500    
43     1934 7181    7956    6350    8081    6732    6133    7787    7745    7989    7474    6683    6035    5337    6016    7019    7007    7858    8493    8548    
43     1935 7212    7990    6549    8107    6864    6363    7699    8377    7318    7294    7117    6190    6000    6500    6577    6920    8045    8120    8071    
43     1936 7533    8007    7048    8015    7555    6889    7640    7706    8286    7835    7170    7648    6683    7019    6958    6790    8084    8030    8181    
43     1937 7691    7985    7209    8008    7293    7220    8141    7739    8114    7774    7663    6455    6650    7210    7781    7500    8306    8610    8519    
43     1938 7482    8098    7042    8219    6991    6967    7873    8281    7818    7042    7617    6335    6683    6997    7213    7427    8039    8147    8213    
43     1939 7836    8131    7410    8122    7827    7113    8187    8365    7754    8235    7177    8048    7007    6939    7390    7897    8452    8203    8523    
43     1940 7585    8037    7313    7952    7234    7285    7981    7877    7421    7713    6590    7377    6807    7500    7532    8057    8003    7883    8216    
43     1941 7853    8002    7522    8096    7736    7241    8230    8116    7939    7842    7587    7774    6940    7252    7523    8060    8532    8087    8568    
43     1942 7610    8202    7035    8373    7082    7040    8075    8194    8357    7487    7163    6597    6850    7423    6842    7343    8100    8780    8252    
43     1943 7292    7905    6790    8132    6399    6617    7804    8284    7832    6206    6980    6029    7413    6252    6213    7917    7477    8030    8958    
43     1944 7610    8354    6855    8702    7460    6835    7774    8516    8628    8523    7100    6745    7067    7187    6258    6787    8406    8107    8019    
43     1945 7702    7982    7193    7994    7059    7290    8229    8077    7875    7403    6870    6897    6807    7139    7910    7527    8242    8917    8758    
43     1946 7698    8353    7154    8252    7209    7374    8092    7574    8443    8210    6650    6748    7290    7158    7671    7400    8235    8637    8400    
43     1947 7201    8265    6284    8309    6811    6361    7151    8335    8179    7810    6583    6032    6337    6416    6329    6007    7032    8417    8987    
43     1948 7390    8068    6809    8501    6875    6885    7503    8216    8286    7497    6133    6971    6013    7452    7161    7083    7339    8093    8423    
43     1949 7601    8086    7133    8400    7463    7075    7513    8303    8482    7916    7037    7423    7863    6994    6394    7107    7139    8307    8332    
43     1950 7469    7904    6889    8086    7298    6620    7829    8068    7832    7752    7053    7081    6243    6865    6739    7353    7835    8297    8513    
43     1951 7318    8058    6839    8244    6909    6796    7491    8219    7975    7510    5727    7452    6937    6913    6542    7453    6955    8083    8081    
43     1952 7518    7831    6823    8225    7023    6512    8133    8113    8500    7303    6620    7132    6727    6252    6565    7660    8142    8597    8652    
43     1953 7308    8265    6654    8766    6415    6849    7318    9071    8554    6616    5847    6765    7197    6942    6419    6747    7619    7577    8410    
43     1954 7529    7826    7031    8081    7033    7003    7993    8171    7618    7535    7147    6419    6257    7687    7042    7630    7842    8513    8477    
43     1955 8169    8282    7868    8449    7597    8050    8493    8510    8350    8013    7670    7110    7587    8419    8129    8293    8284    8910    8765    
43     1956 8105    8488    7733    8565    7920    7721    8246    8377    8552    8058    8573    7148    8097    7587    7490    7533    8297    8907    8694    
43     1957 7818    8336    7308    8469    7067    7267    8413    8435    8257    7435    7190    6581    6343    7587    7842    8300    8281    8663    8913    
43     1958 8047    8457    7549    8473    7820    7464    8577    8294    8186    8387    7817    7255    7313    7465    7610    7847    8765    9113    8529    
43     1959 7547    8374    7019    8300    7197    7111    7485    8045    8329    7484    7083    7019    6370    7377    7561    6670    7055    8743    8858    
43     1960 7830    8241    7284    8488    7522    7212    8135    8816    7741    8216    7097    7239    6940    7242    7445    7740    8539    8113    8777    
43     1961 7697    8291    7260    8421    7650    7120    7764    8048    8439    7835    7117    7981    6990    7100    7265    7087    7548    8663    8335    
43     1962 7760    8140    7206    8272    7414    7124    8125    8058    8439    7842    7007    7381    6647    7455    7255    7477    8206    8690    8687    
43     1963 7760    8450    7241    8722    7525    6814    8019    8842    8629    7671    7363    7535    6983    6290    7174    8123    7913    8023    8642    
43     1964 7693    8332    6908    8565    7655    6634    7889    8603    8441    8368    7673    6926    6530    6048    7319    6967    8016    8680    8761    
43     1965 7837    8521    7360    8797    7786    7149    7835    8781    8854    8071    7650    7632    7230    7490    6729    7433    7710    8367    8171    
43     1966 7896    8240    7366    8446    7425    7376    8299    8703    8464    8048    7653    6581    7140    7458    7523    7857    8542    8490    8335    
43     1967 7781    8213    7464    8277    7379    7289    8047    8600    7854    7432    7583    7129    7577    6858    7442    8230    7687    8237    8765    
43     1968 7901    8277    7371    8743    7210    7285    8480    8748    8714    7539    6537    7532    7197    7126    7529    8303    8200    8947    8468    
43     1969 7817    8468    7316    8554    7559    7212    7769    8916    8250    8023    7353    7294    7523    7148    6974    7623    8068    7607    9026    
43     1970 7955    8364    7383    8783    7837    7195    8082    8729    8575    8174    7853    7484    6867    6881    7826    7387    8519    8327    8852    
43     1971 7640    8320    7184    8421    7510    6875    7767    7813    8618    7819    7223    7477    7980    6365    6316    7787    7352    8177    8868    
43     1972 7754    8009    7654    8546    7298    7540    8093    8416    8341    6929    7413    7555    7377    7542    7697    8343    8068    7870    7535    
43     1973 7548    7958    7083    8051    7432    6926    7534    8355    8286    7665    7400    7229    7003    7213    6565    7097    7948    7543    8313    
43     1974 7836    8025    7344    8382    7357    7496    8021    8377    8464    7532    6800    7719    7733    7503    7258    7033    8600    8410    8613    
43     1975 7706    8294    7114    8318    7471    6932    8098    8203    8118    7806    7423    7181    7437    6739    6635    7293    8555    8430    8687    
43     1976 7403    8358    6523    8491    6999    6112    8105    8613    8152    7700    7003    6294    5973    5723    6635    7540    8110    8667    8458    
43     1977 8084    8397    7782    8494    7688    7827    8247    8561    8461    8142    7700    7223    7707    7571    8200    8303    8290    8147    8723    
43     1978 7855    8268    7363    8484    7559    7040    8392    8352    8368    7732    7397    7542    6843    6952    7319    8133    8552    8487    8619    
43     1979 7843    8489    7337    8606    7438    7301    8104    8900    8264    8090    7717    6516    6990    7671    7232    7917    7700    8710    8445    
43     1980 7874    8278    7613    8487    7386    7820    7922    8765    8234    7826    7763    6581    7667    8361    7426    7893    7748    8130    8113    
43     1981 7737    8040    7225    8321    6903    7405    8145    8574    8271    7426    6573    6700    7147    7539    7523    7863    8006    8570    8677    
43     1982 7241    8081    6586    8292    6866    6424    7447    8239    7925    7068    6800    6729    6677    6319    6284    6720    7765    7847    8555    
43     1983 7544    8133    6895    8487    7484    6533    7693    8110    8829    7752    7360    7335    6493    5910    7194    7087    7435    8567    8558    
43     1984 7927    8113    7631    8415    7568    7463    8130    8235    8455    7465    7527    7713    7397    7561    7429    8163    8039    8190    8965    
43     1985 7598    8195    7126    8417    7268    7071    7962    8394    7836    7713    6990    7094    7273    6913    7032    7463    8084    8333    8061    
43     1986 7518    8038    7171    8151    7353    6855    7641    8126    8279    7377    7747    6948    6930    6371    7268    7793    7339    7800    8319    
43     1987 7779    7977    7408    8424    7191    7509    7916    8587    8361    7487    6840    7235    7690    7200    7642    7847    7390    8530    8587    
43     1988 7391    8059    6708    8179    6608    6946    7860    7968    7969    7919    5857    6023    7527    6752    6577    7540    7758    8287    8545    
43     1989 7324    7908    6880    8229    6604    6796    7915    8287    7814    6758    7093    5977    6613    6990    6777    7857    7703    8193    7887    
43     1990 7155    7596    6749    7514    6684    6613    7736    7735    6857    7145    6983    5932    7113    6487    6255    7773    7348    8100    8142    
43     1991 7063    7505    6720    7452    7104    6587    7108    7058    7125    7242    6967    7100    6563    6265    6932    6487    6806    8040    8174    
43     1992 7009    7705    6198    8064    6249    6255    7498    8119    7886    7229    5890    5616    6093    6606    6061    6933    7671    7883    8139    
43     1993 7239    7681    6735    7806    6353    6914    8015    7232    8071    7135    5883    6026    6813    7068    6858    7770    7742    8543    7810    
43     1994 7249    7858    6658    7778    7004    6289    7869    7865    7646    7542    6887    6581    6347    5739    6784    7643    7652    8320    8026    
43     1995 7527    7807    6970    7916    7085    6579    8300    8161    7521    7148    7497    6623    7530    6006    6232    8000    8103    8803    8755    
43     1996 7895    8303    7571    8335    7545    7420    8397    8300    7924    7923    6557    8123    7353    7519    7384    8480    8413    8297    8445    
43     1997 7581    8192    7052    8279    7302    6934    7775    8729    7596    7616    7053    7229    6817    7474    6506    7230    7797    8297    8600    
43     1998 7550    7880    7201    8023    6861    7163    8345    8003    7407    7145    6923    6516    7170    7248    7071    8300    8061    8683    8081    
43     1999 7438    8117    6804    8136    7017    6799    7867    7958    8393    7571    7127    6358    7337    6810    6268    6960    7961    8677    7945    
43     2000 7450    8225    6716    8100    7097    6610    7929    8316    8034    8419    6870    5994    5850    7526    6429    7637    8106    8037    8171    
43     2001 7923    8147    7458    8186    7502    7315    8519    8319    8054    8181    7493    6832    7677    7035    7245    8510    8181    8877    8710    
43     2002 7703    8143    7325    8149    7324    7180    8188    8139    7539    7381    7173    7413    7150    6877    7513    7827    8116    8623    8665    
43     2003 7131    8160    6242    8343    6591    6061    7713    8629    7671    7223    6030    6503    5900    6665    5613    6740    8065    8323    8213    
43     2004 7727    8108    7139    8267    7416    7005    8052    8584    7986    7474    6977    7784    7407    7135    6487    7043    8061    9050    8735    
43     2005 7754    8302    7233    8484    7025    7314    8049    8326    8382    7287    6413    7355    6860    7403    7665    7680    7684    8797    9216    
43     2006 7502    8529    6707    8828    7383    6557    7557    8448    8818    8248    7387    6513    6710    5442    7523    6690    7781    8193    8365    
43     2007 7488    7934    6879    8131    6561    7013    8289    7790    8250    7265    5803    6590    6990    6829    7219    7840    8416    8607    8306    
43     2008 7564    8039    7060    7945    7240    6745    8248    8006    7493    7390    7673    6671    6407    6881    6935    7817    8342    8583    8571    
43     2009 7656    8510    6920    8693    7083    7025    7834    8774    8739    8074    6320    6829    7607    7039    6448    7290    8445    7747    8610    
43     2010 7808    8118    7340    8399    7404    7027    8271    8610    7932    7332    6690    8168    6823    6445    7806    8097    7858    8873    9048    
43     2011 7440    8187    6968    8504    6579    7152    7897    8787    7589    6929    6673    6139    6593    7361    7484    7553    7932    8203    8029    
43     2012 7271    7928    6587    8157    6458    6733    7670    8326    8114    6987    6333    6048    6930    6897    6377    6950    7826    8230    8271    
43     2013 7779    8192    7263    8514    7383    7005    8182    8529    8768    7584    6790    7755    7717    6526    6797    8017    7758    8787    8419    
43     2014 7688    8018    7272    8123    7297    6857    8466    8577    7293    7229    7223    7435    6577    6845    7139    8427    8335    8640    8503    
43     2015 7382    8218    6734    8327    6849    6486    8075    8403    8046    7374    6797    6374    7000    6090    6384    7803    8406    8003    7965    
43     2016 7722    8132    7013    8123    7233    7083    8241    8403    7993    8006    7017    6668    7320    7045    6890    7150    8958    8590    8613    
43     2017 7620    8315    7098    8404    7080    6901    8209    8690    7857    7145    7277    6826    6497    7097    7097    7803    8184    8640    8342    
43     2018 6999    8006    6166    8037    6550    5979    7335    8348    7354    7126    6313    6203    6730    5558    5674    6553    7200    8257    8703    
43     2019 7081    7926    6358    8218    6895    6102    7469    8523    7343    7487    6010    7158    5857    6106    6335    6667    7597    8140    7716    
43     2020 -999999 7516    6167    7658    5968    6263    -999999 7926    7310    6416    5057    6403    6747    5758    6300    6737    8074    -999999 -999999 
