EUROPEAN CLIMATE ASSESSMENT & DATASET (ECA&D), file created on: 16-11-2020
THESE DATA CAN BE USED FOR NON-COMMERCIAL RESEARCH AND EDUCATION PROVIDED THAT THE FOLLOWING SOURCE IS ACKNOWLEDGED: 

Klein Tank, A.M.G. and Coauthors, 2002. Daily dataset of 20th-century surface
air temperature and precipitation series for the European Climate Assessment.
Int. J. of Climatol., 22, 1441-1453.
Data and metadata available at http://www.ecad.eu

FILE FORMAT (MISSING VALUE CODE = -999999):

THIS FILE HOLDS DATA FOR STATION IRELAND                                  MALIN HEAD                               (STAID:    122)
LATITUDE: dd:mm:ss +55:22:18
LONGITUDE: ddd:mm:ss -007:20:24
ELEVATION: m   21

DATA IS FOR INDEX Mean of daily average relative humidity (RH) with unit 0.01 Relative humidity (%)

01-06 SOUID: Source identifier
08-11 YEAR : YYYY
13-20 ANNUAL DATA VALUES
21-28 WINTER HALF YEAR DATA VALUES
29-36 SUMMER HALF YEAR DATA VALUES
37-44 WINTER (DJF) DATA VALUES
45-52 SPRING (MAM) DATA VALUES
53-60 SUMMER (JJA) DATA VALUES
61-68 AUTUMN (SON) DATA VALUES
69-76 JANUARY DATA VALUES
etc. 
157-164 DECEMBER DATA VALUES

122    1955 -999999 -999999 -999999 -999999 -999999 8412    8392    -999999 -999999 -999999 -999999 7780    8220    8590    8419    8233    8400    8543    8113    
122    1956 8212    8232    8221    8177    7885    8365    8221    8539    7859    7926    7803    7923    8303    8503    8287    8507    8074    8087    8706    
122    1957 8154    8258    8143    8281    8098    8297    8124    8142    7964    8542    7970    7777    7480    8758    8626    8223    8219    7927    8171    
122    1958 8292    8116    8350    8259    7935    8507    8490    8390    8211    7784    8030    7994    8630    8477    8416    8560    8348    8567    8103    
122    1959 8108    8221    8077    8088    8076    8215    7944    7848    8336    8148    8043    8035    7897    8432    8306    7730    7803    8303    8423    
122    1960 8211    8085    8219    8174    8070    8336    8223    8155    7928    7894    8273    8048    8147    8400    8455    7983    8223    8463    8552    
122    1961 8290    8387    8301    8437    8258    8322    8364    8326    8432    8335    8457    7987    8033    8542    8381    8403    8410    8277    7916    
122    1962 8224    8166    8183    8191    7977    8246    8362    8513    8139    7742    8097    8097    7937    8481    8310    8167    8403    8513    8281    
122    1963 8122    8099    8264    7762    8238    8330    8386    7429    7557    8371    8150    8190    8253    8268    8468    8253    8423    8480    7590    
122    1964 8267    8122    8350    7912    8135    8451    8326    8355    7783    8090    8130    8184    8227    8471    8648    8433    8342    8203    8306    
122    1965 8156    8107    8277    8100    8000    8292    8254    8045    7932    7797    8030    8174    8513    8206    8165    8580    8529    7643    8235    
122    1966 8176    8153    8199    8164    7953    8403    8078    7958    8314    8235    7763    7855    8643    8323    8252    8363    8010    7863    8548    
122    1967 8200    8129    8234    8324    8018    8270    8282    8294    8111    7935    8113    8010    8240    8248    8319    8480    8135    8237    8274    
122    1968 8139    8236    8120    8235    7979    8277    8198    8413    8003    8335    7610    7981    8147    8271    8410    8290    8406    7890    7884    
122    1969 8157    8126    8111    8142    8040    8109    8203    8584    7939    8029    7737    8345    7903    8197    8219    8253    8358    7993    8284    
122    1970 8240    8166    8346    8252    8045    8473    8307    8494    7950    7894    7837    8397    8270    8445    8697    8417    8297    8207    7939    
122    1971 8259    8191    8295    8170    8096    8471    8227    8219    8371    8132    8113    8042    8310    8377    8719    8200    8313    8167    8152    
122    1972 8355    8266    8439    8264    8337    8541    8186    8381    8259    8319    8403    8290    8200    8755    8658    8313    8194    8050    8423    
122    1973 8262    8246    8287    8469    7984    8452    8170    8590    8386    7842    7893    8213    8213    8690    8445    8250    8306    7950    8348    
122    1974 8132    8224    8052    8362    7912    8166    8088    8352    8389    8006    7900    7829    8010    8287    8197    8087    7845    8340    8355    
122    1975 8212    8153    8229    8338    8014    8324    8169    8419    8229    7745    8407    7903    7980    8526    8455    8097    8194    8217    8374    
122    1976 8233    8171    8210    8229    8025    8317    8353    8277    8021    7935    7923    8213    8457    8439    8061    8167    8468    8420    8406    
122    1977 8192    8296    8171    8284    7913    8362    8178    8084    8371    8039    8003    7700    8207    8610    8265    8240    8323    7967    8500    
122    1978 8306    8237    8404    8269    8217    8546    8293    8239    8046    8319    8077    8252    8200    8697    8729    8453    8313    8113    8197    
122    1979 8181    7960    8366    7907    8013    8550    8268    8129    7339    7613    8307    8129    8507    8735    8406    8107    8487    8203    8135    
122    1980 8196    8280    8272    8347    7859    8485    8067    8261    8666    7948    8230    7410    8530    8377    8548    8553    7890    7763    8219    
122    1981 8264    8060    8403    8209    8188    8515    8176    8329    8064    8087    7943    8526    8370    8565    8606    8390    7852    8297    8113    
122    1982 8267    8195    8242    8287    7974    8461    8235    8365    8393    8174    8103    7648    8537    8468    8381    8323    8216    8167    8445    
122    1983 8266    8225    8327    8150    8234    8534    8153    8313    7643    8506    7943    8242    8483    8619    8497    8163    8113    8183    8413    
122    1984 8199    8221    8133    8332    7778    8489    8191    8065    8531    8042    7537    7748    8523    8494    8452    8037    8184    8353    8435    
122    1985 8167    8098    8374    8019    8076    8451    8175    7852    7743    7994    8217    8023    8097    8703    8542    8657    8174    7693    8271    
122    1986 8055    7875    8186    7771    7993    8371    8113    8132    6818    8052    7780    8142    8233    8581    8294    8070    8145    8123    8165    
122    1987 8244    8095    8362    8071    8196    8590    8121    7955    8096    8084    8350    8158    8417    8787    8561    7883    8290    8183    8142    
122    1988 8248    8232    8258    8189    8041    8517    8171    8284    8138    8348    8103    7674    8557    8526    8471    8223    8258    8030    8348    
122    1989 8059    8106    8003    8118    7801    8240    8148    8139    7839    7994    7800    7610    7933    8510    8268    7887    8490    8057    8139    
122    1990 8073    8143    8104    8108    8016    8215    7982    8265    7900    7981    8010    8058    8103    8065    8474    7907    8181    7853    8048    
122    1991 8283    8166    8311    8134    8333    8428    8152    8290    8057    8548    7787    8645    8317    8655    8310    8133    8229    8090    8284    
122    1992 8196    8270    8172    8333    8092    8289    8036    8513    8193    8300    7947    8026    8427    8235    8210    8187    7887    8040    8377    
122    1993 8203    8102    8373    8270    8201    8448    7977    8061    8382    7887    8600    8129    8610    8445    8294    8170    7765    8003    8129    
122    1994 8159    8023    8136    8102    7904    8314    8299    8177    7989    8071    8120    7529    8350    8297    8297    8230    8210    8460    8184    
122    1995 8059    8146    8162    8086    7959    8280    8127    8026    8043    7955    8190    7739    8317    8310    8216    8207    8152    8023    7542    
122    1996 8027    7878    8133    7766    7838    8273    8158    7929    7831    7790    8027    7703    7920    8387    8500    8253    8335    7880    7755    
122    1997 8221    8031    8282    7903    8246    8380    8193    7906    8064    8242    8273    8223    8063    8752    8316    8050    8152    8380    8210    
122    1998 8243    8246    8352    8211    8225    8484    8087    8135    8296    8313    7840    8510    8380    8558    8510    8297    7810    8163    8103    
122    1999 8204    8050    8318    8179    8025    8387    8181    8377    8043    7806    8117    8155    8257    8616    8284    8477    7990    8083    8232    
122    2000 8323    8202    8319    8214    8184    8443    8433    8335    8066    8494    7930    8119    8223    8539    8561    8533    8252    8520    8281    
122    2001 8283    8237    8354    8266    8138    8413    8388    8419    8079    7865    8287    8268    8177    8684    8371    8330    8477    8353    8068    
122    2002 8425    8379    8464    8423    8164    8665    8382    8839    8357    8174    7897    8413    8507    8694    8790    8467    8200    8487    8255    
122    2003 8228    8203    8287    8197    8062    8398    8166    8100    8239    7948    7933    8300    8287    8535    8368    8290    7855    8363    8513    
122    2004 8425    8304    8472    8454    8366    8541    8400    8687    8141    8258    8453    8390    8470    8410    8742    8360    8229    8617    8329    
122    2005 8413    8365    8422    8283    8249    8622    8374    8323    8189    8494    8080    8168    8650    8687    8529    8413    8477    8227    8694    
122    2006 8216    8293    8186    8314    7971    8311    8357    8377    7825    8113    7867    7929    8183    8316    8429    8390    8542    8133    8445    
122    2007 8216    8249    8301    8251    8023    8530    8180    8074    8232    8065    8140    7868    8503    8606    8481    8207    8177    8157    8084    
122    2008 8192    8122    8237    8186    7862    8435    8251    8410    8055    7848    7917    7823    7917    8577    8794    8380    7971    8410    8190    
122    2009 8300    8285    8284    8340    8241    8287    8340    8445    8389    8316    8260    8148    8160    8245    8452    8437    8271    8313    8168    
122    2010 -999999 8196    -999999 8208    7938    -999999 -999999 8203    8257    7971    7880    7963    -999999 -999999 -999999 -999999 -999999 -999999 -999999 
122    2011 -999999 -999999 -999999 -999999 -999999 -999999 -999999 -999999 -999999 -999999 -999999 -999999 -999999 -999999 -999999 -999999 -999999 -999999 -999999 
122    2012 -999999 -999999 -999999 -999999 -999999 -999999 -999999 -999999 -999999 -999999 -999999 -999999 -999999 -999999 -999999 -999999 -999999 -999999 -999999 
122    2013 8016    -999999 8078    -999999 7674    8284    7976    8445    7925    7452    7450    8113    8283    8477    8090    8040    8087    7797    8013    
122    2014 8180    8085    8156    8166    8128    8128    8276    8297    8189    8126    7937    8316    8293    8123    7974    8293    8058    8483    8081    
122    2015 8132    8165    8138    8179    7988    8235    8079    8110    8364    7926    8053    7987    8187    8252    8265    8083    8065    8090    8223    
122    2016 8071    8042    8186    8090    7833    8395    8004    8239    7790    7829    7723    7942    8583    8248    8358    8263    7890    7863    8113    
122    2017 8073    8029    8039    8130    7910    8137    8079    8184    8089    8035    7783    7906    8140    8135    8135    8133    8261    7837    8219    
122    2018 8070    8046    8046    8106    7886    8192    7975    8290    7775    7858    8003    7800    8260    8061    8258    7893    7987    8043    8577    
122    2019 8064    8127    8101    8236    7812    8316    7993    8194    7904    8032    7750    7652    8220    8416    8310    8257    7777    7953    8290    
122    2020 -999999 8022    8240    8195    7812    8562    -999999 8255    8028    7826    7867    7745    8617    8410    8661    8137    -999999 -999999 -999999 
