EUROPEAN CLIMATE ASSESSMENT & DATASET (ECA&D), file created on: 16-11-2020
THESE DATA CAN BE USED FOR NON-COMMERCIAL RESEARCH AND EDUCATION PROVIDED THAT THE FOLLOWING SOURCE IS ACKNOWLEDGED: 

Klein Tank, A.M.G. and Coauthors, 2002. Daily dataset of 20th-century surface
air temperature and precipitation series for the European Climate Assessment.
Int. J. of Climatol., 22, 1441-1453.
Data and metadata available at http://www.ecad.eu

FILE FORMAT (MISSING VALUE CODE = -999999):

THIS FILE HOLDS DATA FOR STATION RUSSIAN FEDERATION                       UST'-CIL'MA                              (STAID:    102)
LATITUDE: dd:mm:ss +65:25:59
LONGITUDE: ddd:mm:ss +052:16:00
ELEVATION: m   78

DATA IS FOR INDEX Mean of daily average relative humidity (RH) with unit 0.01 Relative humidity (%)

01-06 SOUID: Source identifier
08-11 YEAR : YYYY
13-20 ANNUAL DATA VALUES
21-28 WINTER HALF YEAR DATA VALUES
29-36 SUMMER HALF YEAR DATA VALUES
37-44 WINTER (DJF) DATA VALUES
45-52 SPRING (MAM) DATA VALUES
53-60 SUMMER (JJA) DATA VALUES
61-68 AUTUMN (SON) DATA VALUES
69-76 JANUARY DATA VALUES
etc. 
157-164 DECEMBER DATA VALUES

102    1936 7928    -999999 7358    -999999 7078    7336    8895    8345    8041    7648    6427    7139    6367    7684    7926    8583    8926    9173    8848    
102    1937 7953    8710    7325    8789    7161    7263    8696    8916    8582    7819    7023    6635    6663    7423    7684    8527    9010    8540    8639    
102    1938 7871    8452    7290    8396    7259    7107    8862    8429    8089    7974    7190    6610    6307    7045    7942    8653    8819    9113    8294    
102    1939 8071    8402    7590    8271    7283    7576    8920    8239    8282    7677    7233    6935    6923    7600    8184    8667    8935    9157    9026    
102    1940 7974    8706    7342    8576    7467    7122    8907    8384    8300    8423    6953    7010    6220    7097    8019    8750    8671    9307    8555    
102    1941 7936    8379    7568    8234    7237    7488    9013    8023    8114    7606    7117    6984    7913    6755    7810    8867    9197    8970    7926    
102    1942 8097    8396    7720    8244    7322    7720    8779    8332    8500    7477    7843    6661    6750    7990    8387    8690    9113    8523    8916    
102    1943 8067    8652    7409    8773    7365    7088    8998    8681    8718    7961    7733    6413    6780    6171    8303    9100    8945    8950    9116    
102    1944 8492    8991    7879    9264    7701    7883    9076    9310    9372    8274    7560    7265    7233    7906    8487    8820    9116    9290    9297    
102    1945 8430    8997    7881    9156    7579    7774    9335    9239    8907    8132    7613    6994    6777    8271    8242    9393    9410    9200    9010    
102    1946 8321    9006    7642    9003    7810    7537    8785    9335    8629    8423    7750    7255    7613    7048    7952    8257    9039    9050    9516    
102    1947 7953    8709    7495    8799    7595    7284    8482    8623    8200    7790    7430    7558    6610    7587    7632    8140    8694    8607    8561    
102    1948 7701    8294    7167    8251    6925    7297    8464    8190    7983    7719    7043    6016    6530    7358    7977    8080    8726    8577    8210    
102    1949 7702    8118    7351    8121    6804    7440    8464    8448    7661    7055    6720    6635    7053    7148    8106    8450    8555    8383    8200    
102    1950 7950    8295    7558    8212    7438    7516    8525    7958    8507    8187    7127    6990    6837    7687    8003    8707    8748    8113    8552    
102    1951 7847    8225    7396    8386    7035    7283    8675    8555    8014    7345    7133    6629    6603    7652    7571    8797    8690    8537    8648    
102    1952 7753    8202    7368    8343    6972    7175    8609    8652    7686    6974    7413    6542    6387    7103    8010    8767    8535    8527    8435    
102    1953 7818    8286    7131    8271    6932    7166    8641    8361    7989    7845    6563    6374    6193    7384    7890    8373    8629    8920    9265    
102    1954 7920    8544    7326    8692    7105    7145    9087    8526    8243    7665    7350    6310    7060    6619    7752    8907    9339    9007    8316    
102    1955 7849    8576    7273    8551    7087    7140    8702    8729    8614    7468    6713    7068    6533    6906    7961    8453    8784    8867    8139    
102    1956 7996    8354    7521    8084    7265    7593    8825    8148    7955    8219    6730    6829    6393    7858    8490    8807    8910    8757    8806    
102    1957 7928    8590    7327    8716    7277    7092    8737    8739    8589    7742    7150    6935    7060    6761    7455    8627    9155    8417    8555    
102    1958 7767    8381    7207    8370    7072    7166    8666    8287    8257    7606    6423    7165    6677    6790    8016    8157    9142    8683    8013    
102    1959 7938    8439    7311    8338    7189    7103    9029    8619    8386    7794    7097    6674    6863    6871    7568    8823    8910    9357    8345    
102    1960 7769    8413    7085    8142    6897    6861    8930    8048    8024    7797    6673    6213    6837    6455    7290    9083    8939    8767    9123    
102    1961 8134    8810    7516    9014    7672    7184    8863    8955    8961    8129    7273    7600    6750    6574    8213    8731    9248    8593    8645    
102    1962 8103    8680    7528    8656    7343    7537    8914    8690    8629    8265    7087    6671    6997    7432    8165    8827    8819    9100    8597    
102    1963 7904    8383    7509    8298    6913    7771    8749    8187    8089    7500    6453    6771    7220    7877    8197    8527    8900    8817    8306    
102    1964 7755    8335    7279    8216    7149    7064    8625    8145    8197    7652    6993    6797    6300    7165    7703    8720    8852    8297    8242    
102    1965 8001    8349    7490    8269    7167    7628    8754    8152    8429    8129    6293    7052    6700    7655    8500    8717    9019    8517    8829    
102    1966 7988    8416    7681    8207    7713    7491    8852    7929    7825    8326    7830    6987    7130    7177    8155    8833    8858    8863    7955    
102    1967 7870    8370    7172    8173    7389    6860    8853    8284    8293    7977    7250    6935    6253    6894    7413    8297    9097    9157    8610    
102    1968 7819    8529    7465    8319    7334    7439    8293    8087    8255    7971    7113    6910    6750    7513    8032    8470    7977    8443    -999999 
102    1969 7685    -999999 7448    -999999 6900    7684    8388    7597    7461    7223    6830    6645    7163    7397    8474    8173    8494    8493    8245    
102    1970 7622    8169    7003    8196    7020    6784    8465    8129    8214    7452    6610    6984    5980    6761    7584    8087    8787    8510    8384    
102    1971 7683    8060    7352    8022    7011    7298    8400    8239    7382    7010    7183    6845    6920    6616    8345    8213    8445    8540    8435    
102    1972 7804    8330    7186    8347    7458    6810    8590    8197    8414    7961    7433    6977    6710    6232    7484    8307    8858    8597    8510    
102    1973 7685    8250    7109    8150    7009    6932    8656    7861    8071    7597    6863    6561    6487    6626    7668    8467    8797    8700    8548    
102    1974 7839    8486    7279    8317    7680    6902    8523    8168    8225    8461    7420    7152    6177    6581    7926    8423    8687    8453    8410    
102    1975 8101    8449    7575    8443    7636    7492    8733    8542    8371    8226    7390    7284    7220    7252    7997    8313    8835    9047    8745    
102    1976 7917    8530    7322    8507    7259    7211    8677    8439    8324    7794    7030    6945    6997    6755    7874    8347    8758    8923    8839    
102    1977 7843    8591    7198    8588    7222    7142    8519    8558    8343    8113    6787    6752    6343    6768    8290    8240    8416    8903    8619    
102    1978 7993    8542    7479    8523    7334    7539    8710    8742    8175    8371    7210    6416    6683    7587    8319    8660    8568    8907    8274    
102    1979 8062    8455    7625    8442    7409    7688    8603    8603    8450    7942    7190    7087    7037    7371    8635    8423    8629    8757    8626    
102    1980 7730    8242    7320    8289    7078    7210    8388    8003    8234    7219    7197    6823    6213    7523    7861    8293    8142    8737    8529    
102    1981 7919    8291    7445    8554    6912    7451    8811    8516    8625    7242    6970    6526    6913    7645    7777    8853    8726    8857    8442    
102    1982 7812    8351    7305    8198    7204    7430    8391    7829    8336    7929    7213    6471    7420    7152    7719    7873    8490    8807    8558    
102    1983 8159    8635    7508    8656    7434    7520    8974    8574    8854    8555    7547    6203    6797    7342    8397    8780    9232    8900    8777    
102    1984 7931    8504    7558    8352    7403    7448    8605    8552    7683    7842    7490    6881    6567    7497    8252    8667    8661    8487    8565    
102    1985 7755    8217    7286    8107    7479    6940    8586    7961    7761    7832    7453    7152    5677    7187    7916    8317    8865    8567    8342    
102    1986 7902    8317    7549    8278    7291    7533    8684    8448    8018    7642    7410    6826    6350    8126    8084    8487    8887    8670    7865    
102    1987 7740    8219    7401    7991    7161    7527    8191    7787    8357    7777    6813    6881    6850    7952    7758    8137    8216    8220    8165    
102    1988 7634    8121    7008    8222    7103    6757    8359    8239    8266    7635    6960    6710    6087    6926    7235    8133    8487    8453    8487    
102    1989 7783    8326    7179    8366    6987    7129    8818    8310    8293    7926    6597    6426    6120    7732    7503    8690    9152    8600    8058    
102    1990 7720    8174    7346    7840    7024    7437    8465    7403    8082    7752    6383    6916    6833    7265    8194    8477    8474    8443    8432    
102    1991 7776    8166    7352    8172    7058    7330    8607    7942    8139    7574    7230    6374    6803    7300    7871    8550    8587    8683    8297    
102    1992 7805    8251    7326    8190    6988    7253    8730    8090    8183    7674    6300    6968    6463    6848    8423    8947    8768    8473    8510    
102    1993 7893    8377    7427    8287    7390    7261    8691    8223    8111    8158    7003    6997    6387    6935    8432    8803    8774    8493    8394    
102    1994 7904    8557    7302    8519    7499    7210    8337    8658    8504    8510    7190    6787    6660    7116    7835    8230    8552    8223    8603    
102    1995 7677    8190    7177    8486    6472    7398    8547    8174    8700    6939    6387    6087    6620    7565    7984    8413    8410    8823    8106    
102    1996 7666    8102    7183    8116    6529    7545    8376    8590    7621    7055    6497    6035    6990    7400    8226    7943    8581    8597    8435    
102    1997 7635    8186    7193    8073    7243    7026    8375    7894    7871    7723    7060    6942    6087    7116    7845    8097    8658    8360    7955    
102    1998 7625    8077    7321    8041    6943    7287    8357    8561    7561    7329    6857    6642    6553    6755    8529    8590    8565    7910    7623    
102    1999 7581    7617    7240    7399    6761    7311    8521    7306    7242    7003    6350    6916    6570    7287    8052    8250    8942    8357    8613    
102    2000 7992    8415    7440    8385    7333    7290    8920    8026    8524    8032    7470    6500    6667    6652    8532    8843    9281    8623    8774    
102    2001 7716    8433    7265    8337    6957    7357    8485    8565    7600    7681    6507    6668    6250    7484    8300    8360    8710    8377    8035    
102    2002 7728    8087    7339    7938    6986    7370    8688    7713    8079    7616    5973    7335    6330    7055    8690    8617    8839    8603    7877    
102    2003 7830    8196    7351    7954    7079    7491    8551    7942    8054    7861    7010    6365    7447    6768    8258    8280    8513    8860    8635    
